K072870000,10,CHF,2023-07-06
K01286ISX0,20,CHF,2023-07-24
K04611AAO0,20,CHF,2023-07-27
K04611AAR0,20,CHF,2023-07-27
K04611AAX0,20,CHF,2023-07-27
K04611AAY0,20,CHF,2023-07-27
K04611ABH0,20,CHF,2023-07-28
K11285BFG0,20,CHF,2023-07-31
K01795BXD0,20,EUR,2023-08-02
K01795BXP0,20,EUR,2023-08-02
K01795BXQ0,20,EUR,2023-08-02
K01795BYC0,20,EUR,2023-08-02
K01795BYJ0,20,EUR,2023-08-02
K01795BYM0,20,EUR,2023-08-02
K01795BYN0,20,EUR,2023-08-02
K11285BFH0,20,CHF,2023-08-07
K027680000,20,CHF,2023-08-08
K01286ITG0,20,CHF,2023-08-08
K04230AKI0,20,CHF,2023-06-02
K04230AKX0,20,CHF,2023-06-02
K035190000,20,CHF,2023-06-02
K01795BTJ0,20,EUR,2023-06-05
K01795BTR0,20,EUR,2023-06-05
K01795BUI0,20,EUR,2023-06-05
K01795BUQ0,20,EUR,2023-06-05
K01795BUT0,20,EUR,2023-06-05
K02503ADG0,20,CHF,2023-06-06
K023910000,20,CHF,2023-06-07
K01286IQS0,20,CHF,2023-06-12
K01286IQT0,20,CHF,2023-06-12
K01286IQV0,20,CHF,2023-06-12
K02151BBD0,20,CHF,2023-07-14
K02151BBF0,20,CHF,2023-07-14
K081140000,20,CHF,2023-07-18
K01286ISP0,20,CHF,2023-07-24
K124390000,20,CHF,2023-08-18
K01286ITW0,20,CHF,2023-08-28
K01286ITY0,20,CHF,2023-08-28
K107840000,20,CHF,2023-08-28
K04230ALN0,20,CHF,2023-08-29
K04230AMB0,20,CHF,2023-08-29
K13600ABJ0,20,CHF,2023-09-01
K01286IUR0,20,CHF,2023-09-04
K01795BYZ0,20,EUR,2023-09-04
K01795CAF0,20,EUR,2023-09-05
K01795CAI0,20,EUR,2023-09-05
K02503ADM0,20,CHF,2023-09-05
K045720000,20,CHF,2023-10-17
K999130000,20,CHF,2023-10-19
K01286IWR0,20,CHF,2023-10-20
K01286IXF0,20,CHF,2023-10-25
K01286IYA0,20,CHF,2023-10-25
K01286IYF0,20,CHF,2023-10-25
K11285BFJ0,20,CHF,2023-08-09
K11285BFM0,20,CHF,2023-08-09
K11285BFS0,20,CHF,2023-09-06
K11285BFU0,20,CHF,2023-09-06
K02151BBM0,20,CHF,2023-09-08
K01286IVE0,20,CHF,2023-09-18
K02151BBQ0,20,CHF,2023-09-22
K038800000,20,CHF,2023-09-29
K06728AAC0,20,CHF,2023-10-02
K06728AAE0,20,CHF,2023-10-02
K06728AAP0,20,CHF,2023-10-02
K06728AAR0,20,CHF,2023-10-02
K04230ANK0,20,CHF,2023-10-02
K04230ANL0,20,CHF,2023-10-02
K01795CAQ0,20,EUR,2023-10-03
K01795CAR0,20,EUR,2023-10-03
K02503ADR0,20,CHF,2023-10-04
K042330000,10,CHF,2023-10-04
K01795CBA0,20,EUR,2023-10-04
K01795CBD0,20,EUR,2023-10-04
K01795CBV0,20,EUR,2023-10-04
K04611ACI0,20,CHF,2023-10-05
K17719BDL0,20,CHF,2023-10-10
K17719BED0,20,CHF,2023-11-29
K01286IZD0,20,CHF,2023-11-30
K04230AOM0,20,CHF,2023-12-01
K04230AOR0,20,CHF,2023-12-01
K04230AOV0,20,CHF,2023-12-01
K04230AOY0,20,CHF,2023-12-01
K04230AOZ0,20,CHF,2023-12-01
K04230APH0,20,CHF,2023-12-01
K01286IZL0,20,CHF,2023-12-04
K01286IZT0,20,CHF,2023-12-04
K01286IZU0,20,CHF,2023-12-04
K11285BGF0,20,CHF,2023-10-30
K13600ABN0,20,CHF,2023-10-30
K038990000,20,CHF,2023-11-06
K028270000,20,CHF,2023-12-18
K01286JBM0,20,CHF,2023-12-18
K01286JBS0,20,CHF,2023-12-18
K01286JBT0,20,CHF,2023-12-18
K01286JCC0,20,CHF,2023-12-18
K061110000,20,CHF,2023-12-21
K028360000,20,CHF,2023-12-22
K100520000,10,CHF,2023-12-22
K028410000,20,CHF,2024-01-03
K01795CFQ0,20,EUR,2024-01-03
K01795CGG0,20,EUR,2024-01-03
K13600ABO0,20,CHF,2024-01-05
K04230APM0,20,CHF,2024-01-05
K01286JCI0,20,CHF,2024-01-08
K01286JAA0,20,CHF,2023-12-04
K01286JAE0,20,CHF,2023-12-04
K01795CCY0,20,EUR,2023-12-04
K01795CDA0,20,EUR,2023-12-04
K01795CDJ0,20,EUR,2023-12-04
K01795CDW0,20,EUR,2023-12-05
K01795CEJ0,20,EUR,2023-12-05
K01795CEO0,20,EUR,2023-12-05
K01795CEP0,20,EUR,2023-12-05
K01795CFB0,20,EUR,2023-12-05
K01795CFE0,20,EUR,2023-12-05
K01286JAO0,20,CHF,2023-12-07
K01286JAP0,20,CHF,2023-12-07
K01286JAR0,20,CHF,2023-12-07
K01286JBE0,20,CHF,2023-12-07
K01286JBF0,20,CHF,2023-12-07
K02151BBX0,20,CHF,2024-01-11
K02151BBZ0,20,CHF,2024-01-12
K01286JDB0,20,CHF,2024-01-08
K01286JDE0,20,CHF,2024-01-08
K092970000,90,CHF,2024-02-19
K01286JEU0,20,CHF,2024-02-19
K01286JFH0,20,CHF,2024-02-23
K01286JFL0,20,CHF,2024-02-23
K01286JFN0,20,CHF,2024-02-23
K01286JFY0,20,CHF,2024-02-23
K04611ADF0,20,CHF,2024-02-23
K01286JGG0,20,CHF,2024-02-26
K171870000,20,CHF,2024-02-26
K053220000,20,CHF,2024-02-28
K02151BCL0,20,CHF,2024-02-28
K02151BCN0,20,CHF,2024-02-29
K04230AQT0,20,CHF,2024-03-01
K04230AQU0,20,CHF,2024-03-01
K04230AQZ0,20,CHF,2024-03-01
K04611ADH0,20,CHF,2024-03-04
K04611ADJ0,20,CHF,2024-03-04
K01286JGN0,20,CHF,2024-03-04
K01286JGW0,20,CHF,2024-03-04
K01795CIL0,20,EUR,2024-03-05
K01795CIV0,20,EUR,2024-03-05
K01286JDG0,20,CHF,2024-01-12
K17719BER0,20,CHF,2024-01-15
K01448DXQ0,90,CHF,2013-03-25
K04611ACV0,20,CHF,2024-01-22
K028760000,20,CHF,2024-01-23
K102700000,20,CHF,2024-01-23
K01286JDZ0,20,CHF,2024-01-31
K04230AQD0,20,CHF,2024-02-01
K04230AQL0,20,CHF,2024-02-02
K01795CGR0,20,EUR,2024-02-05
K01795CGS0,20,EUR,2024-02-05
K01795CGT0,20,EUR,2024-02-05
K01795CHJ0,20,EUR,2024-02-05
K01795CHL0,20,EUR,2024-02-05
K01795CHS0,20,EUR,2024-02-05
K01795CHT0,20,EUR,2024-02-05
K01795CHU0,20,EUR,2024-02-05
K01795CIF0,20,EUR,2024-02-05
K01795CIB0,20,EUR,2024-02-05
K01795CIE0,20,EUR,2024-02-05
K01795CIK0,20,EUR,2024-02-05
K076930000,20,CHF,2024-02-05
K02503AEA0,20,CHF,2024-02-06
K17719BEW0,20,CHF,2024-02-12
K17719BEX0,20,CHF,2024-02-12
K02151BCF0,20,CHF,2024-02-12
K04611ADC0,20,CHF,2024-02-13
K01286JID0,20,CHF,2024-04-04
K01795CJE0,20,EUR,2024-03-05
K17719BFJ0,20,CHF,2024-03-08
K02503AED0,20,CHF,2024-03-09
K02151BCP0,20,CHF,2024-03-11
K02151BCS0,20,CHF,2024-03-11
K02151BCT0,20,CHF,2024-03-11
K01286JHD0,20,CHF,2024-03-11
K04605AAF0,20,CHF,2024-03-11
K17719BFL0,20,CHF,2024-03-14
K01286JHF0,20,CHF,2024-03-18
K04230ARQ0,20,CHF,2024-03-18
K01286JHU0,20,CHF,2024-03-18
K02151BCZ0,20,CHF,2024-03-21
K028980000,20,CHF,2024-03-21
K110510000,20,CHF,2024-03-25
K178820000,20,CHF,2024-03-27
K11285BGX0,20,CHF,2024-04-24
K01795CKB0,20,EUR,2024-04-06
K01795CKI0,20,EUR,2024-04-06
K01795CKL0,20,EUR,2024-04-06
K01795CLA0,20,EUR,2024-04-06
K01795CLB0,20,EUR,2024-04-06
K01795CLD0,20,EUR,2024-04-06
K01795CLJ0,20,EUR,2024-04-06
K01795CLZ0,20,EUR,2024-04-08
K13600ABY0,20,CHF,2024-04-10
K13600ABZ0,20,CHF,2024-04-10
K01286JII0,20,CHF,2024-04-10
K124810000,20,CHF,2024-04-10
K01286JIQ0,20,CHF,2024-04-11
K01286JIS0,20,CHF,2024-04-15
K01286JIT0,20,CHF,2024-04-15
K01286JJG0,20,CHF,2024-04-16
K01286JJH0,20,CHF,2024-04-16
K04605AAT0,20,CHF,2024-05-21
K04605AAU0,20,CHF,2024-05-21
K17719BGJ0,20,CHF,2024-05-21
K04605AAV0,20,CHF,2024-05-23
K02151BDO0,20,CHF,2024-04-24
K02151BDQ0,20,CHF,2024-04-24
K02151BDS0,20,CHF,2024-04-24
K17719BFU0,20,CHF,2024-04-26
K17719BFV0,20,CHF,2024-04-29
K04611ADT0,20,CHF,2024-05-02
K04230ATD0,20,CHF,2024-05-02
K04230ATG0,20,CHF,2024-05-02
K110530000,20,CHF,2024-05-03
K02503AEN0,20,CHF,2024-05-03
K01795CMT0,20,EUR,2024-05-03
K01795CMU0,20,EUR,2024-05-03
K076840000,20,CHF,2024-05-07
K04605AAS0,20,CHF,2024-05-08
K110540000,20,CHF,2024-05-10
K104620000,20,CHF,2024-06-12
K01286JLU0,20,CHF,2024-06-17
K01286JMH0,20,CHF,2024-06-17
K01286JML0,20,CHF,2024-06-19
K01286JNB0,20,CHF,2024-06-21
K01286JNJ0,20,CHF,2024-06-21
K01286JNK0,20,CHF,2024-06-21
K01286JNL0,20,CHF,2024-06-21
K01286JNM0,20,CHF,2024-06-21
K01286JNR0,20,CHF,2024-06-21
K120690000,20,CHF,2024-05-27
K01286JLE0,20,CHF,2024-05-28
K04230ATP0,20,CHF,2024-06-03
K04230ATU0,20,CHF,2024-06-03
K17719BGM0,20,CHF,2024-06-03
K04230ATY0,20,CHF,2024-06-03
K04230AUA0,20,CHF,2024-06-03
K01795CNQ0,20,EUR,2024-06-04
K01795CNR0,20,EUR,2024-06-04
K01795COJ0,20,EUR,2024-06-05
K01795COK0,20,EUR,2024-06-05
K01795COL0,20,EUR,2024-06-05
K01795COP0,20,EUR,2024-06-05
K01795COS0,20,EUR,2024-06-05
K01795COY0,20,EUR,2024-06-05
K17719BGO0,20,CHF,2024-06-05
K17719BGP0,20,CHF,2024-06-05
K034130000,90,EUR,2016-02-29
K01530AQJ0,90,CHF,2015-03-09
K01448ENO0,90,CHF,2014-03-25
K01530ARM0,90,CHF,2015-07-06
K01286HUB0,20,CHF,2021-11-29
K060370000,20,CHF,2021-10-04
K01286HSE0,20,CHF,2021-10-07
K01286HSG0,20,CHF,2021-10-07
K01286HSH0,20,CHF,2021-10-07
K039810000,20,CHF,2021-10-08
K07393BPC0,90,EUR,2021-10-08
K040330000,20,CHF,2021-11-04
K02151AZT0,20,CHF,2021-11-09
K02151AZU0,20,CHF,2021-11-09
K019350000,20,CHF,2021-11-10
K083050000,90,CHF,2021-11-11
K019550000,20,CHF,2021-11-17
K019580000,20,CHF,2021-11-18
K01286HTR0,20,CHF,2021-11-18
K126450000,20,CHF,2021-12-14
K01286HUU0,20,CHF,2021-12-20
K01286HUZ0,20,CHF,2021-12-20
K01286HVA0,20,CHF,2021-12-20
K01286HVV0,20,CHF,2022-01-24
K11285BAA0,20,CHF,2022-01-26
K136430000,20,CHF,2022-01-28
K136450000,20,CHF,2022-01-31
K136610000,20,CHF,2022-02-04
K060640000,20,CHF,2022-02-04
K125990000,20,CHF,2021-12-06
K11285AZN0,20,CHF,2021-12-09
K019870000,20,CHF,2021-12-09
K019880000,20,CHF,2021-12-10
K019890000,10,CHF,2021-12-10
K02151AZX0,20,CHF,2022-01-19
K02151AZZ0,20,CHF,2022-01-19
K135840000,20,CHF,2022-01-21
K01286HVT0,20,CHF,2022-01-24
K11285BAJ0,20,CHF,2022-02-15
K094040000,90,CHF,2022-02-17
K060710000,20,CHF,2022-02-21
K060760000,20,CHF,2022-02-25
K17719AXT0,20,CHF,2022-02-28
K01286HXE0,20,CHF,2022-03-01
K01286HXK0,20,CHF,2022-03-07
K02503ACC0,20,CHF,2022-03-08
K060820000,20,CHF,2022-03-08
K060840000,20,CHF,2022-03-09
K01795AAI0,20,EUR,2022-03-11
K02503ACB0,20,CHF,2022-02-07
K11285BAD0,20,CHF,2022-02-07
K01286HWE0,20,CHF,2022-02-08
K01286HWJ0,20,CHF,2022-02-08
K01286HWN0,20,CHF,2022-02-08
K104860000,20,CHF,2022-02-09
K17719AXX0,20,CHF,2022-03-22
K060930000,20,CHF,2022-03-24
K01286HYE0,20,CHF,2022-03-28
K01286HYJ0,20,CHF,2022-03-28
K059220000,20,CHF,2022-03-31
K01286HYP0,20,CHF,2022-04-04
K02503ACF0,20,CHF,2022-04-04
K01795AGB0,90,EUR,2022-04-05
K01795AGG0,20,EUR,2022-04-05
K01795AHA0,20,EUR,2022-04-05
K01795AHB0,20,EUR,2022-04-05
K01795AHG0,20,EUR,2022-04-05
K01795AHX0,20,EUR,2022-04-06
K01795AIE0,20,EUR,2022-04-06
K01795AIF0,20,EUR,2022-04-06
K01795AAQ0,20,EUR,2022-03-11
K01795AAU0,20,EUR,2022-03-15
K01795ABF0,20,EUR,2022-03-15
K01795ABY0,20,EUR,2022-03-15
K01795ACA0,20,EUR,2022-03-15
K01795ACJ0,20,EUR,2022-03-15
K01795ACS0,20,EUR,2022-03-16
K01795ACW0,20,EUR,2022-03-16
K01795ADZ0,20,EUR,2022-03-16
K01795AEH0,20,EUR,2022-03-16
K01795AEI0,20,EUR,2022-03-16
K01795AFA0,20,EUR,2022-03-16
K01795AFY0,20,EUR,2022-03-16
K115560000,20,CHF,2022-03-17
K01286HXP0,20,CHF,2022-03-21
K01795AIL0,20,EUR,2022-04-06
K01795AIZ0,20,EUR,2022-04-06
K01795AJM0,20,EUR,2022-04-06
K01795AJX0,20,EUR,2022-04-08
K01795AKC0,20,EUR,2022-04-08
K01795AKL0,20,EUR,2022-04-08
K17719AYI0,20,CHF,2022-05-02
K01286HZV0,20,CHF,2022-05-03
K01286HZW0,20,CHF,2022-05-03
K01795AKP0,20,EUR,2022-05-03
K01795ALG0,20,EUR,2022-05-03
K01795AMA0,20,EUR,2022-05-04
K01795AMI0,20,EUR,2022-05-04
K01795AMU0,20,EUR,2022-05-04
K01795ANE0,20,EUR,2022-05-05
K01795ANI0,20,EUR,2022-05-05
K01795ANL0,20,EUR,2022-05-05
K01795ANO0,20,EUR,2022-05-05
K118070006,20,EUR,2022-03-22
K040530000,20,CHF,2022-04-13
K17719AYG0,20,CHF,2022-04-21
K01286HYY0,20,CHF,2022-04-25
K11285BBJ0,20,CHF,2022-05-20
K01286IAV0,20,CHF,2022-06-02
K17719AYN0,20,CHF,2022-06-02
K17719AYP0,20,CHF,2022-06-02
K17719AZD0,20,CHF,2022-06-02
K01795ANZ0,20,EUR,2022-06-03
K01795AOF0,20,EUR,2022-06-03
K042100000,20,CHF,2022-06-03
K01795AOT0,20,EUR,2022-06-03
K01795AOU0,20,EUR,2022-06-03
K01795APB0,20,EUR,2022-06-07
K01795APM0,20,EUR,2022-06-07
K01795APN0,20,EUR,2022-06-07
K11285BBF0,20,CHF,2022-05-17
K01286IAB0,20,CHF,2022-05-18
K11285BBT0,20,CHF,2022-06-09
K044410000,20,CHF,2022-06-10
K01286IBK0,20,CHF,2022-06-20
K01286IBL0,20,CHF,2022-06-20
K109860000,20,CHF,2022-06-22
K04230AAA0,20,CHF,2022-06-23
K04230AAI0,20,CHF,2022-06-23
K052070000,20,CHF,2022-06-27
K023550000,20,CHF,2022-07-25
K125050000,20,CHF,2022-07-28
K01286ICJ0,20,CHF,2022-08-02
K01795AQB0,20,EUR,2022-06-07
K01795AQH0,20,EUR,2022-06-07
K01795AQX0,20,EUR,2022-06-07
K01795ARH0,20,EUR,2022-06-07
K11285BBS0,90,CHF,2022-06-09
K11285BCA0,20,CHF,2022-07-04
K088300000,20,CHF,2022-07-05
K00500AHO0,20,CHF,2022-07-06
K01795ARM0,20,EUR,2022-07-07
K01795ARO0,20,EUR,2022-07-07
K02503ACO0,20,CHF,2022-07-08
K01795ASP0,20,EUR,2022-07-08
K023150000,20,CHF,2022-07-11
K17719AZH0,20,CHF,2022-07-11
K04230ACI0,20,CHF,2022-08-16
K04230ACL0,20,CHF,2022-08-16
K04230ACP0,20,CHF,2022-08-16
K04230ACV0,20,CHF,2022-08-16
K04230ACW0,20,CHF,2022-08-16
K11285BCW0,20,CHF,2022-08-24
K02151BAF0,20,CHF,2022-08-04
K02151BAH0,20,CHF,2022-08-04
K089220000,20,CHF,2022-08-04
K192000000,10,CHF,2022-08-04
K01795ATD0,90,EUR,2022-08-05
K01795ATH0,20,EUR,2022-08-05
K01795ATJ0,20,EUR,2022-08-05
K01795ATN0,20,EUR,2022-08-05
K01795ATT0,20,EUR,2022-08-05
K01795AUL0,20,EUR,2022-08-08
K01795AUQ0,20,EUR,2022-08-08
K01795AUW0,20,EUR,2022-08-08
K01795AUY0,20,EUR,2022-08-08
K01795AVH0,20,EUR,2022-08-08
K01795AVL0,20,EUR,2022-08-08
K01795AVX0,20,EUR,2022-08-08
K04230ABO0,20,CHF,2022-08-08
K04230ABR0,20,CHF,2022-08-08
K04230ABS0,20,CHF,2022-08-08
K01286IDY0,20,CHF,2022-08-15
K17719AZR0,20,CHF,2022-08-15
K01286IFD0,20,CHF,2022-09-19
K04230ADI0,20,CHF,2022-09-02
K04230ADN0,20,CHF,2022-09-02
K04230ADO0,20,CHF,2022-09-02
K04230ADP0,20,CHF,2022-09-02
K01286IET0,20,CHF,2022-09-05
K01795AWZ0,20,EUR,2022-09-05
K01795AXB0,20,EUR,2022-09-05
K01795AXF0,20,EUR,2022-09-05
K01795AXR0,20,EUR,2022-09-05
K01795AXT0,20,EUR,2022-09-05
K014680001,20,CHF,2022-09-05
K01795AYA0,20,EUR,2022-09-06
K01795AYJ0,20,EUR,2022-09-06
K01795AZA0,20,EUR,2022-09-06
K01795AZB0,20,EUR,2022-09-06
K01795AZH0,20,EUR,2022-09-06
K01795AZQ0,20,EUR,2022-09-06
K01795AZR0,20,EUR,2022-09-06
K920090000,20,CHF,2022-09-13
K01286IFG0,20,CHF,2022-09-19
K01286IFH0,20,CHF,2022-09-19
K01286IFQ0,20,CHF,2022-09-26
K01286IFY0,20,CHF,2022-10-03
K02151BAO0,20,CHF,2022-10-04
K01795AZW0,20,EUR,2022-10-05
K01795BAK0,20,EUR,2022-10-05
K01795BAL0,20,EUR,2022-10-05
K01795BAN0,20,EUR,2022-10-05
K01795BAX0,20,EUR,2022-10-05
K01795BBA0,20,EUR,2022-10-05
K01795BBH0,20,EUR,2022-10-05
K01795BBJ0,20,EUR,2022-10-05
K01795BBO0,20,EUR,2022-10-05
K046030000,20,CHF,2022-10-05
K01795BBX0,20,EUR,2022-10-05
K04230ADU0,20,CHF,2022-10-06
K04230AEE0,20,CHF,2022-10-06
K04230AEF0,20,CHF,2022-10-06
K04230AEI0,20,CHF,2022-10-06
K04230AEL0,20,CHF,2022-10-06
K01286IGE0,20,CHF,2022-10-06
K01286IGF0,20,CHF,2022-10-06
K04230AEO0,20,CHF,2022-11-08
K04230AER0,20,CHF,2022-11-08
K17719AZZ0,20,CHF,2022-09-16
K11285BDJ0,20,CHF,2022-10-17
K01286IGG0,20,CHF,2022-10-17
K040830000,20,CHF,2022-10-18
K01286IGP0,20,CHF,2022-10-18
K040850000,20,CHF,2022-10-18
K078310000,20,CHF,2022-11-18
K01286IHZ0,20,CHF,2022-11-21
K01286IIG0,20,CHF,2022-11-21
K097470000,20,CHF,2022-11-28
K04230AFL0,20,CHF,2022-12-01
K04230AFT0,20,CHF,2022-12-01
K04230AGB0,20,CHF,2022-12-01
K01286IJC0,20,CHF,2022-12-05
K01795BFQ0,20,EUR,2022-12-06
K01795BFT0,20,EUR,2022-12-06
K01795BGK0,20,EUR,2022-12-06
K01795BGO0,20,EUR,2022-12-06
K01795BGP0,20,EUR,2022-12-06
K01795BGU0,20,EUR,2022-12-06
K01795BHK0,20,EUR,2022-12-06
K01795BHL0,20,EUR,2022-12-06
K04230AFE0,20,CHF,2022-11-08
K01286IHA0,20,CHF,2022-11-08
K01286IHD0,20,CHF,2022-11-08
K01286IHK0,20,CHF,2022-11-08
K01795BCP0,20,EUR,2022-11-08
K01795BCX0,20,EUR,2022-11-09
K01795BCZ0,20,EUR,2022-11-09
K01795BDB0,20,EUR,2022-11-09
K01795BDO0,20,EUR,2022-11-09
K01795BEC0,20,EUR,2022-11-09
K01795BEM0,20,EUR,2022-11-09
K01795BFA0,20,EUR,2022-11-09
K11285BDL0,20,CHF,2022-11-10
K040990000,20,CHF,2022-11-16
K11285BDR0,20,CHF,2022-12-09
K01286IJI0,20,CHF,2022-12-13
K01286IJJ0,20,CHF,2022-12-13
K01286IJL0,20,CHF,2022-12-13
K01286IJT0,20,CHF,2022-12-13
K086730000,20,CHF,2022-12-15
K13600AAC0,20,CHF,2022-12-20
K17719BAN0,20,CHF,2022-12-23
K04230AGX0,20,CHF,2023-01-03
K04230AHG0,20,CHF,2023-01-03
K04230AHH0,20,CHF,2023-01-03
K01795BIY0,20,EUR,2023-01-04
K01795BKJ0,20,EUR,2023-01-04
K01795BKL0,20,EUR,2023-01-04
K01286IJW0,20,CHF,2023-01-06
K01286IJX0,20,CHF,2023-01-06
K01286IKI0,20,CHF,2023-01-06
K01286ILE0,20,CHF,2023-01-30
K01286ILJ0,20,CHF,2023-01-30
K031090000,20,CHF,2023-02-01
K01795BKZ0,20,EUR,2023-02-06
K01795BLC0,20,EUR,2023-02-06
K01795BHS0,20,EUR,2022-12-06
K01795BIF0,20,EUR,2022-12-06
K01795BIG0,20,EUR,2022-12-06
K01795BIO0,20,EUR,2022-12-07
K01795BIT0,20,EUR,2022-12-07
K01286IKW0,20,CHF,2023-01-16
K01286ILX0,20,CHF,2023-02-13
K047560000,20,CHF,2023-02-13
K035310000,20,CHF,2023-02-15
K090690000,90,CHF,2023-02-17
K01286IMK0,20,CHF,2023-02-27
K01286IMN0,20,CHF,2023-02-27
K01286IMR0,20,CHF,2023-02-27
K042510000,10,CHF,2023-02-28
K129910000,20,CHF,2023-03-01
K04230AIL0,20,CHF,2023-03-01
K035400000,20,CHF,2023-03-03
K01286IMU0,20,CHF,2023-03-03
K01795BOC0,20,EUR,2023-03-03
K01795BON0,20,EUR,2023-03-06
K01795BPB0,20,EUR,2023-03-06
K01795BPC0,20,EUR,2023-03-06
K02151BAW0,20,CHF,2023-03-30
K02151BAY0,20,CHF,2023-03-30
K090780000,10,CHF,2023-03-31
K090840000,20,CHF,2023-04-03
K01286INX0,20,CHF,2023-04-03
K01286INY0,20,CHF,2023-04-03
K01795BPS0,20,EUR,2023-04-05
K01795BPZ0,20,EUR,2023-04-05
K04230AIP0,20,CHF,2023-04-06
K04230AIT0,20,CHF,2023-04-06
K04230AIX0,20,CHF,2023-04-06
K04230AJA0,20,CHF,2023-04-06
K04230AJI0,20,CHF,2023-04-06
K01795BRA0,20,EUR,2023-04-06
K01795BRB0,20,EUR,2023-04-06
K01795BLN0,20,EUR,2023-02-06
K01795BLO0,90,EUR,2023-02-06
K01795BLP0,20,EUR,2023-02-06
K01795BLQ0,20,EUR,2023-02-06
K01795BLT0,20,EUR,2023-02-06
K01795BLY0,20,EUR,2023-02-06
K01795BMH0,20,EUR,2023-02-06
K01795BMI0,20,EUR,2023-02-06
K01795BMO0,20,EUR,2023-02-06
K01795BMP0,20,EUR,2023-02-06
K01795BMQ0,20,EUR,2023-02-06
K01795BMX0,20,EUR,2023-02-07
K01795BNG0,20,EUR,2023-02-07
K11285BED0,20,CHF,2023-02-08
K01795BPJ0,90,EUR,2023-03-06
K11285BEI0,20,CHF,2023-03-07
K01286IMX0,20,CHF,2023-03-07
K035420000,20,CHF,2023-03-08
K042550000,20,CHF,2023-03-10
K167150000,20,CHF,2023-03-10
K039570000,10,CHF,2023-03-14
K052470000,20,CHF,2023-03-16
K083070000,20,CHF,2023-03-21
K01286IND0,20,CHF,2023-03-21
K01286IOD0,20,CHF,2023-04-18
K01286IOG0,20,CHF,2023-04-18
K039590000,20,CHF,2023-04-18
K089810000,20,CHF,2023-04-18
K11285BEP0,20,CHF,2023-04-18
K01795BRG0,20,EUR,2023-04-06
K01795BRH0,20,EUR,2023-04-06
K01286IOC0,20,CHF,2023-04-11
K023810000,20,CHF,2023-05-03
K17719BBV0,20,CHF,2023-05-05
K13600AAL0,20,CHF,2023-05-08
K090030000,20,CHF,2023-05-10
K01286IPI0,20,CHF,2023-05-10
K01286IPN0,20,CHF,2023-05-10
K13600ABA0,20,CHF,2023-05-15
K02503ADF0,20,CHF,2023-05-16
K01286IPT0,20,CHF,2023-05-23
K01286IPU0,20,CHF,2023-05-23
K04230AJV0,20,CHF,2023-05-30
K04230AJW0,20,CHF,2023-05-30
K04230AKA0,20,CHF,2023-05-30
K035170000,20,CHF,2023-06-01
K04230AKC0,20,CHF,2023-06-01
K17719BBU0,20,CHF,2023-04-27
K01286IOV0,20,CHF,2023-05-02
K01286IPD0,20,CHF,2023-05-02
K01795BRQ0,20,EUR,2023-05-02
K01795BRT0,20,EUR,2023-05-02
K01795BTF0,20,EUR,2023-05-03
K17719BCN0,20,CHF,2023-06-14
K004750001,20,CHF,2023-06-23
K055610000,20,CHF,2023-06-26
K01286IRG0,20,CHF,2023-06-27
K01286IRH0,20,CHF,2023-06-27
K160620000,20,CHF,2023-07-03
K04230ALB0,20,CHF,2023-07-04
K04230ALD0,20,CHF,2023-07-04
K04230ALG0,20,CHF,2023-07-04
K13600ABG0,20,CHF,2023-07-04
K01795BVI0,20,EUR,2023-07-05
K01795BVJ0,20,EUR,2023-07-05
K01795BVK0,20,EUR,2023-07-05
K01795BVV0,20,EUR,2023-07-05
K01795BVW0,20,EUR,2023-07-05
K01795BVZ0,20,EUR,2023-07-05
K01795BWA0,20,EUR,2023-07-05
K01795BWB0,20,EUR,2023-07-05
K01795BWM0,20,EUR,2023-07-05
K01795BWP0,20,EUR,2023-07-05
K01795BWT0,20,EUR,2023-07-05
K01111KL00,20,CHF,2019-07-16
K01286FZS0,20,CHF,2019-07-17
K162710000,20,CHF,2019-07-19
K01286GCJ0,20,CHF,2019-08-27
K119140000,20,EUR,2019-08-29
K10100FKW0,90,EUR,2019-09-03
K10100FLA0,90,EUR,2019-09-03
K10100FLC0,90,EUR,2019-09-03
K10100FLE0,90,EUR,2019-09-03
K10100FLG0,90,EUR,2019-09-03
K165030000,20,CHF,2019-09-04
K01286GCT0,90,CHF,2019-09-05
K119170000,20,CHF,2019-09-06
K10100FMW0,90,EUR,2019-10-02
K10100FMX0,90,EUR,2019-10-02
K10100FMR0,90,EUR,2019-10-02
K118860000,20,CHF,2019-08-26
K01286GDV0,20,CHF,2019-09-17
K01286GEA0,20,CHF,2019-09-17
K01286GEB0,20,CHF,2019-09-17
K01286GED0,20,CHF,2019-09-17
K01286GEC0,20,CHF,2019-09-17
K01286GEH0,20,CHF,2019-09-17
K17719AQS0,20,CHF,2019-09-19
K162850000,20,CHF,2019-09-19
K119250000,20,CHF,2019-09-23
K01286GEJ0,20,CHF,2019-09-23
K01286GEW0,20,CHF,2019-09-23
K01286GFD0,20,CHF,2019-09-30
K118380000,90,EUR,2019-10-31
K119480000,20,CHF,2019-11-01
K110750002,20,CHF,2019-11-08
K01286GGK0,20,CHF,2019-11-04
K01286GGV0,20,CHF,2019-11-04
K01286GHF0,20,CHF,2019-11-04
K01286GGX0,20,CHF,2019-11-04
K01286GGZ0,20,CHF,2019-11-04
K150330445,90,CHF,2009-10-05
K150330450,90,CHF,2009-10-05
K150330456,90,CHF,2009-10-05
K150330467,90,CHF,2009-10-05
K150330468,90,CHF,2009-10-05
K150330470,90,CHF,2009-10-05
K150330474,90,CHF,2009-10-05
K150330481,90,CHF,2009-10-05
K150330489,90,CHF,2009-10-05
K150330495,90,CHF,2009-10-05
K150330501,90,CHF,2009-10-05
K150330507,90,CHF,2009-10-05
K150330513,90,CHF,2009-10-05
K150330522,90,CHF,2009-10-27
K150330525,90,CHF,2009-10-27
K14542ADZ0,20,CHF,2014-04-04
K14542AEG0,20,CHF,2015-09-10
K145600000,90,CHF,2006-07-24
K145700000,90,CHF,2006-07-24
K145710000,20,CHF,2006-07-24
K145730000,90,CHF,2006-07-24
K145870001,20,CHF,2015-04-15
K146030000,20,EUR,2008-09-19
K146060000,20,CHF,2006-07-24
K146150000,20,CHF,2006-07-24
K146190000,90,CHF,2007-09-18
K146260000,90,CHF,2006-07-24
K146280000,90,CHF,2009-04-16
K146410000,90,CHF,2006-07-24
K146450000,90,CHF,2009-01-19
K146470000,20,CHF,2006-07-24
K14652XXXX,90,CHF,2012-04-18
K146550000,90,CHF,2006-07-24
K146770000,90,CHF,2008-06-27
K146880000,90,CHF,2006-07-24
K146910000,10,CHF,2008-01-21
K147130000,20,CHF,2012-04-30
K147170000,20,CHF,2006-07-24
K147400000,90,CHF,2006-07-24
K01286GHB0,20,CHF,2019-11-04
K10100FNM0,90,EUR,2019-11-05
K163150000,20,CHF,2019-10-02
K163160000,20,CHF,2019-10-02
K023630000,20,CHF,2019-10-16
K110350000,20,CHF,2019-10-22
K02151AXB0,20,CHF,2019-10-23
K17719AQT0,20,CHF,2019-10-28
K005170001,20,CHF,2019-10-29
K054680000,20,CHF,2019-11-14
K01286GHX0,90,CHF,2019-11-18
K01286GIA0,20,CHF,2019-11-18
K125590000,20,CHF,2019-11-19
K091470000,20,CHF,2019-11-28
K091690000,20,CHF,2019-12-03
K091700000,20,CHF,2019-12-03
K025900000,20,CHF,2019-12-03
K10100FOA0,90,EUR,2019-11-05
K10100FOJ0,90,EUR,2019-11-05
K10100FOL0,90,EUR,2019-11-05
K10100FON0,90,EUR,2019-11-05
K10100FOO0,90,EUR,2019-11-05
K11285ALQ0,20,CHF,2019-11-06
K163420000,20,CHF,2019-11-07
K064040000,90,CHF,2019-11-08
K01286GHN0,20,CHF,2019-11-11
K163440000,20,CHF,2019-11-11
K01286GIF0,20,CHF,2019-11-25
K01286GIG0,20,CHF,2019-11-25
K091870000,20,CHF,2019-12-12
K025930000,20,CHF,2019-12-17
K01286GJN0,20,CHF,2019-12-17
K01286GJR0,20,CHF,2019-12-17
K026650000,20,CHF,2020-01-08
K026830000,20,CHF,2020-01-13
K026850000,20,CHF,2020-01-15
K155890000,20,CHF,2020-01-17
K01286GLK0,20,CHF,2020-01-20
K01286GLO0,20,CHF,2020-01-20
K026870000,20,CHF,2020-01-23
K147440000,20,CHF,2006-10-05
K147450000,90,CHF,2006-07-24
K147470000,20,CHF,2006-07-24
K147500000,20,CHF,2006-07-24
K147560000,90,CHF,2006-07-24
K147660000,20,CHF,2006-07-24
K147690000,20,CHF,2010-01-28
K147810000,20,CHF,2008-07-03
K147840000,20,CHF,2006-07-24
K147880000,10,CHF,2009-11-23
K147890000,90,CHF,2013-02-01
K147930000,20,CHF,2006-07-24
K148070000,90,CHF,2006-07-24
K148180000,90,CHF,2006-07-24
K148190000,90,CHF,2006-07-24
K148200000,20,CHF,2006-07-24
K148210000,20,CHF,2006-07-24
K148260000,90,CHF,2006-07-24
K148290000,20,CHF,2006-07-24
K148450000,20,CHF,2006-07-24
K148560000,90,CHF,2006-07-24
K148570000,20,CHF,2006-07-24
K148630000,20,CHF,2007-09-18
K148640000,90,CHF,2006-07-24
K150330530,90,CHF,2009-10-27
K150330535,90,CHF,2009-10-27
K150330538,90,CHF,2009-10-27
K150330547,90,CHF,2009-10-27
K150330553,90,CHF,2009-12-02
K150330559,90,CHF,2010-01-14
K150330562,90,CHF,2010-01-27
K150330569,90,CHF,2010-06-25
K150330571,90,CHF,2010-07-01
K150330572,90,CHF,2010-07-08
K150330583,90,CHF,2010-09-06
K150330597,90,CHF,2010-09-06
K150330601,90,CHF,2010-09-06
K150330609,90,CHF,2010-09-06
K150330611,90,CHF,2010-09-06
K150330618,90,CHF,2010-09-06
K150330622,90,CHF,2010-09-06
K150330623,90,CHF,2010-09-06
K150330637,90,CHF,2010-09-06
K150330641,90,CHF,2010-09-06
K150330646,90,CHF,2010-09-06
K150330653,90,CHF,2010-09-06
K150330659,90,CHF,2010-09-06
K150330664,90,CHF,2010-09-06
K150330672,90,CHF,2010-09-06
K150330681,90,CHF,2010-09-06
K150330688,90,CHF,2010-09-06
K150330708,90,CHF,2010-09-06
K150330713,90,CHF,2010-09-06
K150330719,90,CHF,2010-09-06
K150330722,90,CHF,2010-09-06
K150330729,90,CHF,2010-09-06
K150330736,90,CHF,2010-09-06
K150330742,90,CHF,2010-09-06
K150330754,90,CHF,2010-09-06
K150330762,90,CHF,2010-09-06
K150330764,90,CHF,2010-09-06
K150330769,90,EUR,2010-09-06
K150330775,90,CHF,2010-09-06
K150330784,90,CHF,2010-09-06
K150330798,90,CHF,2010-09-06
K150330806,90,CHF,2010-09-06
K150330809,90,CHF,2010-09-06
K150330812,90,CHF,2010-09-06
K150330817,90,CHF,2010-09-06
K150330825,90,CHF,2010-09-06
K150330841,90,CHF,2010-09-06
K150330847,90,CHF,2010-09-06
K148760000,20,CHF,2006-07-24
K148780000,20,CHF,2006-10-25
K148860000,90,CHF,2006-08-01
K148940000,90,CHF,2006-07-24
K148950000,90,CHF,2006-07-24
K149040000,90,CHF,2006-07-24
K01286GLV0,20,CHF,2020-01-28
K01286GLY0,20,CHF,2020-01-28
K01286GLZ0,20,CHF,2020-01-28
K02151AXT0,20,CHF,2020-01-29
K091730000,10,EUR,2019-12-05
K150331197,90,CHF,2019-12-09
K155860000,20,CHF,2019-12-17
K01286GKY0,20,CHF,2019-12-23
K17719AEX0,20,CHF,2020-02-06
K07393BMU0,90,EUR,2020-02-06
K01286GNA0,20,CHF,2020-02-06
K01286GNE0,20,CHF,2020-02-10
K01286GNH0,20,CHF,2020-02-10
K080570000,20,CHF,2020-02-14
K17719AEY0,20,CHF,2020-02-14
K080580000,20,CHF,2020-02-17
K01286GNI0,20,CHF,2020-02-17
K01286GNJ0,20,CHF,2020-02-17
K051170000,90,CHF,2020-02-19
K051310000,90,CHF,2020-02-28
K008820002,20,CHF,2020-03-04
K01286GMG0,20,CHF,2020-02-03
K01286GMQ0,20,CHF,2020-02-03
K01286GMW0,20,CHF,2020-02-03
K048110000,90,CHF,2020-02-05
K051610000,20,CHF,2020-03-05
K01286GOR0,20,CHF,2020-03-10
K01286GOM0,20,CHF,2020-03-10
K01286GOO0,20,CHF,2020-03-10
K051850000,10,CHF,2020-03-12
K01286GOY0,20,CHF,2020-03-17
K01286GPA0,20,CHF,2020-03-17
K017940000,20,CHF,2020-04-02
K07393BMY0,90,EUR,2020-04-08
K01286GQK0,20,CHF,2020-04-14
K021170000,10,CHF,2020-04-15
K01286GQW0,20,CHF,2020-04-30
K01286GQZ0,20,CHF,2020-04-30
K01286GRC0,20,CHF,2020-04-30
K01286GRE0,20,CHF,2020-04-30
K149070000,20,CHF,2006-07-24
K149140000,90,CHF,2006-07-24
K149160001,90,CHF,2006-09-22
K149240000,10,CHF,2006-07-24
K149340000,90,CHF,2006-07-24
K149350000,20,CHF,2006-07-24
K149400000,90,CHF,2009-02-16
K149520000,90,CHF,2006-07-24
K149650000,20,CHF,2006-07-24
K149720000,20,CHF,2006-07-24
K14972AAA0,90,CHF,2008-10-16
K14972AAAA,90,CHF,2008-04-22
K149760000,90,CHF,2006-07-24
K149840000,90,CHF,2008-07-07
K150010000,20,CHF,2010-05-26
K150860000,20,CHF,2006-07-24
K01448DLW0,90,CHF,2012-09-14
K01448DMM0,90,CHF,2012-09-17
K01448DMN0,90,CHF,2012-09-17
K01448DMW0,90,CHF,2012-09-17
K01448DNC0,90,CHF,2012-09-28
K01448DNG0,90,CHF,2012-10-10
K01448DNH0,90,CHF,2012-10-10
K01448DNI0,90,CHF,2012-10-10
K01448DNJ0,90,CHF,2012-10-10
K01448DNU0,90,CHF,2012-10-10
K01448DOA0,90,CHF,2012-10-10
K01448DOO0,90,CHF,2012-11-13
K01448DOP0,90,CHF,2012-11-13
K01448DOS0,90,CHF,2012-11-13
K01448DOX0,90,CHF,2012-11-13
K01448DPG0,90,CHF,2012-11-13
K01448DQF0,90,CHF,2012-11-13
K01448DQM0,90,CHF,2012-11-13
K01448DQP0,90,CHF,2012-11-13
K01448DQZ0,90,CHF,2012-12-06
K01448DRB0,90,CHF,2012-12-06
K01448DRE0,90,CHF,2012-12-06
K01448DRI0,90,CHF,2012-12-06
K01448DRU0,90,CHF,2012-12-06
K01448DSS0,90,CHF,2012-12-17
K01448DSU0,90,CHF,2012-12-17
K01448DSV0,90,CHF,2012-12-17
K01448DTD0,90,CHF,2012-12-17
K01448DTQ0,90,CHF,2013-01-04
K01448DTR0,90,CHF,2013-01-04
K01448DUJ0,90,CHF,2013-01-17
K01448DUS0,90,CHF,2013-01-17
K01448DUT0,90,CHF,2013-01-17
K01448DUY0,90,CHF,2013-01-17
K01448DVL0,90,CHF,2013-01-18
K01448DWB0,90,CHF,2013-02-25
K01448DWK0,90,CHF,2013-02-25
K01448DWS0,90,CHF,2013-02-25
K01448DWY0,90,CHF,2013-02-25
K01448DXD0,90,CHF,2013-02-25
K01448DXL0,90,CHF,2013-03-25
K01448DXZ0,90,CHF,2013-04-18
K01448DYO0,90,CHF,2013-04-18
K01448DYT0,90,CHF,2013-04-18
K01448DYV0,90,CHF,2013-04-18
K01448DYX0,90,CHF,2013-04-18
K01448DYY0,90,CHF,2013-04-18
K01448DZF0,90,CHF,2013-04-18
K01448EAL0,90,CHF,2013-05-22
K01448EIO0,90,CHF,2013-11-27
K01448EIQ0,90,CHF,2013-11-27
K01448EIX0,90,CHF,2013-11-27
K01448EJD0,90,CHF,2013-11-27
K01448EJG0,90,CHF,2013-11-27
K01448EJH0,90,CHF,2013-11-27
K01448EJT0,90,CHF,2013-12-20
K01448EJV0,90,CHF,2013-12-20
K01448EJX0,90,CHF,2013-12-20
K01448EKA0,90,CHF,2013-12-20
K01448EKM0,90,CHF,2013-12-20
K01448EKN0,90,CHF,2013-12-20
K01448EKQ0,90,CHF,2013-12-20
K01286GRP0,20,CHF,2020-05-05
K029290000,20,CHF,2020-05-10
K036340000,20,CHF,2020-05-18
K01286GSI0,20,CHF,2020-05-18
K01286GOD0,20,CHF,2020-03-04
K01286GPC0,20,CHF,2020-03-19
K074110000,20,CHF,2020-03-23
K00500AFB0,20,CHF,2020-03-25
K00500AFF0,20,CHF,2020-03-25
K00500AFG0,20,CHF,2020-03-27
K00500AFH0,20,CHF,2020-03-27
K00500AFW0,20,CHF,2020-03-27
K01286GPS0,20,CHF,2020-03-30
K00500AGD0,20,CHF,2020-04-01
K00500AGM0,20,CHF,2020-04-01
K00500AGO0,20,CHF,2020-04-01
K036360000,20,CHF,2020-05-19
K17719AFD0,20,CHF,2020-05-25
K01286GSP0,20,CHF,2020-05-25
K01286GSR0,20,CHF,2020-05-25
K036990000,20,CHF,2020-06-11
K103300001,20,CHF,2020-06-15
K01286GUA0,20,CHF,2020-06-15
K01286GUC0,20,CHF,2020-06-15
K109320000,20,CHF,2020-07-09
K109960000,20,CHF,2020-07-16
K01286GWG0,20,CHF,2020-07-20
K164370000,90,CHF,2020-07-21
K164420000,20,CHF,2020-07-24
K01286GWI0,20,CHF,2020-07-27
K020570000,20,CHF,2020-08-21
K01286GXE0,20,CHF,2020-08-25
K01286GXG0,20,CHF,2020-08-26
K01286GXH0,20,CHF,2020-08-26
K01286GYA0,20,CHF,2020-08-31
K01286GTQ0,20,CHF,2020-06-09
K01286GTV0,20,CHF,2020-06-09
K037450000,20,CHF,2020-07-02
K01286GVJ0,20,CHF,2020-07-06
K109250000,20,CHF,2020-07-06
K01448EKS0,90,CHF,2013-12-20
K01448EKT0,90,CHF,2013-12-20
K01448ELU0,90,CHF,2014-01-29
K01448ELX0,90,CHF,2014-02-03
K01448EMF0,90,CHF,2014-02-21
K01448EMQ0,90,CHF,2014-02-21
K01448EMZ0,90,CHF,2014-02-24
K01448ENS0,90,CHF,2014-03-25
K01448EOD0,90,CHF,2014-03-25
K01448EOJ0,90,CHF,2014-03-25
K01448EOK0,90,CHF,2014-03-25
K01448EOP0,90,CHF,2014-04-02
K01448EOX0,90,CHF,2014-04-02
K01448EOZ0,90,CHF,2014-04-10
K01448EPB0,90,CHF,2014-04-10
K01448EPR0,90,CHF,2014-04-28
K01448EQK0,90,CHF,2014-05-27
K01448EQO0,90,CHF,2014-05-27
K01448EQQ0,90,CHF,2014-05-27
K01448EQV0,90,CHF,2014-06-16
K01448ERB0,90,CHF,2014-06-19
K01448ERD0,90,CHF,2014-06-19
K01448ERG0,90,CHF,2014-06-19
K01448ERI0,90,CHF,2014-06-23
K01448ERZ0,90,CHF,2014-07-14
K01448ETA0,90,CHF,2014-08-18
K01448ETC0,90,CHF,2014-09-08
K01448EUD0,90,CHF,2014-09-16
K01448EUG0,90,CHF,2014-09-16
K01448EUP0,90,CHF,2014-09-22
K01448EUS0,90,CHF,2014-09-22
K01448EVT0,90,CHF,2014-10-20
K01448EVX0,90,CHF,2014-10-22
K01448EWC0,90,CHF,2014-10-22
K01448EWJ0,90,CHF,2014-10-27
K01448EWK0,90,CHF,2014-10-27
K01448EWP0,90,CHF,2014-10-28
K01448EWY0,90,CHF,2014-11-05
K01448EXF0,90,CHF,2014-11-18
K109260000,20,CHF,2020-07-07
K01286GWN0,20,CHF,2020-07-27
K164430000,90,CHF,2020-07-30
K01286GWU0,20,CHF,2020-08-04
K01286GWW0,20,CHF,2020-08-04
K164510000,20,CHF,2020-08-04
K164630000,90,CHF,2020-08-10
K164660000,20,CHF,2020-08-10
K164670000,20,CHF,2020-08-11
K164680000,20,CHF,2020-08-11
K01286GYT0,20,CHF,2020-09-14
K01286GZY0,20,CHF,2020-10-07
K01286HAC0,20,CHF,2020-10-07
K01286HAD0,20,CHF,2020-10-07
K07393BNM0,90,EUR,2020-10-09
K17719ARF0,20,CHF,2020-10-14
K077700000,20,CHF,2020-10-15
K077720000,90,CHF,2020-10-15
K077730000,20,CHF,2020-10-15
K01286HAW0,20,CHF,2020-10-21
K01286HAX0,20,CHF,2020-10-21
K01286HAY0,20,CHF,2020-10-21
K01286HBV0,20,CHF,2020-11-10
K01286HBW0,20,CHF,2020-11-10
K078530000,20,CHF,2020-11-11
K078540000,20,CHF,2020-11-11
K01286HCB0,20,CHF,2020-11-17
K01286HCD0,20,CHF,2020-11-17
K01286HCE0,20,CHF,2020-11-17
K01286HCM0,20,CHF,2020-11-17
K01286HCR0,20,CHF,2020-11-24
K01286HDO0,20,CHF,2020-12-08
K01286HDW0,20,CHF,2020-12-08
K02503AAM0,20,CHF,2020-12-09
K17719ARM0,20,CHF,2020-12-14
K112010000,20,CHF,2020-12-14
K01286HEG0,20,CHF,2020-12-16
K020620000,10,CHF,2020-09-03
K077380000,20,CHF,2020-09-21
K01448EXH0,90,CHF,2014-11-24
K01448EXI0,90,CHF,2014-12-02
K01448EXK0,90,CHF,2014-12-02
K01448EXO0,90,CHF,2014-12-02
K01448EXZ0,90,CHF,2014-12-02
K01448EYX0,90,CHF,2015-01-20
K01448EZR0,90,CHF,2015-02-02
K01448EZX0,90,CHF,2015-02-09
K01448FAA0,90,CHF,2015-03-10
K01448FCK0,90,CHF,2015-06-11
K01448FCZ0,90,CHF,2015-07-10
K01448FDO0,90,CHF,2015-07-29
K01448FEU0,90,CHF,2015-09-22
K01448FEX0,90,CHF,2015-10-12
K01448FFE0,90,CHF,2015-10-26
K01448FFN0,90,CHF,2016-02-24
K014720000,20,CHF,2011-07-12
K014730000,10,CHF,2011-08-31
K014760000,20,CHF,2007-02-07
K014780000,90,CHF,2006-07-24
K014790000,90,CHF,2006-07-24
K014910000,20,CHF,2009-11-13
K015010000,20,CHF,2014-04-24
K015080000,10,CHF,2006-07-24
K015090000,20,CHF,2008-05-16
K015220000,20,CHF,2008-03-13
K01448EAY0,90,CHF,2013-06-07
K01448EBC0,90,CHF,2013-06-07
K01448EBE0,90,CHF,2013-06-07
K01448EBG0,90,CHF,2013-06-07
K01448EBJ0,90,CHF,2013-06-07
K01448EBR0,90,CHF,2013-07-15
K01448EBV0,90,CHF,2013-07-15
K01448EBZ0,90,CHF,2013-07-15
K01448ECC0,90,CHF,2013-07-15
K01448ECL0,90,CHF,2013-07-15
K01448ECO0,90,CHF,2013-07-15
K01448ECY0,90,CHF,2013-08-12
K01530AIZ0,90,CHF,2011-09-15
K01286GZB0,20,CHF,2020-09-21
K077450000,20,CHF,2020-10-05
K11285ANE0,20,CHF,2020-10-22
K100850000,20,CHF,2020-10-22
K01286HBE0,20,CHF,2020-10-26
K01286HBG0,20,CHF,2020-10-26
K01286HBH0,20,CHF,2020-10-26
K02151AYO0,20,CHF,2020-10-27
K01286HBO0,20,CHF,2020-11-03
K02503AAG0,20,CHF,2020-11-05
K01286HCV0,20,CHF,2020-11-25
K01286HCW0,20,CHF,2020-11-25
K078790000,20,CHF,2020-11-25
K057040000,20,CHF,2020-12-01
K07393BNV0,90,EUR,2021-01-06
K11285ANN0,20,CHF,2021-01-06
K11285ANO0,20,CHF,2021-01-06
K01286HEI0,20,CHF,2020-12-16
K01286HFZ0,20,CHF,2021-01-19
K165420000,10,CHF,2021-01-20
K165440000,20,CHF,2021-01-20
K01286HGG0,20,CHF,2021-01-26
K01286HGK0,20,CHF,2021-01-26
K01286HGL0,20,CHF,2021-01-26
K01286HGM0,20,CHF,2021-01-26
K01286HGN0,20,CHF,2021-01-26
K17719ARU0,20,CHF,2021-02-16
K088540000,20,CHF,2021-02-18
K11285APB0,20,CHF,2021-02-19
K11285APG0,20,CHF,2021-02-19
K083020000,90,CHF,2021-02-24
K11285ASL0,20,CHF,2021-03-08
K11285ASN0,20,CHF,2021-03-08
K11285ASW0,20,CHF,2021-03-08
K11285YYYY,20,CHF,2021-03-08
K01286HHZ0,20,CHF,2021-03-09
K01286HIC0,20,CHF,2021-03-09
K01286HIF0,20,CHF,2021-03-09
K01286HII0,20,CHF,2021-03-09
K11285AOB0,20,CHF,2021-01-06
K01530AJQ0,90,CHF,2011-09-15
K01530AKA0,90,CHF,2011-09-15
K01530AKB0,90,CHF,2011-09-15
K01530AKC0,90,CHF,2011-09-15
K01530AKT0,90,CHF,2011-09-15
K01530AKU0,90,CHF,2011-09-15
K01530AKV0,90,CHF,2011-09-15
K01530AKW0,90,CHF,2011-09-15
K01530AKZ0,90,CHF,2011-09-15
K01530ALF0,90,CHF,2011-09-15
K01530ALR0,90,CHF,2011-09-15
K01530ALU0,90,CHF,2011-09-15
K01530AMR0,90,CHF,2011-09-15
K01530ANG0,90,CHF,2011-09-15
K01530ANK0,90,CHF,2011-09-15
K01530ANW0,90,CHF,2011-09-15
K01530AOM0,90,CHF,2012-03-06
K01530AOX0,90,CHF,2012-11-30
K01530APX0,90,CHF,2014-08-26
K01530AQF0,90,CHF,2015-02-11
K01530AQO0,90,CHF,2015-03-23
K01530AQS0,90,CHF,2015-03-24
K01530ARN0,90,CHF,2015-07-14
K01530ASB0,90,CHF,2015-11-23
K01530ASC0,90,CHF,2015-11-23
K015470000,20,CHF,2010-08-04
K015560000,20,CHF,2014-06-20
K015710000,20,CHF,2014-10-20
K015760000,10,CHF,2006-07-24
K015880000,20,CHF,2006-07-24
K015960000,20,CHF,2006-07-24
K016020000,90,CHF,2006-07-24
K016120000,20,CHF,2006-07-24
K016170000,20,CHF,2006-07-24
K016240000,90,CHF,2014-02-10
K01627AAD0,90,CHF,2009-06-18
K01627AAG0,90,CHF,2009-10-05
K01627AAL0,90,CHF,2011-01-31
K016440000,20,CHF,2013-07-08
K01286HET0,20,CHF,2021-01-07
K01286HEU0,20,CHF,2021-01-07
K01286HGP0,20,CHF,2021-02-01
K01286HGT0,20,CHF,2021-02-01
K02503AAS0,20,CHF,2021-02-03
K02503AAX0,20,CHF,2021-02-03
K165630000,20,CHF,2021-02-03
K165650000,10,CHF,2021-02-05
K083030000,20,CHF,2021-02-26
K083040002,20,EUR,2021-02-26
K17719ARW0,20,CHF,2021-03-01
K165760000,20,CHF,2021-03-01
K11285APV0,20,CHF,2021-03-03
K11285APY0,20,CHF,2021-03-03
K11285APZ0,20,CHF,2021-03-03
K11285AQN0,20,CHF,2021-03-03
K11285AQY0,20,CHF,2021-03-04
K11285ARF0,20,CHF,2021-03-05
K11285ARG0,20,CHF,2021-03-05
K11285ARJ0,20,CHF,2021-03-05
K11285ARK0,20,CHF,2021-03-05
K11285ARM0,20,CHF,2021-03-05
K167120000,20,CHF,2021-03-23
K01286HJO0,20,CHF,2021-03-25
K062300000,20,CHF,2021-03-29
K11285AUP0,20,CHF,2021-03-29
K11285AUQ0,20,CHF,2021-03-29
K062320000,10,CHF,2021-03-29
K01286HJX0,20,CHF,2021-03-30
K02151AYZ0,20,CHF,2021-03-30
K11285AUX0,20,CHF,2021-03-30
K11285AVF0,20,CHF,2021-03-30
K17719ASB0,20,CHF,2021-04-01
K17719ASC0,20,CHF,2021-04-01
K02151AZC0,20,CHF,2021-04-07
K031190000,20,CHF,2021-04-07
K07393BOJ0,90,EUR,2021-04-08
K11285AVM0,20,CHF,2021-04-08
K11285AVQ0,20,CHF,2021-04-08
K016470000,20,CHF,2014-12-04
K016490000,20,CHF,2015-06-16
K016730000,20,CHF,2015-09-14
K016750000,10,EUR,2011-10-31
K016910000,20,CHF,2008-07-28
K017110000,20,CHF,2014-02-21
K01526AAU0,90,CHF,2010-07-12
K01526AAW0,90,CHF,2010-07-12
K01526ABC0,90,CHF,2010-07-12
K01526ABJ0,90,CHF,2010-07-12
K01526ABU0,90,CHF,2010-07-12
K01526ABX0,90,CHF,2010-07-12
K01526ACD0,90,CHF,2010-07-12
K01526ACE0,90,CHF,2010-07-12
K01526ACG0,90,CHF,2010-07-12
K01526ACJ0,90,CHF,2010-07-12
K01526ACK0,90,CHF,2010-07-12
K01526ACQ0,90,CHF,2010-07-12
K01526ACT0,90,CHF,2010-07-12
K01526ACU0,90,CHF,2010-07-12
K01526ACY0,90,CHF,2010-07-12
K01526ADK0,90,CHF,2010-07-12
K01526ADN0,90,CHF,2010-07-12
K01526AEA0,90,CHF,2010-07-12
K01526AEM0,90,CHF,2010-07-12
K01526AEN0,90,CHF,2010-07-12
K01526AEU0,90,CHF,2010-07-12
K01526AGD0,90,CHF,2010-07-12
K01526AGO0,90,CHF,2010-07-12
K01526AGP0,90,CHF,2010-07-12
K01526AGR0,90,CHF,2010-07-12
K01526AHJ0,90,CHF,2010-07-12
K01526AHN0,90,CHF,2010-09-16
K01530AAE0,90,CHF,2011-09-15
K01530ABG0,90,CHF,2011-09-15
K01530ABO0,90,CHF,2011-09-15
K01530ABS0,90,CHF,2011-09-15
K01530ABV0,90,CHF,2011-09-15
K01530ABX0,90,CHF,2011-09-15
K062480000,20,CHF,2021-04-09
K057610000,20,CHF,2021-04-12
K027890000,10,CHF,2021-04-13
K121640000,20,CHF,2021-04-13
K062490000,20,CHF,2021-04-13
K11285AWC0,20,CHF,2021-04-15
K11285ATE0,20,CHF,2021-03-09
K11285ATG0,20,CHF,2021-03-09
K167010000,10,CHF,2021-03-11
K11285ATM0,90,CHF,2021-03-16
K167060000,20,CHF,2021-03-16
K11285ATQ0,20,CHF,2021-03-16
K11285ATU0,20,CHF,2021-03-17
K01286HJI0,20,CHF,2021-03-19
K056740000,20,CHF,2021-04-23
K01286HKX0,20,CHF,2021-04-26
K01286HLD0,20,CHF,2021-04-26
K01286HLE0,20,CHF,2021-04-26
K063870000,20,CHF,2021-04-30
K01286HLS0,20,CHF,2021-05-03
K01286HLU0,20,CHF,2021-05-03
K00500AHB0,20,CHF,2021-05-04
K17719ASH0,20,CHF,2021-04-19
K17719ASI0,20,CHF,2021-04-19
K01286HKL0,20,CHF,2021-04-19
K01286HKU0,20,CHF,2021-04-19
K11285AWD0,20,CHF,2021-04-20
K11285AWE0,20,CHF,2021-04-20
K17719ASP0,20,CHF,2021-05-07
K17719ASQ0,20,CHF,2021-05-07
K11285AXB0,20,CHF,2021-05-11
K11285AXC0,20,CHF,2021-05-11
K02503ABA0,20,CHF,2021-05-11
K064240000,20,CHF,2021-05-17
K064640000,20,CHF,2021-05-17
K01286HMH0,20,CHF,2021-05-18
K01286HMV0,20,CHF,2021-05-27
K01286HMX0,20,CHF,2021-05-27
K039660000,20,CHF,2021-05-28
K17719ASZ0,20,CHF,2021-05-31
K01530ABY0,90,CHF,2011-09-15
K01530ACE0,90,CHF,2011-09-15
K01530ACJ0,90,CHF,2011-09-15
K01530ACK0,90,CHF,2011-09-15
K01530ACW0,90,CHF,2011-09-15
K01530ADO0,90,CHF,2011-09-15
K01530ADQ0,90,CHF,2011-09-15
K01530AEK0,90,CHF,2011-09-15
K01530AEL0,90,CHF,2011-09-15
K01530AFO0,90,CHF,2011-09-15
K01530AFW0,90,CHF,2011-09-15
K01530AFZ0,90,CHF,2011-09-15
K01530AGG0,90,CHF,2011-09-15
K01530AGP0,90,CHF,2011-09-15
K01530AGV0,90,CHF,2011-09-15
K01530AIF0,90,CHF,2011-09-15
K018030545,90,CHF,2011-05-02
K018030547,90,CHF,2011-05-17
K018030559,90,CHF,2011-08-22
K01803YYYY,90,CHF,2009-11-02
K018090000,90,CHF,2006-07-24
K017420000,20,CHF,2015-12-08
K017440000,90,CHF,2006-08-01
K017460000,90,CHF,2006-07-24
K017490000,90,CHF,2011-01-14
K017620001,10,CHF,2006-07-27
K017750000,20,CHF,2011-07-25
K018030009,90,CHF,2006-07-29
K018030013,90,CHF,2006-07-29
K018030023,90,CHF,2006-07-29
K018030054,90,CHF,2006-07-29
K018030068,90,CHF,2006-07-29
K018030073,90,CHF,2006-07-29
K01286CPZ0,20,CHF,2015-01-27
K01286CQB0,20,CHF,2015-01-27
K01286CQI0,20,CHF,2015-01-28
K01286CQO0,20,CHF,2015-02-09
K01286CQR0,20,CHF,2015-02-09
K01286CQV0,20,CHF,2015-02-24
K080670000,20,CHF,2021-06-10
K070990000,20,CHF,2021-06-15
K00500AHC0,20,CHF,2021-06-23
K07393BOP0,90,EUR,2021-06-02
K039710000,10,CHF,2021-06-04
K11285AXO0,20,CHF,2021-06-09
K213500000,20,CHF,2021-07-21
K01286HPE0,20,CHF,2021-07-21
K01286HPH0,20,CHF,2021-07-21
K01286HPI0,20,CHF,2021-07-21
K073130000,20,CHF,2021-07-22
K11285AYJ0,20,CHF,2021-07-26
K01286HQB0,20,CHF,2021-07-26
K081120000,20,CHF,2021-07-28
K17719AUJ0,20,CHF,2021-07-29
K17719AUK0,90,CHF,2021-07-29
K17719AUL0,20,CHF,2021-07-29
K17719AUM0,20,CHF,2021-07-29
K17719AUV0,20,CHF,2021-07-29
K17719AUY0,20,CHF,2021-07-29
K17719AVB0,20,CHF,2021-07-30
K17719AVK0,20,CHF,2021-08-02
K17719AVO0,20,CHF,2021-08-02
K17719AVR0,20,CHF,2021-08-02
K17719AVS0,20,CHF,2021-08-02
K17719AVW0,20,CHF,2021-08-02
K17719AWN0,20,CHF,2021-08-02
K17719AWS0,20,CHF,2021-08-02
K17719AWT0,20,CHF,2021-08-02
K040050000,20,CHF,2021-06-24
K11285AXW0,20,CHF,2021-06-25
K17719ATD0,20,CHF,2021-06-29
K17719ATK0,20,CHF,2021-06-30
K17719ATM0,20,CHF,2021-06-30
K17719ATO0,20,CHF,2021-06-30
K17719ATX0,20,CHF,2021-07-01
K17719AUB0,90,CHF,2021-07-01
K17719AUA0,20,CHF,2021-07-01
K17719AUC0,20,CHF,2021-07-01
K040180000,20,CHF,2021-07-05
K01286CQX0,20,CHF,2015-02-25
K01286CQY0,20,CHF,2015-02-25
K01286CRG0,90,CHF,2015-02-26
K01286CRV0,20,CHF,2015-03-17
K01286CRW0,20,CHF,2015-03-25
K01286CSG0,20,CHF,2015-03-30
K01286CTJ0,20,CHF,2015-05-20
K01286CUB0,90,CHF,2015-06-19
K01286CUO0,20,CHF,2015-06-19
K01286CUS0,90,CHF,2015-06-24
K01286CUT0,20,CHF,2015-06-24
K01286CVZ0,20,CHF,2015-07-14
K01286CWT0,20,CHF,2015-08-17
K01286CXA0,90,CHF,2015-08-21
K01286CYQ0,20,CHF,2015-10-07
K01286CYX0,20,CHF,2015-10-14
K01286CYZ0,20,CHF,2015-10-28
K01286CZB0,20,CHF,2015-10-28
K01286DAU0,20,CHF,2015-12-14
K01286DAZ0,20,CHF,2015-12-21
K01286DCD0,20,CHF,2016-02-16
K01286DCU0,20,CHF,2016-02-17
K01286DDR0,20,CHF,2016-03-14
K01286DDV0,20,CHF,2016-03-21
K012870001,20,CHF,2007-06-19
K012870004,20,CHF,2008-03-27
K012920000,20,CHF,2013-12-17
K012960000,10,CHF,2009-06-04
K013040000,90,CHF,2006-07-24
K013100000,20,EUR,2014-01-20
K013270000,90,CHF,2014-02-27
K013350000,10,CHF,2006-07-24
K013390000,90,CHF,2014-08-04
K013410000,20,CHF,2006-07-24
K013460000,90,CHF,2006-12-06
K013470000,20,CHF,2006-07-24
K013520000,90,CHF,2007-08-03
K013530000,90,CHF,2006-07-24
K013580000,20,CHF,2006-07-24
K013610000,90,CHF,2008-02-08
K013630000,90,CHF,2008-05-05
K013900000,90,CHF,2009-01-20
K014150000,90,CHF,2009-10-06
K014260000,90,CHF,2006-09-27
K014300000,20,CHF,2013-01-10
K014320000,90,CHF,2007-07-06
K014400000,20,CHF,2013-05-03
K01448AAE0,90,CHF,2008-07-29
K01448AAL0,90,CHF,2008-07-29
K01448ANP0,90,CHF,2008-10-24
K01448ANY0,90,CHF,2008-10-24
K01448AON0,90,CHF,2008-10-24
K01448AOX0,90,CHF,2008-10-24
K01448APO0,90,CHF,2008-10-24
K01448APP0,90,CHF,2008-10-24
K01448APR0,90,CHF,2008-10-24
K01448APW0,90,CHF,2008-10-24
K01448APX0,90,CHF,2008-10-24
K01448AQI0,90,CHF,2008-10-24
K01448ARA0,90,CHF,2008-10-24
K01448ARD0,90,CHF,2008-10-24
K01448ARG0,90,CHF,2008-10-24
K01448ARH0,90,CHF,2008-10-24
K01448ARO0,90,CHF,2008-10-24
K01448ARP0,90,CHF,2008-10-24
K01448ART0,90,CHF,2008-10-24
K01448ASH0,90,CHF,2008-10-24
K01448ASI0,90,CHF,2008-10-24
K01448ASJ0,90,CHF,2008-10-24
K01448ASK0,90,CHF,2008-10-24
K01448ASL0,90,CHF,2008-10-24
K01448ASO0,90,CHF,2008-10-24
K01448ASR0,90,CHF,2008-10-24
K01448ATI0,90,CHF,2008-10-24
K01448ATL0,90,CHF,2008-10-24
K01448AUC0,90,CHF,2008-10-24
K01448AUI0,90,CHF,2008-10-24
K01448AUM0,90,CHF,2008-10-24
K01448AVD0,90,CHF,2008-10-24
K01448AVJ0,90,CHF,2008-10-24
K01448AVM0,90,CHF,2008-10-24
K01448AVW0,90,CHF,2008-10-24
K01448AVY0,90,CHF,2008-10-24
K01448AWD0,90,CHF,2008-10-24
K01448AWN0,90,CHF,2008-10-24
K01448AXL0,90,CHF,2008-10-24
K01448AYE0,90,CHF,2008-10-24
K01448AYG0,90,CHF,2008-10-24
K01448AYL0,90,CHF,2008-10-24
K01448AYX0,90,CHF,2008-10-24
K01448AZG0,90,CHF,2008-10-24
K01448AZH0,90,CHF,2008-10-24
K01448AZM0,90,CHF,2008-10-24
K01448AZY0,90,CHF,2008-10-24
K01448BAD0,90,CHF,2008-10-24
K01448BAK0,90,CHF,2008-10-24
K01448BAU0,90,CHF,2008-10-24
K01448BAW0,90,CHF,2008-10-24
K01448BBF0,90,CHF,2008-10-24
K01448BCV0,90,CHF,2008-10-24
K01448BDE0,90,CHF,2008-10-24
K01448BDT0,90,CHF,2008-10-24
K01448BEC0,90,CHF,2008-10-24
K01448BED0,90,CHF,2008-10-24
K01448BEX0,90,CHF,2008-10-24
K01448BFH0,90,CHF,2008-10-24
K01448BFS0,90,CHF,2008-10-24
K01448BGC0,90,CHF,2008-10-24
K01448BGD0,90,CHF,2008-10-24
K01448BGJ0,90,CHF,2008-10-24
K01448BGV0,90,CHF,2008-10-24
K01448BHV0,90,CHF,2008-10-24
K01448BIK0,90,CHF,2008-10-24
K01448BIO0,90,CHF,2008-10-24
K01448BIP0,90,CHF,2008-10-24
K01448BIZ0,90,CHF,2008-10-24
K01448BJW0,90,CHF,2008-10-24
K01448BJX0,90,CHF,2008-10-24
K01448BJY0,90,CHF,2008-10-24
K01448BJZ0,90,CHF,2008-10-24
K01448BKJ0,90,CHF,2008-10-24
K01448BKL0,90,CHF,2008-10-24
K01448BKO0,90,CHF,2008-10-24
K01448BKU0,90,CHF,2008-10-24
K01448AAM0,90,CHF,2008-07-31
K01448AAX0,90,CHF,2008-10-09
K01448ABH0,90,CHF,2008-10-09
K01448ABQ0,90,CHF,2008-10-21
K01448ABR0,90,CHF,2008-10-21
K01448ACJ0,90,CHF,2008-10-24
K01448ACM0,90,CHF,2008-10-24
K01448ACN0,90,CHF,2008-10-24
K01448ACU0,90,CHF,2008-10-24
K01448ACV0,90,CHF,2008-10-24
K01448ACY0,90,CHF,2008-10-24
K01448ADG0,90,CHF,2008-10-24
K01448ADH0,90,CHF,2008-10-24
K01448ADL0,90,CHF,2008-10-24
K01448ADN0,90,CHF,2008-10-24
K01448AFE0,90,CHF,2008-10-24
K01448AFK0,90,CHF,2008-10-24
K01448AFM0,90,CHF,2008-10-24
K01448AFR0,90,CHF,2008-10-24
K01448AGA0,90,CHF,2008-10-24
K01448AGI0,90,CHF,2008-10-24
K01448AGT0,90,CHF,2008-10-24
K01448AHE0,90,CHF,2008-10-24
K01448CFF0,90,CHF,2009-12-10
K01448CFH0,90,CHF,2009-12-10
K01448CFU0,90,CHF,2010-01-25
K01448CFW0,90,CHF,2010-02-08
K01448CFZ0,90,CHF,2010-02-09
K01448CGB0,90,CHF,2010-02-09
K01448CGH0,90,CHF,2010-02-09
K01448CGI0,90,CHF,2010-02-09
K01448CGQ0,90,CHF,2010-02-09
K01448CGT0,90,CHF,2010-02-09
K01448CHD0,90,CHF,2010-03-05
K01448CHE0,90,CHF,2010-03-05
K01448CHF0,90,CHF,2010-03-05
K01448CHG0,90,CHF,2010-03-05
K01448CHV0,90,CHF,2010-04-23
K01448CHZ0,90,CHF,2010-04-23
K01448CIL0,90,CHF,2010-05-18
K01448CIU0,90,CHF,2010-05-18
K01448CIV0,90,CHF,2010-05-18
K01448CJE0,90,CHF,2010-05-26
K01448CJL0,90,CHF,2010-05-26
K01448CJQ0,90,CHF,2010-05-26
K01448CJU0,90,CHF,2010-05-26
K01448CKA0,90,CHF,2010-05-26
K01448CKC0,90,CHF,2010-05-26
K01448CKQ0,90,CHF,2010-05-26
K01448CLM0,90,CHF,2010-07-02
K01448CMA0,20,CHF,2010-08-19
K01448CMC0,90,CHF,2010-08-19
K01448CMD0,90,CHF,2010-08-19
K01448CMI0,90,CHF,2010-08-19
K01448CMN0,90,CHF,2010-08-19
K01448CNC0,90,CHF,2010-09-06
K01448CNE0,90,CHF,2010-09-15
K01448CNJ0,90,CHF,2010-09-20
K01448CNV0,90,CHF,2010-10-04
K01448COB0,90,CHF,2010-10-11
K01448COP0,90,CHF,2010-11-08
K01448COT0,90,CHF,2010-11-08
K01448COW0,90,CHF,2010-11-08
K01448CPZ0,90,CHF,2010-12-02
K01448CQK0,90,CHF,2010-12-14
K01448CQN0,20,CHF,2011-04-01
K01448CQR0,90,CHF,2011-05-19
K01448CQY0,90,CHF,2011-05-18
K01448CRG0,90,CHF,2011-05-18
K01448CRK0,90,CHF,2011-05-18
K01448CRM0,90,CHF,2011-05-18
K01448CRS0,90,CHF,2011-05-18
K01448CRT0,90,CHF,2011-05-18
K01448CRV0,90,CHF,2011-05-18
K01448CSC0,90,EUR,2011-05-18
K01448CSG0,90,CHF,2011-05-18
K01448CSJ0,90,CHF,2011-05-18
K01448CTK0,90,CHF,2011-05-18
K01448CTM0,90,CHF,2011-05-18
K01448CTN0,90,CHF,2011-05-18
K01448CTW0,90,CHF,2011-05-18
K01448CUG0,90,CHF,2011-05-19
K01448CUH0,90,CHF,2011-05-19
K01448CUJ0,90,CHF,2011-05-30
K01448CUQ0,90,CHF,2011-05-30
K01448CVY0,90,CHF,2011-06-21
K01448CWA0,90,CHF,2011-06-21
K01448CWP0,90,CHF,2011-06-21
K01448CWT0,90,CHF,2011-06-21
K01448CWU0,90,CHF,2011-06-21
K01448CWX0,90,CHF,2011-06-21
K01448CXJ0,90,CHF,2011-06-21
K01448CXN0,90,CHF,2011-06-21
K01448CXX0,90,CHF,2011-07-01
K01448CXZ0,90,CHF,2011-07-01
K01448CYA0,90,CHF,2011-07-01
K01448CYB0,90,CHF,2011-07-01
K01448CYO0,90,CHF,2011-07-01
K01448CYP0,90,CHF,2011-07-01
K01448CYV0,90,CHF,2011-07-01
K01448CYX0,90,CHF,2011-07-01
K01448CZC0,90,CHF,2011-08-08
K01448CZH0,90,CHF,2011-08-08
K01448CZL0,90,CHF,2011-08-08
K01448CZO0,90,CHF,2011-08-08
K01448DAF0,90,CHF,2011-09-12
K01448DBB0,90,CHF,2012-03-19
K01448DBF0,90,CHF,2011-09-12
K01448DBI0,90,CHF,2011-11-23
K01448BLR0,90,CHF,2008-10-24
K01448BLX0,20,CHF,2008-10-24
K01448BLZ0,90,CHF,2008-10-24
K01448BMQ0,90,CHF,2008-10-24
K01448BNG0,90,CHF,2008-10-24
K01448BNY0,90,CHF,2008-10-24
K01448BOH0,90,CHF,2008-10-24
K01448BOJ0,90,CHF,2008-10-24
K01448BOL0,90,CHF,2008-10-24
K01448BOU0,90,CHF,2008-10-24
K01448BOV0,90,CHF,2008-10-24
K01448BPE0,90,CHF,2008-10-24
K01448BPG0,90,CHF,2008-10-24
K01448BPT0,90,CHF,2008-10-24
K01448BPZ0,90,CHF,2008-10-24
K01448BRA0,90,CHF,2008-10-24
K01448BRC0,90,CHF,2008-10-24
K01448BRF0,90,CHF,2008-10-24
K01448BRG0,90,CHF,2008-10-24
K01448BRH0,90,CHF,2008-10-24
K01448BRJ0,90,CHF,2008-10-24
K01448BRU0,90,CHF,2008-10-24
K01448BSS0,90,CHF,2008-10-24
K01448BSV0,90,CHF,2008-10-24
K01448BTP0,90,CHF,2008-10-24
K01448BTQ0,90,CHF,2008-10-24
K01448BTT0,90,CHF,2008-10-24
K01448BTV0,90,CHF,2008-10-24
K01448BUY0,90,CHF,2008-10-31
K01448BVO0,90,CHF,2008-12-01
K01448BVQ0,90,CHF,2008-12-01
K01448BWK0,90,CHF,2009-01-19
K01448BWL0,90,CHF,2009-01-19
K01448BXO0,90,CHF,2009-03-17
K01448BYE0,90,CHF,2009-03-17
K01448BYF0,90,CHF,2009-03-17
K01448BYU0,90,CHF,2009-04-22
K01448BYV0,90,CHF,2009-04-27
K01448BYZ0,90,CHF,2009-04-27
K01448BZH0,90,CHF,2009-04-27
K01448BZK0,90,CHF,2009-04-28
K01448BZN0,90,CHF,2009-05-05
K01448BZU0,90,CHF,2009-05-05
K01448BZW0,90,CHF,2009-05-05
K01448CAA0,90,CHF,2009-05-05
K01448CAB0,90,CHF,2009-05-05
K01448CAE0,90,CHF,2009-05-18
K01448CAF0,90,CHF,2009-05-20
K01448CAO0,90,CHF,2009-05-25
K01448CAW0,90,CHF,2009-05-25
K01448CAY0,90,CHF,2009-05-25
K01448CBS0,90,CHF,2009-08-13
K01448CCE0,90,CHF,2009-08-13
K01448CCF0,90,CHF,2009-08-13
K01448CCP0,90,CHF,2009-08-13
K01448CDE0,90,CHF,2009-09-15
K01448CDG0,90,CHF,2009-09-15
K01448CDI0,90,CHF,2009-09-15
K01448CDL0,90,CHF,2009-09-15
K01448CDT0,90,CHF,2009-10-12
K01448CDV0,90,CHF,2009-10-12
K01448CEE0,90,CHF,2009-11-12
K01448CEF0,90,CHF,2009-11-12
K01448CEK0,90,CHF,2009-11-12
K01448CEM0,90,CHF,2009-11-12
K01448CEP0,90,CHF,2009-11-12
K01448CEQ0,90,CHF,2009-11-12
K01448CEX0,90,CHF,2009-12-10
K01448CEZ0,90,CHF,2009-12-10
K01448EDD0,90,CHF,2013-08-12
K01448EDK0,90,CHF,2013-08-12
K01448EDL0,90,CHF,2013-08-12
K01448EEC0,90,CHF,2013-09-18
K01448EEI0,90,CHF,2013-09-18
K01448EEP0,90,CHF,2013-09-18
K01448EES0,90,CHF,2013-09-18
K01448EET0,90,CHF,2013-09-18
K01448EEX0,90,CHF,2013-09-18
K01448EFA0,90,CHF,2013-09-18
K01448EFE0,90,CHF,2013-09-18
K01448EFH0,90,CHF,2013-09-18
K01448EFQ0,90,CHF,2013-09-18
K01448EFR0,90,CHF,2013-09-18
K01448EFU0,90,CHF,2013-09-25
K01286HOZ0,20,CHF,2021-07-05
K01286HPD0,20,CHF,2021-07-05
K02151AZF0,20,CHF,2021-07-05
K07393BOU0,90,EUR,2021-07-07
K07393BOV0,90,EUR,2021-07-07
K040230000,20,CHF,2021-07-12
K067080000,10,CHF,2021-07-12
K107300000,20,EUR,2021-08-17
K11285AYQ0,20,CHF,2021-08-24
K11285AYU0,20,CHF,2021-08-24
K01286HQW0,20,CHF,2021-08-24
K01286HRC0,20,CHF,2021-08-24
K01286HRH0,20,CHF,2021-08-30
K059950000,20,CHF,2021-09-01
K01286HQO0,20,CHF,2021-08-03
K02503ABN0,20,CHF,2021-08-04
K01286HRL0,20,CHF,2021-09-07
K060130000,20,CHF,2021-09-07
K012570001,20,CHF,2021-09-15
K01286HRS0,20,CHF,2021-09-21
K01286HRY0,20,CHF,2021-09-21
K028960000,10,CHF,2021-10-14
K01286HSQ0,20,CHF,2021-10-19
K107320000,20,CHF,2021-10-21
K039980000,20,CHF,2021-11-01
K063650000,20,CHF,2021-11-24
K024360000,20,CHF,2021-11-29
K019690000,20,CHF,2021-11-29
K01286HUA0,20,CHF,2021-11-29
K178050000,10,CHF,2016-10-04
K01286DLX0,20,CHF,2016-10-06
K07393AUV0,90,EUR,2016-10-06
K07393AUW0,90,EUR,2016-10-06
K07393AUY0,90,EUR,2016-10-06
K07393AUX0,90,EUR,2016-10-06
K08095AAX0,20,CHF,2016-10-10
K036210000,90,CHF,2016-10-10
K08095AAY0,20,CHF,2016-10-10
K01448FFQ0,90,CHF,2016-02-24
K01448FFS0,90,CHF,2016-02-24
K01448FFT0,90,CHF,2016-02-24
K10100CPK0,90,EUR,2014-07-14
K10100CSU0,90,EUR,2014-09-15
K10100CXI0,90,EUR,2014-12-01
K10100CXQ0,90,EUR,2014-12-01
K10100DBY0,90,EUR,2015-03-13
K10100DBZ0,90,EUR,2015-03-13
K10100DCB0,90,EUR,2015-03-13
K10100DEE0,90,EUR,2015-04-08
K10100DMA0,90,EUR,2015-09-10
K02152AGV0,20,CHF,2016-09-05
K01286DKS0,20,CHF,2016-09-12
K004700000,90,CHF,2016-09-13
K01286DKY0,90,CHF,2016-09-15
K004670000,20,CHF,2016-09-16
K01286DLA0,20,CHF,2016-09-19
K01286DLB0,20,CHF,2016-09-19
K01286DLE0,20,CHF,2016-09-19
K17719AMT0,20,CHF,2016-09-22
K11285AGX0,20,CHF,2016-09-26
K01286DLJ0,20,CHF,2016-09-26
K01286DLI0,20,CHF,2016-09-26
K01286DLK0,20,CHF,2016-09-26
K11285AGY0,20,CHF,2016-09-27
K160980000,90,CHF,2016-09-28
K004590000,20,CHF,2016-09-29
K004610000,20,CHF,2016-09-27
K004630000,20,CHF,2016-09-20
K004570000,90,CHF,2016-09-29
K02152AGW0,20,CHF,2016-10-04
K04370AJN0,20,CHF,2016-10-11
K07393AVB0,90,EUR,2016-10-11
K004540000,90,CHF,2016-10-13
K01286DMC0,20,CHF,2016-10-13
K01286DMD0,20,CHF,2016-10-13
K161040000,20,CHF,2016-10-13
K036260000,20,CHF,2016-10-13
K052410000,20,CHF,2016-10-17
K123910000,20,CHF,2016-10-25
K129280000,20,CHF,2016-10-31
K027820000,10,CHF,2016-11-01
K01286DMT0,20,CHF,2016-11-01
K07393AVK0,90,EUR,2016-11-02
K02152AHC0,90,CHF,2016-11-03
K004400000,20,CHF,2016-11-09
K080220000,10,CHF,2017-01-04
K07393AWI0,90,EUR,2017-01-04
K026620000,20,CHF,2017-01-09
K07393AXO0,90,EUR,2017-01-18
K07393AXS0,90,EUR,2017-01-18
K01286CGT0,20,CHF,2014-08-05
K01286CRZ0,20,CHF,2015-03-25
K01448EYU0,90,CHF,2015-01-05
K01286DNF0,20,CHF,2016-11-11
K033530000,20,CHF,2016-11-21
K01286DNQ0,20,CHF,2016-11-21
K076100000,10,CHF,2016-11-23
K01286DNV0,20,CHF,2016-11-24
K068600000,20,CHF,2016-11-24
K161190000,20,CHF,2016-11-24
K01286DOW0,20,CHF,2016-12-19
K01286DOX0,20,CHF,2016-12-19
K098980000,10,CHF,2016-12-19
K097300000,90,CHF,2016-12-19
K023600000,20,CHF,2016-12-21
K130650000,10,CHF,2016-12-22
K07393AYT0,90,EUR,2017-01-18
K07393AYV0,90,EUR,2017-01-18
K17719ANC0,20,CHF,2017-01-19
K07393AXL0,90,EUR,2017-01-19
K07393AZV0,90,EUR,2017-01-19
K07393AWS0,90,EUR,2017-01-19
K07393AXD0,90,EUR,2017-01-19
K07393BAY0,90,EUR,2017-01-19
K161250000,20,CHF,2017-01-19
K01286DQA0,20,CHF,2017-01-23
K01286DPW0,20,CHF,2017-01-23
K01286DPY0,20,CHF,2017-01-23
K01448EFX0,90,CHF,2013-09-25
K01448EGJ0,90,CHF,2013-10-18
K01448EGS0,90,CHF,2013-10-25
K01448EHK0,90,CHF,2013-10-29
K01448EHO0,90,CHF,2013-10-29
K01448DBL0,90,CHF,2011-11-23
K01448DBP0,90,CHF,2011-11-23
K01448DCX0,90,CHF,2011-11-23
K01448DCY0,90,CHF,2011-11-23
K01448DDA0,90,CHF,2011-11-23
K01448DDB0,90,CHF,2011-11-23
K01448DDE0,90,CHF,2012-01-30
K01448DEU0,90,CHF,2012-01-30
K01448DFB0,90,CHF,2012-01-30
K01448DFF0,90,CHF,2012-01-30
K01448DFW0,90,CHF,2012-01-30
K01448DFX0,90,CHF,2012-01-30
K01448DGJ0,90,CHF,2012-05-03
K01448DGP0,90,CHF,2012-05-03
K01448DGR0,90,CHF,2012-05-03
K01448DHQ0,90,CHF,2012-05-03
K01448DHW0,90,CHF,2012-05-03
K01448DIX0,90,CHF,2012-07-18
K01448DIZ0,90,CHF,2012-07-20
K01448DJX0,90,CHF,2012-07-20
K01448DKM0,90,CHF,2012-07-20
K01448DKN0,90,CHF,2012-07-20
K01448DKO0,90,CHF,2012-07-23
K01448DKP0,90,CHF,2012-07-23
K01448DLA0,90,CHF,2012-09-17
K01448DLG0,90,CHF,2012-09-17
K01448DLN0,90,CHF,2012-09-17
K01448DLQ0,90,CHF,2012-09-14
K01448EQN0,90,CHF,2014-05-27
K11864AIU0,20,CHF,2010-06-17
K11864AIX0,20,CHF,2010-06-17
K11864AJK0,90,CHF,2010-06-17
K11864AJW0,90,CHF,2010-06-17
K11864AKB0,90,CHF,2010-06-17
K11864AKJ0,20,CHF,2010-11-04
K01286DQC0,20,CHF,2017-01-23
K01286DQH0,20,CHF,2017-01-31
K097320000,20,CHF,2017-02-14
K036950000,20,CHF,2017-02-16
K004150000,20,CHF,2017-02-16
K124260000,20,CHF,2017-02-17
K01286DRA0,20,CHF,2017-02-20
K04370AJZ0,20,CHF,2017-02-01
K07393BBI0,90,EUR,2017-02-07
K07393BBN0,90,EUR,2017-02-07
K07393BBS0,90,EUR,2017-02-07
K07393APD0,90,EUR,2015-09-17
K10100DGY0,90,EUR,2015-06-22
K10100DKH0,90,EUR,2015-08-04
K10100DNO0,90,EUR,2015-10-06
K02152AHR0,20,CHF,2017-03-07
K02152AHS0,20,CHF,2017-03-07
K02152AHV0,20,CHF,2017-03-07
K04370AKI0,20,CHF,2017-03-07
K07393BBV0,90,EUR,2017-03-08
K07393BBZ0,90,EUR,2017-03-08
K17719ANJ0,20,CHF,2017-03-10
K01286DRN0,90,CHF,2017-03-13
K01286DRM0,20,CHF,2017-03-14
K01286DRQ0,20,CHF,2017-03-14
K01286DRR0,20,CHF,2017-03-14
K01286DSM0,20,CHF,2017-03-14
K01286DSO0,20,CHF,2017-03-14
K130170000,10,CHF,2017-02-22
K01286DRC0,20,CHF,2017-03-01
K10100CNV0,90,EUR,2014-06-18
K165290000,20,CHF,2017-03-21
K01286CWZ0,20,CHF,2015-08-21
K01286DAR0,20,CHF,2015-12-07
K01286DDG0,20,CHF,2016-03-07
K07112ALX0,20,CHF,2015-09-10
K07393ANX0,90,EUR,2015-09-14
K07393ARX0,90,EUR,2016-04-05
K07393ASK0,90,EUR,2016-05-10
K11864AKS0,20,CHF,2011-01-21
K11864AKU0,20,CHF,2011-04-12
K11864ALF0,90,CHF,2014-05-14
K119040000,20,CHF,2011-09-01
K119460000,20,CHF,2006-07-24
K119700000,90,CHF,2006-07-24
K119860000,90,CHF,2006-07-24
K119870000,90,CHF,2008-02-29
K119890000,20,CHF,2007-10-16
K120110000,90,CHF,2012-06-11
K120130000,90,CHF,2013-06-11
K120160000,90,CHF,2006-07-24
K120200000,20,CHF,2007-11-01
K120630000,90,CHF,2006-07-24
K120660000,20,CHF,2009-10-09
K120880000,20,CHF,2006-07-24
K121130000,20,CHF,2006-11-03
K126710000,20,CHF,2006-07-24
K126720000,20,CHF,2009-03-20
K126730000,20,CHF,2009-08-11
K126740000,20,CHF,2010-02-11
K126870000,20,CHF,2006-07-24
K126990000,10,CHF,2006-07-24
K127180000,90,CHF,2006-07-24
K127390000,90,CHF,2006-07-24
K127510000,90,CHF,2006-07-24
K127590000,20,CHF,2009-02-18
K127670000,90,CHF,2006-07-24
K128090000,20,CHF,2006-07-24
K128210000,90,CHF,2006-07-24
K128230000,20,CHF,2006-09-15
K128250000,90,CHF,2006-07-24
K128260000,90,CHF,2006-07-24
K128360000,90,CHF,2010-08-24
K128370000,20,CHF,2012-05-22
K128510000,90,CHF,2006-07-24
K128670000,90,CHF,2006-07-24
K128800000,20,CHF,2006-07-24
K121350000,90,CHF,2006-07-24
K17719AKN0,20,CHF,2015-08-13
K11285AHR0,20,CHF,2017-03-23
K023100000,10,CHF,2017-03-24
K01286DSU0,20,CHF,2017-03-24
K01286CYV0,90,CHF,2015-10-14
K01286DAP0,20,CHF,2015-12-07
K01286DCW0,20,CHF,2016-02-18
K01286DDJ0,20,CHF,2016-03-07
K01286DEJ0,20,CHF,2016-04-01
K07393AOL0,90,EUR,2015-09-14
K07393AOS0,90,EUR,2015-09-14
K01286DTC0,20,CHF,2017-03-28
K10100DPA0,90,EUR,2017-03-30
K10100DPI0,90,EUR,2017-03-30
K10100DPP0,90,EUR,2017-03-31
K10100DPV0,90,EUR,2017-03-31
K116960000,20,CHF,2017-04-03
K10100DPZ0,90,EUR,2017-04-03
K10100DQH0,90,EUR,2017-04-03
K10100DRG0,90,EUR,2017-04-03
K10100DRN0,90,EUR,2017-04-03
K10100DRO0,90,EUR,2017-04-03
K10100DRX0,90,EUR,2017-04-03
K10100DSB0,90,EUR,2017-04-03
K10100DSC0,90,EUR,2017-04-03
K10100DSK0,90,EUR,2017-04-03
K004020000,10,CHF,2017-04-04
K01286DTK0,20,CHF,2017-04-04
K10100DTI0,90,EUR,2017-04-04
K10100DSJ0,90,EUR,2017-04-04
K02152AIE0,20,CHF,2017-04-05
K10100DTW0,90,EUR,2017-04-05
K01286DUG0,20,CHF,2017-04-24
K01286DUN0,20,CHF,2017-05-03
K01286DUP0,20,CHF,2017-05-03
K10100DVJ0,90,EUR,2017-05-04
K10100DUL0,90,EUR,2017-05-05
K10100DUM0,90,EUR,2017-05-05
K10100DVC0,90,EUR,2017-05-05
K121360000,90,CHF,2007-09-17
K121510000,90,CHF,2007-12-14
K121570000,90,CHF,2006-07-24
K121580000,90,CHF,2006-07-24
K121590000,20,CHF,2010-11-19
K121680000,20,CHF,2006-07-24
K121750000,10,CHF,2006-07-24
K121910000,20,CHF,2006-07-24
K121980000,20,CHF,2006-07-24
K122460000,20,CHF,2006-07-24
K122490000,90,CHF,2006-07-24
K122530000,20,CHF,2006-11-16
K122600001,90,CHF,2007-04-18
K122650000,90,CHF,2006-07-24
K122790000,20,CHF,2016-01-25
K123220000,90,CHF,2011-06-10
K123230000,20,CHF,2014-12-01
K123280000,20,CHF,2006-07-24
K123320000,10,CHF,2006-07-24
K123410000,20,CHF,2006-07-24
K123520000,20,CHF,2006-11-14
K128840000,20,CHF,2006-07-24
K128880000,20,CHF,2012-12-28
K128890000,20,EUR,2015-01-30
K129220000,90,CHF,2006-07-24
K129610000,90,CHF,2006-07-24
K129720000,20,CHF,2006-07-24
K129770000,20,CHF,2006-07-24
K129880000,20,CHF,2006-07-24
K129990000,90,CHF,2006-07-24
K130030000,90,CHF,2008-10-14
K130040000,90,CHF,2006-07-24
K130090000,20,CHF,2006-07-24
K130390000,10,CHF,2006-07-24
K130610000,20,CHF,2006-07-24
K130640000,20,CHF,2006-07-24
K130770000,10,CHF,2006-07-24
K131090000,20,CHF,2006-10-12
K131100000,20,CHF,2010-04-15
K07393BCN0,90,EUR,2017-05-08
K07393BCU0,90,EUR,2017-05-08
K07393BCV0,90,EUR,2017-05-08
K07393BCQ0,90,EUR,2017-05-08
K027380000,20,CHF,2017-05-08
K000210000,20,CHF,2017-05-30
K02151ASE0,20,CHF,2017-05-30
K017900000,20,CHF,2017-05-31
K07393BDA0,90,EUR,2017-06-07
K11285AHU0,90,CHF,2017-04-12
K11285AHV0,90,CHF,2017-04-12
K17719ANO0,20,CHF,2017-04-13
K17719ANP0,20,CHF,2017-04-19
K01286DTZ0,20,CHF,2017-04-20
K17719ANT0,20,CHF,2017-04-28
K032270000,90,CHF,2017-04-28
K003900000,10,CHF,2017-04-28
K01286DUZ0,90,CHF,2017-05-15
K01286DVA0,20,CHF,2017-05-15
K01286DVB0,20,CHF,2017-05-15
K01286DVC0,20,CHF,2017-05-15
K01286DVE0,20,CHF,2017-05-16
K000200000,90,CHF,2017-05-24
K01286DVL0,20,CHF,2017-05-29
K17719ANZ0,20,CHF,2017-06-12
K01286DWD0,20,CHF,2017-06-13
K079530000,90,CHF,2017-06-14
K11285AID0,20,CHF,2017-06-19
K11285AIF0,20,EUR,2017-06-19
K01286DWK0,20,CHF,2017-06-19
K01286DWP0,20,CHF,2017-06-19
K003750000,20,EUR,2017-06-20
K02151ASG0,20,CHF,2017-06-21
K003730000,20,EUR,2017-06-22
K01448FGC0,90,CHF,2017-06-23
K01286DXB0,20,CHF,2017-06-26
K07393BDD0,90,EUR,2017-06-07
K07393BDG0,90,EUR,2017-06-07
K027430000,90,CHF,2017-07-04
K131200001,90,CHF,2010-01-04
K131210000,20,CHF,2012-06-07
K131310000,90,CHF,2006-07-24
K131520000,20,CHF,2006-07-24
K131660000,90,CHF,2006-07-24
K131720000,90,CHF,2006-07-24
K123830000,20,CHF,2006-07-28
K123980000,90,CHF,2014-11-13
K124050000,90,CHF,2006-07-24
K124090000,20,CHF,2006-07-24
K124500000,90,CHF,2006-07-24
K124650000,90,CHF,2008-05-22
K124690000,20,CHF,2009-09-16
K124700000,20,CHF,2006-07-24
K124720000,90,CHF,2008-05-14
K124730000,20,CHF,2006-07-24
K124760000,90,CHF,2008-07-16
K125040000,20,CHF,2014-02-11
K125080000,90,CHF,2006-07-24
K125350000,20,CHF,2006-07-24
K125410000,90,CHF,2006-07-24
K125540000,90,CHF,2010-08-19
K125570000,90,CHF,2006-07-24
K125760000,90,CHF,2006-07-24
K125800000,90,CHF,2008-07-02
K125860008,90,CHF,2006-07-28
K126030001,20,CHF,2012-11-05
K126040000,90,CHF,2011-01-14
K131750000,20,CHF,2006-07-24
K131900000,90,CHF,2008-07-15
K131920000,20,CHF,2009-01-29
K132080000,90,CHF,2006-11-13
K132340000,20,CHF,2010-03-19
K132670000,90,CHF,2006-07-24
K132850000,20,CHF,2006-07-24
K132960000,90,CHF,2008-05-19
K132990000,90,CHF,2011-09-28
K133010000,20,CHF,2006-07-24
K133040000,10,CHF,2014-07-22
K02152AIR0,20,CHF,2017-07-04
K02152AIU0,20,CHF,2017-07-04
K02152AIV0,20,CHF,2017-07-04
K000380000,20,CHF,2017-07-20
K052090002,90,CHF,2017-07-20
K10100DWC0,90,EUR,2017-07-24
K10100DXV0,90,EUR,2017-07-24
K10100DXY0,90,EUR,2017-07-24
K10100DYA0,90,EUR,2017-07-24
K10100DYK0,90,EUR,2017-07-24
K10100DYM0,90,EUR,2017-07-24
K10100DYQ0,90,EUR,2017-07-24
K10100DZH0,90,EUR,2017-07-24
K10100DZI0,90,EUR,2017-07-24
K01286DYX0,20,CHF,2017-07-25
K01286DZD0,20,CHF,2017-07-25
K01286DZM0,20,CHF,2017-07-25
K01286DYG0,90,CHF,2017-07-06
K01286DYJ0,20,CHF,2017-07-06
K01286DXK0,20,CHF,2017-07-06
K01286DXM0,20,CHF,2017-07-06
K07393APQ0,90,EUR,2015-10-01
K01286DXX0,20,CHF,2017-07-06
K17719AOD0,20,CHF,2017-07-07
K000310000,20,CHF,2017-07-10
K10100DVY0,90,EUR,2017-07-10
K10100DZP0,90,EUR,2017-08-04
K10100DZQ0,90,EUR,2017-08-04
K10100DZT0,90,EUR,2017-08-04
K10100DZZ0,90,EUR,2017-08-04
K10100EAD0,90,EUR,2017-08-04
K10100EAJ0,90,EUR,2017-08-04
K10100EAP0,90,EUR,2017-08-04
K10100EAS0,90,EUR,2017-08-04
K10100EAI0,90,EUR,2017-08-04
K01286EBW0,20,CHF,2017-08-07
K01286EBX0,20,CHF,2017-08-14
K01286DZY0,20,CHF,2017-07-25
K01286EAH0,20,CHF,2017-07-25
K133300000,20,CHF,2012-12-21
K133320000,20,CHF,2006-07-24
K133370000,90,CHF,2007-01-30
K133420000,20,CHF,2006-07-24
K133430000,20,CHF,2006-07-24
K133440000,90,CHF,2006-07-24
K133450000,20,CHF,2007-04-17
K133460000,90,CHF,2006-07-24
K133580000,20,CHF,2008-07-01
K133670000,20,CHF,2006-07-24
K133780000,90,CHF,2006-07-24
K126240000,20,CHF,2012-07-06
K126250000,90,CHF,2007-11-13
K126270000,90,EUR,2006-07-24
K126330000,20,CHF,2006-07-24
K126420000,20,CHF,2011-09-27
K126460000,90,CHF,2006-07-24
K126630000,20,CHF,2010-01-07
K136550000,90,CHF,2006-07-24
K136660000,20,CHF,2006-07-24
K136810000,90,CHF,2006-07-24
K137010000,90,CHF,2006-07-24
K137050000,20,CHF,2009-06-19
K137290000,20,CHF,2008-09-01
K137360000,90,CHF,2008-03-20
K137500000,90,CHF,2006-07-24
K137590000,90,CHF,2007-12-05
K13762AAC0,90,CHF,2010-02-09
K13762ABI0,90,CHF,2010-02-25
K13762ABM0,90,CHF,2010-02-25
K13762ABU0,90,CHF,2010-02-25
K13762ACB0,90,CHF,2010-02-25
K13762ACC0,90,CHF,2010-02-25
K13762ACL0,90,CHF,2010-02-25
K13762ACM0,90,CHF,2010-02-25
K13762ADM0,90,CHF,2010-11-11
K13762ADU0,90,CHF,2011-01-26
K13762ADX0,90,CHF,2011-01-26
K13762ADY0,90,CHF,2011-01-26
K01286EAQ0,20,CHF,2017-07-25
K01286EAW0,20,CHF,2017-07-25
K01286EBE0,20,CHF,2017-07-31
K01286EBH0,20,CHF,2017-07-31
K154730001,90,CHF,2017-08-03
K04370AKR0,20,CHF,2017-08-04
K000670000,20,CHF,2017-08-23
K01286ECR0,20,CHF,2017-08-29
K01286ECS0,20,CHF,2017-08-29
K01286ECV0,20,CHF,2017-08-29
K01286ECW0,20,CHF,2017-08-29
K01286EDA0,20,CHF,2017-08-29
K01286EDB0,20,CHF,2017-08-29
K01286EDG0,20,CHF,2017-08-29
K02151ASN0,20,CHF,2017-08-30
K17719AOF0,90,CHF,2017-09-01
K02151ASR0,90,CHF,2017-09-04
K01286EEA0,20,CHF,2017-09-04
K01286EEC0,20,CHF,2017-09-04
K02152AJD0,20,CHF,2017-09-07
K10100EBT0,90,EUR,2017-09-07
K10100ECB0,90,EUR,2017-09-07
K10100ECD0,90,EUR,2017-09-07
K10100ECG0,90,EUR,2017-09-07
K10100ECI0,90,EUR,2017-09-07
K01286EEJ0,20,CHF,2017-09-11
K01286EEW0,20,CHF,2017-09-11
K02151AST0,20,CHF,2017-09-11
K000940000,10,CHF,2017-09-21
K01286EFY0,20,CHF,2017-09-25
K01286EGA0,20,CHF,2017-09-25
K01286EGF0,20,CHF,2017-09-25
K000980000,20,CHF,2017-10-03
K02152AJJ0,20,CHF,2017-10-05
K10100ECP0,90,EUR,2017-10-09
K10100ECR0,90,EUR,2017-10-09
K10100ECV0,90,EUR,2017-10-09
K10100ECX0,90,EUR,2017-10-09
K10100EDA0,90,EUR,2017-10-09
K13762AEG0,90,CHF,2011-01-26
K13762AEO0,90,CHF,2011-02-28
K13762AEP0,90,CHF,2011-03-18
K13762AET0,90,CHF,2011-04-21
K13762AEU0,90,CHF,2011-05-11
K13762AEY0,90,CHF,2011-05-20
K13762AFE0,90,CHF,2011-05-20
K13762AFH0,90,CHF,2011-05-20
K13762AFZ0,90,CHF,2011-05-20
K13762AGD0,90,CHF,2011-05-20
K13762AGE0,90,CHF,2011-05-20
K13762AGY0,90,CHF,2011-05-20
K13762AHM0,90,CHF,2011-08-03
K13762AHV0,90,CHF,2011-08-03
K13762AIB0,90,CHF,2011-08-03
K13762AIP0,90,CHF,2011-08-03
K13762AIQ0,90,CHF,2011-08-03
K13762AIS0,90,CHF,2011-08-03
K13762AJF0,90,CHF,2011-08-03
K13762AJI0,90,CHF,2011-08-03
K13762AJJ0,90,CHF,2011-08-03
K13762AJR0,90,CHF,2011-08-03
K13762YYYY,90,CHF,2009-12-22
K137680000,90,CHF,2006-07-24
K137690000,20,CHF,2011-02-21
K137740000,20,CHF,2006-07-24
K137830000,90,CHF,2006-07-24
K137840000,90,CHF,2006-07-24
K137960000,90,CHF,2009-03-04
K138010000,90,CHF,2006-07-24
K138040000,90,CHF,2014-06-02
K138150000,10,CHF,2006-07-24
K138210000,90,CHF,2006-07-24
K138300000,20,CHF,2006-10-09
K138310000,20,CHF,2007-03-16
K138340000,20,CHF,2006-07-24
K133880000,20,CHF,2006-07-24
K133890000,90,CHF,2013-10-29
K133900000,90,CHF,2006-07-24
K133970000,10,CHF,2010-05-31
K10100EDO0,90,EUR,2017-10-09
K10100EDS0,90,EUR,2017-10-09
K10100EDV0,90,EUR,2017-10-09
K10100EDZ0,90,EUR,2017-10-09
K10100EEA0,90,EUR,2017-10-09
K01286EGW0,20,CHF,2017-10-09
K01286EHH0,20,CHF,2017-10-10
K098500000,20,CHF,2017-10-16
K01286EHR0,20,CHF,2017-10-16
K01286EHY0,20,CHF,2017-10-16
K001210000,90,CHF,2017-10-19
K001260000,20,EUR,2017-10-19
K17719AOI0,20,CHF,2017-10-20
K01286EII0,20,CHF,2017-10-23
K17719AOM0,20,CHF,2017-11-08
K01286EKM0,20,CHF,2017-11-08
K07393BEU0,90,EUR,2017-11-08
K07393BEY0,90,EUR,2017-11-08
K07393BFA0,90,EUR,2017-11-08
K02151ASZ0,20,CHF,2017-11-08
K005090000,10,CHF,2016-07-25
K07393ANG0,90,EUR,2015-07-13
K07393AOM0,90,EUR,2015-09-14
K10100BSA0,90,EUR,2013-07-09
K10100BSW0,90,EUR,2013-07-09
K10100BUZ0,90,EUR,2013-08-13
K10100BVR0,90,EUR,2013-08-13
K10100BVS0,90,EUR,2013-08-13
K10100BXY0,90,EUR,2013-10-24
K10100BYH0,90,EUR,2013-10-24
K10100BYI0,90,EUR,2013-10-24
K10100CCY0,90,EUR,2013-12-06
K10100CFP0,90,EUR,2014-01-10
K10100CHF0,90,EUR,2014-02-19
K10100CIK0,90,EUR,2014-03-19
K10100CIL0,90,EUR,2014-03-19
K082990000,20,EUR,2017-10-31
K11285AJB0,20,CHF,2017-11-02
K10100EEF0,90,EUR,2017-11-02
K10100EEQ0,90,EUR,2017-11-02
K134000000,20,CHF,2006-07-24
K134120000,20,CHF,2010-11-02
K134170000,10,CHF,2006-07-24
K134240000,20,CHF,2006-07-24
K134320000,10,CHF,2006-07-24
K134390000,20,CHF,2015-01-23
K134460000,20,CHF,2007-09-11
K134540000,90,CHF,2006-07-24
K134550000,90,CHF,2006-07-24
K134600000,20,CHF,2006-07-24
K134700000,90,CHF,2006-07-24
K134770000,20,CHF,2006-07-24
K134990000,20,CHF,2006-07-24
K135000000,10,CHF,2006-09-21
K135080000,10,CHF,2006-07-24
K135200000,90,CHF,2011-07-01
K135340000,90,CHF,2006-07-24
K135390000,20,CHF,2006-07-24
K135400000,90,CHF,2006-07-24
K135470000,20,CHF,2006-07-24
K135490000,10,CHF,2006-07-24
K135500000,90,CHF,2006-07-24
K138390000,90,CHF,2007-12-27
K138560000,90,CHF,2008-03-06
K138570000,90,CHF,2008-11-03
K138750000,90,CHF,2006-07-24
K138830000,90,CHF,2006-07-24
K138930000,90,CHF,2008-01-18
K138950000,10,CHF,2009-01-16
K138990000,20,CHF,2006-07-24
K139040000,90,CHF,2006-07-24
K139090000,90,CHF,2006-07-24
K139100000,20,CHF,2006-07-24
K139110000,20,CHF,2006-07-24
K139360000,90,CHF,2006-07-24
K139390000,20,CHF,2008-05-16
K139410000,90,CHF,2009-02-10
K139440000,90,CHF,2006-07-24
K139630000,90,CHF,2006-07-24
K10100EEW0,90,EUR,2017-11-02
K10100EFB0,90,EUR,2017-11-02
K10100EFE0,90,EUR,2017-11-02
K10100EFF0,90,EUR,2017-11-02
K01286EJC0,20,CHF,2017-11-02
K01286EJZ0,20,CHF,2017-11-03
K01286EJJ0,20,CHF,2017-11-03
K01286EKJ0,20,CHF,2017-11-06
K001520000,20,CHF,2017-12-01
K10100EFY0,90,EUR,2017-12-04
K10100EGR0,90,EUR,2017-12-04
K10100CIS0,90,EUR,2014-03-19
K10100CIU0,90,EUR,2014-03-19
K10100CKE0,90,EUR,2014-04-09
K10100CKF0,90,EUR,2014-04-09
K10100CKI0,90,EUR,2014-04-09
K10100CKN0,90,EUR,2014-04-09
K10100CKO0,90,EUR,2014-04-09
K10100CKV0,90,EUR,2014-04-09
K10100CMF0,90,EUR,2014-05-22
K10100CNQ0,90,EUR,2014-06-18
K10100CNT0,90,EUR,2014-06-18
K10100COC0,90,EUR,2014-06-18
K10100COJ0,90,EUR,2014-06-18
K10100CPO0,90,EUR,2014-07-15
K10100CTC0,90,EUR,2014-09-15
K10100CUL0,90,EUR,2014-10-08
K10100CXS0,90,EUR,2014-12-01
K10100CYZ0,90,EUR,2015-01-15
K10100CZG0,90,EUR,2015-01-15
K10100CZL0,90,EUR,2015-01-15
K10100DCS0,90,EUR,2015-03-13
K10100DHN0,90,EUR,2015-06-22
K10100DIP0,90,EUR,2015-07-08
K10100DKF0,90,EUR,2015-08-04
K10100DMF0,90,EUR,2015-09-10
K10100DMT0,90,EUR,2015-09-10
K10100DNQ0,90,EUR,2015-10-06
K01111KA09,20,CHF,2015-07-28
K01111KC05,20,CHF,2014-08-20
K139680000,90,CHF,2009-07-01
K139700000,90,CHF,2006-07-24
K139710000,90,CHF,2008-10-09
K139770000,20,CHF,2006-07-24
K139910000,90,CHF,2009-08-25
K135550000,20,CHF,2006-07-24
K135570000,20,CHF,2006-07-24
K135800000,20,CHF,2007-07-17
K135810000,90,CHF,2007-09-13
K135910000,90,CHF,2008-03-25
K136040000,20,CHF,2006-07-24
K136240000,20,CHF,2006-07-24
K136270000,20,CHF,2006-07-24
K136290000,20,CHF,2006-07-24
K143930000,90,CHF,2006-07-24
K144160000,20,CHF,2006-07-24
K144180000,20,CHF,2006-08-17
K144260000,20,CHF,2006-07-24
K144270000,20,CHF,2006-07-24
K144350000,90,CHF,2006-07-24
K144400000,10,CHF,2006-07-24
K144420000,20,CHF,2006-07-24
K144480000,90,CHF,2006-07-24
K144640000,20,CHF,2006-07-24
K144670000,90,CHF,2006-07-24
K144680000,20,CHF,2006-07-24
K144790000,20,CHF,2008-10-27
K145010000,90,CHF,2006-07-24
K145130000,90,CHF,2007-11-15
K145210000,90,CHF,2007-12-14
K145260000,20,CHF,2006-07-24
K145320000,20,CHF,2006-07-24
K145340000,90,CHF,2007-07-23
K145370000,10,CHF,2007-07-23
K145420003,90,CHF,2008-08-04
K145420005,90,CHF,2008-08-04
K14542AAD0,90,CHF,2011-07-25
K14542AAL0,90,CHF,2011-07-25
K14542AAU0,90,CHF,2011-07-25
K14542AAW0,90,CHF,2011-07-25
K14542AAZ0,90,CHF,2011-07-25
K14542ABC0,90,CHF,2011-07-25
K14542ABG0,90,CHF,2011-07-25
K14542ABO0,90,CHF,2011-07-25
K14542ABT0,90,CHF,2011-07-25
K14542ACB0,20,CHF,2011-07-25
K14542ACM0,90,CHF,2011-07-25
K14542ACO0,90,CHF,2011-07-25
K14542ACT0,90,CHF,2011-07-25
K14542ACY0,90,CHF,2011-07-25
K14542ADJ0,90,CHF,2011-07-25
K14542ADQ0,90,CHF,2011-07-25
K140140000,20,CHF,2007-11-27
K140160000,20,CHF,2010-02-10
K140190000,20,CHF,2006-07-24
K140430000,90,CHF,2006-07-24
K140450000,90,CHF,2006-07-24
K140480000,20,CHF,2006-07-24
K140520000,90,CHF,2007-12-06
K140670000,90,CHF,2013-11-07
K140710000,90,CHF,2006-07-24
K140730000,20,CHF,2010-07-05
K141110000,90,CHF,2012-06-20
K141330000,20,CHF,2006-07-24
K141460000,20,CHF,2007-06-12
K142410000,10,CHF,2006-07-24
K143030000,90,CHF,2006-07-24
K143060000,20,CHF,2006-07-24
K143080000,20,CHF,2006-07-24
K143430000,90,CHF,2006-07-24
K143450000,20,CHF,2011-11-25
K143500000,90,CHF,2006-07-24
K143520000,20,CHF,2006-07-24
K143660000,90,CHF,2006-07-24
K143670000,90,CHF,2006-07-24
K150130000,10,CHF,2006-07-24
K150160000,20,CHF,2010-01-08
K150200000,10,CHF,2006-07-24
K150250000,90,CHF,2006-07-24
K150260000,20,CHF,2006-07-24
K150290000,20,CHF,2006-07-24
K150330001,90,CHF,2006-07-26
K150330004,90,CHF,2006-07-28
K150330011,90,CHF,2006-07-28
K150330018,90,CHF,2006-07-28
K150330021,90,CHF,2006-07-28
K150330027,90,CHF,2006-07-28
K150330035,90,CHF,2006-07-28
K150330038,90,CHF,2006-07-28
K150330041,90,CHF,2006-07-28
K150330047,90,CHF,2006-07-28
K150330057,90,CHF,2006-07-28
K150330061,90,CHF,2006-07-28
K150330069,90,CHF,2006-07-28
K150330089,90,CHF,2006-07-28
K150330091,90,CHF,2006-07-28
K150330095,90,CHF,2006-07-28
K150330103,90,CHF,2006-07-28
K150330110,90,CHF,2006-07-28
K150330126,90,CHF,2006-07-28
K150330133,90,CHF,2006-07-28
K150330135,90,CHF,2006-07-28
K150330139,90,CHF,2007-02-21
K150330147,90,CHF,2008-06-03
K150330149,90,CHF,2008-06-03
K150330150,90,CHF,2008-06-03
K150330156,90,CHF,2008-06-03
K150330172,90,CHF,2008-06-03
K150330178,90,CHF,2008-06-03
K150330187,90,CHF,2008-06-03
K150330188,90,CHF,2008-06-03
K150330191,90,CHF,2008-06-03
K150330200,90,CHF,2008-06-03
K150330215,90,CHF,2008-06-03
K150330222,90,CHF,2008-06-03
K150330225,90,CHF,2008-07-11
K150330226,90,CHF,2008-07-11
K01111KC08,20,CHF,2015-10-26
K01111KD04,20,CHF,2014-08-20
K01111KM01,20,CHF,2016-05-10
K01111KN09,20,CHF,2015-07-01
K01286CLV0,90,CHF,2014-11-03
K01286CPS0,20,CHF,2015-01-22
K01286CRR0,20,CHF,2015-03-09
K01286CVB0,20,CHF,2015-06-29
K02152ACY0,20,CHF,2015-06-23
K02152AEE0,20,CHF,2015-12-02
K04370AEE0,20,CHF,2015-08-07
K07112ALW0,20,CHF,2015-09-10
K117540000,20,CHF,2017-12-11
K003560000,20,CHF,2017-12-12
K001570000,20,CHF,2017-12-13
K029490000,20,CHF,2017-12-15
K022070000,10,EUR,2017-12-22
K01286EMA0,20,CHF,2017-12-08
K01286EMC0,20,CHF,2017-12-08
K01286EMD0,20,CHF,2017-12-08
K150331011,90,CHF,2013-08-28
K150331014,90,CHF,2013-08-28
K150331027,90,CHF,2013-08-29
K150331030,90,CHF,2013-08-29
K150331033,90,CHF,2013-08-29
K150331043,90,CHF,2013-08-29
K150331057,90,CHF,2014-06-03
K150331060,90,CHF,2014-06-03
K150331073,90,CHF,2014-06-03
K150331075,90,CHF,2014-06-03
K150331078,90,CHF,2014-06-03
K150331081,90,CHF,2014-06-03
K150331088,90,CHF,2014-06-03
K150331095,90,CHF,2014-06-05
K150331110,90,CHF,2015-03-03
K150331116,90,CHF,2015-03-27
K150331119,90,CHF,2015-04-02
K150331120,90,CHF,2015-04-10
K150331135,90,CHF,2015-11-05
K150331137,90,CHF,2015-11-26
K150330230,90,CHF,2008-07-11
K150330243,90,CHF,2008-07-11
K150330255,90,CHF,2008-07-11
K150330260,90,CHF,2008-07-11
K150330269,90,CHF,2008-12-01
K150330271,90,CHF,2009-03-10
K150330274,90,CHF,2009-04-22
K150330289,90,CHF,2009-04-22
K150330296,90,CHF,2009-04-22
K150330307,90,CHF,2009-04-22
K150330329,90,CHF,2009-04-22
K150330331,90,CHF,2009-04-22
K150330337,90,CHF,2009-04-22
K150330345,90,CHF,2009-04-22
K150330348,90,CHF,2009-04-22
K150330350,90,CHF,2009-04-22
K150330362,90,CHF,2009-04-22
K150330368,90,CHF,2009-04-22
K150330374,90,CHF,2009-04-22
K150330387,90,CHF,2009-04-22
K150330400,90,CHF,2009-04-22
K150330418,90,CHF,2009-05-13
K150330421,90,CHF,2009-05-19
K150330424,90,CHF,2009-07-08
K150330431,90,CHF,2009-10-05
K150330442,90,CHF,2009-10-05
K10100BCO0,90,EUR,2013-01-17
K10100BDD0,90,EUR,2013-01-17
K096700000,20,CHF,2006-07-24
K096710005,20,CHF,2008-07-14
K09671AAD0,20,CHF,2008-11-24
K09671AAM0,90,CHF,2009-10-05
K09671AAQ0,20,CHF,2009-11-02
K09671AAT0,20,CHF,2010-07-05
K09671ABB0,20,CHF,2013-09-13
K096730000,90,CHF,2006-11-28
K096740000,10,CHF,2006-07-24
K096750000,10,CHF,2009-05-14
K096940000,10,CHF,2006-07-24
K15033AAAA,90,CHF,2008-04-22
K150460000,90,CHF,2007-09-14
K150500000,90,CHF,2006-07-24
K150630000,90,CHF,2010-01-06
K150660000,90,CHF,2006-07-24
K168860000,20,CHF,2007-06-13
K168940000,20,CHF,2007-06-25
K168970000,20,CHF,2007-06-27
K169120000,90,EUR,2007-09-03
K169270000,20,CHF,2007-10-02
K169360000,20,CHF,2008-01-15
K169380000,90,CHF,2008-01-29
K169460000,90,CHF,2008-03-04
K169480000,90,CHF,2008-03-11
K169490000,90,CHF,2008-03-25
K169560000,90,CHF,2008-04-18
K169620000,90,CHF,2008-05-08
K169970000,20,CHF,2009-02-23
K170040000,90,CHF,2007-10-11
K170070000,20,CHF,2008-04-09
K170270000,90,CHF,2007-12-18
K170330000,20,CHF,2008-01-17
K170340000,20,CHF,2008-01-21
K170410000,10,CHF,2008-02-11
K170520000,90,CHF,2008-03-06
K170670000,90,CHF,2008-04-16
K170840000,20,CHF,2012-02-10
K170920000,90,CHF,2011-10-04
K150000000,20,CHF,2007-01-09
K150800000,20,CHF,2006-07-24
K150970000,90,CHF,2006-07-24
K151050000,90,CHF,2006-07-24
K151110000,90,CHF,2006-07-24
K151160000,90,CHF,2008-07-16
K151210000,90,CHF,2006-07-24
K151360000,90,CHF,2009-07-01
K151370000,90,CHF,2006-07-24
K151410000,90,CHF,2006-07-24
K151420000,90,CHF,2006-07-24
K096960000,10,CHF,2006-07-24
K097020000,90,CHF,2007-09-24
K097110000,10,CHF,2013-05-17
K097170000,20,CHF,2006-07-24
K097210000,10,CHF,2015-07-29
K097280000,90,CHF,2006-11-14
K097820000,90,CHF,2006-07-24
K098070000,20,CHF,2006-07-24
K098190000,20,CHF,2006-07-24
K098210000,90,CHF,2008-01-09
K098300000,20,CHF,2006-07-24
K098430000,20,CHF,2006-07-24
K098520000,90,CHF,2006-08-01
K098710000,20,CHF,2006-07-24
K098940000,20,CHF,2006-07-24
K099200000,90,CHF,2010-06-14
K09921XXXX,20,CHF,2014-06-25
K099410000,90,CHF,2006-07-24
K099430000,90,CHF,2010-04-20
K09974AAA0,20,CHF,2008-07-04
K09974AAI0,20,CHF,2008-08-15
K09974AAK0,90,CHF,2008-08-15
K09974AAV0,90,CHF,2009-09-28
K09974AAW0,90,CHF,2009-09-28
K09974ABD0,90,CHF,2010-04-27
K09974ABN0,90,CHF,2010-04-27
K09974ABO0,90,CHF,2010-04-27
K09974ABP0,90,CHF,2010-04-27
K09974ACI0,90,CHF,2010-04-27
K09974ACK0,90,CHF,2010-04-27
K09974ACV0,90,CHF,2010-04-27
K09974ADH0,90,CHF,2010-04-27
K09974ADP0,90,CHF,2010-04-27
K09974AED0,20,CHF,2010-04-27
K09974AEG0,90,CHF,2010-04-27
K09974AEK0,90,CHF,2010-04-27
K09974AET0,90,CHF,2010-04-27
K09974AEW0,90,CHF,2010-04-27
K09974AFA0,90,CHF,2010-04-27
K151560009,90,CHF,2007-04-30
K151560012,90,CHF,2007-06-08
K151560015,90,CHF,2007-06-08
K151560020,20,CHF,2007-12-19
K151560031,20,CHF,2008-01-09
K151560051,90,CHF,2008-01-10
K151560063,20,CHF,2008-04-08
K151560067,90,CHF,2008-06-18
K151560069,90,CHF,2008-10-06
K151560073,20,CHF,2009-03-02
K151560077,20,CHF,2010-11-18
K151560081,90,CHF,2011-01-03
K151560087,20,CHF,2011-03-22
K151560091,20,CHF,2012-04-12
K151560095,20,CHF,2013-01-08
K151560098,90,CHF,2013-06-21
K151610000,20,CHF,2010-01-28
K151690000,20,CHF,2006-07-24
K151790000,20,CHF,2006-07-24
K15180AAD0,90,CHF,2009-02-23
K151840000,90,CHF,2006-07-24
K151850000,20,CHF,2006-07-24
K151870000,90,CHF,2006-07-24
K151970000,10,CHF,2006-07-24
K152150000,20,CHF,2006-07-24
K152190000,20,CHF,2006-07-24
K152260000,90,CHF,2006-07-24
K152290000,90,CHF,2006-07-24
K152410000,20,CHF,2006-07-24
K152440000,90,CHF,2006-07-24
K152500000,90,CHF,2006-07-24
K152720000,20,CHF,2006-07-24
K152850000,20,CHF,2006-07-24
K152940000,90,CHF,2006-07-24
K152970000,10,CHF,2006-07-24
K152980000,10,CHF,2007-08-17
K153040000,90,CHF,2006-07-24
K153070000,90,CHF,2008-03-25
K153140000,10,CHF,2006-08-01
K09974AFI0,90,CHF,2010-04-27
K09974AFJ0,90,CHF,2010-04-27
K09974AFK0,90,CHF,2010-04-27
K09974AFW0,90,CHF,2010-04-27
K09974AGD0,90,CHF,2010-04-27
K09974AGM0,90,CHF,2011-11-22
K09974AGO0,90,CHF,2011-11-22
K09974AGP0,90,CHF,2011-11-22
K09974AGT0,90,CHF,2011-11-22
K09974AGU0,90,CHF,2011-11-22
K09974AGX0,90,CHF,2011-11-22
K09974AHC0,90,CHF,2011-11-22
K09974AHH0,90,CHF,2012-07-26
K09974AHJ0,90,CHF,2012-10-05
K09974YYYY,20,CHF,2009-06-12
K100070000,90,CHF,2006-07-24
K100160000,20,EUR,2013-07-19
K100210000,10,CHF,2014-02-10
K100280000,10,CHF,2014-02-12
K100650000,90,CHF,2006-07-24
K100690000,20,CHF,2006-07-24
K10100AAB0,90,EUR,2012-07-26
K10100AAC0,90,EUR,2012-07-26
K10100AAE0,90,EUR,2012-07-26
K10100AAI0,90,EUR,2012-07-26
K10100AAS0,90,EUR,2012-07-26
K10100AAU0,90,EUR,2012-07-26
K10100ABA0,90,EUR,2012-07-26
K10100CAT0,90,EUR,2013-11-13
K10100CBG0,90,EUR,2013-11-13
K10100CBI0,90,EUR,2013-11-13
K10100CCL0,90,EUR,2013-11-13
K10100CCV0,90,EUR,2013-12-06
K10100CDB0,90,EUR,2013-12-06
K10100CDL0,90,EUR,2013-12-09
K10100CEC0,90,EUR,2013-12-09
K10100CEE0,90,EUR,2013-12-09
K10100CEF0,90,EUR,2013-12-09
K10100CEP0,90,EUR,2013-12-09
K10100CES0,90,EUR,2013-12-09
K10100CET0,90,EUR,2013-12-09
K10100CEV0,90,EUR,2013-12-09
K10100CEW0,90,EUR,2013-12-09
K10100CEZ0,90,EUR,2014-01-10
K10100CFO0,90,EUR,2014-01-10
K10100BDK0,90,EUR,2013-01-17
K10100BDO0,90,EUR,2013-01-17
K10100BDP0,90,EUR,2013-01-17
K10100BDQ0,90,EUR,2013-01-17
K10100BEJ0,90,EUR,2013-02-22
K10100BEL0,90,EUR,2013-02-22
K10100BEY0,90,EUR,2013-02-22
K10100BEZ0,90,EUR,2013-02-22
K10100BFD0,90,EUR,2013-02-22
K10100BFG0,90,EUR,2013-02-22
K10100BFO0,90,EUR,2013-02-22
K10100BFR0,90,EUR,2013-02-22
K10100BGH0,90,EUR,2013-02-22
K10100BGL0,90,EUR,2013-02-22
K10100BGT0,90,EUR,2013-03-11
K10100BGZ0,90,EUR,2013-03-11
K10100BHG0,90,EUR,2013-03-11
K10100BHM0,90,EUR,2013-03-11
K10100BJA0,90,EUR,2013-03-11
K10100BJB0,90,EUR,2013-03-11
K10100BJD0,90,EUR,2013-03-11
K10100BJO0,90,EUR,2013-03-11
K10100BJP0,90,EUR,2013-03-11
K10100BKB0,90,EUR,2013-04-10
K10100BKH0,90,EUR,2013-04-10
K10100BKK0,90,EUR,2013-04-10
K10100BKM0,90,EUR,2013-04-10
K10100BKR0,90,EUR,2013-04-10
K10100BLF0,90,EUR,2013-04-10
K10100BLG0,90,EUR,2013-04-10
K10100BLH0,90,EUR,2013-04-10
K10100BLI0,90,EUR,2013-04-10
K10100BME0,90,EUR,2013-04-10
K10100BMF0,90,EUR,2013-04-10
K10100BMO0,90,EUR,2013-05-13
K10100BMS0,90,EUR,2013-05-13
K10100BNB0,90,EUR,2013-05-13
K10100BNY0,90,EUR,2013-05-13
K10100BOI0,90,EUR,2013-05-13
K10100BOM0,90,EUR,2013-05-13
K10100BPA0,90,EUR,2013-05-13
K10100BPE0,90,EUR,2013-05-13
K10100BPJ0,90,EUR,2013-05-13
K10100BPW0,90,EUR,2013-06-10
K10100BPY0,90,EUR,2013-06-10
K10100BPZ0,90,EUR,2013-06-10
K10100BQP0,90,EUR,2013-06-10
K10100BQQ0,90,EUR,2013-06-10
K10100BQR0,90,EUR,2013-06-10
K10100BQS0,90,EUR,2013-06-10
K10100BRL0,90,EUR,2013-06-10
K10100BRV0,90,EUR,2013-06-10
K10100BRW0,90,EUR,2013-06-10
K10100BRX0,90,EUR,2013-06-10
K10100BSC0,90,EUR,2013-07-09
K10100BTF0,90,EUR,2013-07-08
K10100BTJ0,90,EUR,2013-07-08
K10100BTS0,90,EUR,2013-07-08
K10100BUP0,90,EUR,2013-08-13
K10100BVM0,90,EUR,2013-08-13
K10100BWK0,90,EUR,2013-09-11
K10100BWL0,90,EUR,2013-09-11
K10100BXP0,90,EUR,2013-09-17
K10100BYJ0,90,EUR,2013-10-24
K10100BYS0,90,EUR,2013-10-24
K10100BYU0,90,EUR,2013-10-24
K10100BZP0,90,EUR,2013-10-24
K10100BZR0,90,EUR,2013-10-24
K107970000,90,CHF,2006-07-24
K108100000,20,CHF,2006-07-24
K108260000,90,CHF,2007-01-12
K108350000,20,CHF,2006-07-24
K108460000,10,CHF,2007-01-10
K108780000,90,CHF,2006-07-24
K108900000,20,CHF,2011-12-12
K108910000,90,CHF,2006-07-24
K10100CGO0,90,EUR,2014-02-19
K10100CGT0,90,EUR,2014-02-19
K10100CHR0,90,EUR,2014-02-19
K10100CJG0,90,EUR,2014-03-19
K10100CJH0,90,EUR,2014-03-19
K10100CJM0,90,EUR,2014-03-20
K10100CJX0,90,EUR,2014-04-09
K10100CLH0,90,EUR,2014-04-09
K10100CLN0,90,EUR,2014-04-09
K10100CNC0,90,EUR,2014-05-22
K10100CNM0,90,EUR,2014-05-22
K10100COT0,90,EUR,2014-06-19
K10100CPL0,90,EUR,2014-07-14
K10100CPZ0,90,EUR,2014-07-17
K10100CRB0,90,EUR,2014-08-05
K10100CRZ0,90,EUR,2014-08-05
K10100CSB0,90,EUR,2014-08-05
K10100CSF0,90,EUR,2014-08-05
K10100CUQ0,90,EUR,2014-10-10
K10100CUU0,90,EUR,2014-10-09
K10100CVE0,90,EUR,2014-10-09
K10100CVG0,90,EUR,2014-10-09
K10100CVY0,90,EUR,2014-11-13
K10100CWH0,90,EUR,2014-11-13
K10100CWI0,90,EUR,2014-11-13
K10100CWL0,90,EUR,2014-11-13
K10100CWY0,90,EUR,2014-12-01
K10100CXW0,90,EUR,2014-12-01
K10100CZO0,90,EUR,2015-01-16
K10100CZP0,90,EUR,2015-01-16
K10100CZQ0,90,EUR,2015-01-16
K10100CZX0,90,EUR,2015-01-16
K10100DAD0,90,EUR,2015-01-16
K10100DAH0,90,EUR,2015-02-20
K10100DAJ0,90,EUR,2015-02-20
K10100DAK0,90,EUR,2015-02-20
K10100DAN0,90,EUR,2015-02-20
K10100DBB0,90,EUR,2015-02-23
K10100DBC0,90,EUR,2015-02-23
K10100DCV0,90,EUR,2015-03-13
K10100DFK0,90,EUR,2015-05-15
K10100DFV0,90,EUR,2015-05-13
K10100DFZ0,90,EUR,2015-05-13
K10100DGC0,90,EUR,2015-05-13
K10100DGO0,90,EUR,2015-05-15
K10100DIB0,90,EUR,2015-06-22
K10100DIC0,90,EUR,2015-06-22
K10100DIK0,90,EUR,2015-07-08
K10100DIR0,90,EUR,2015-07-08
K10100DIU0,90,EUR,2015-07-08
K10100DIX0,90,EUR,2015-07-08
K10100DJA0,90,EUR,2015-07-08
K10100DJR0,90,EUR,2015-07-08
K10100DJS0,90,EUR,2015-07-08
K10100DLJ0,90,EUR,2015-09-10
K10100DLM0,90,EUR,2015-09-10
K10100DLO0,90,EUR,2015-09-10
K10100DNY0,90,EUR,2015-10-06
K10100DOD0,90,EUR,2015-10-06
K10100DOH0,90,EUR,2015-10-06
K10100DOQ0,90,EUR,2015-10-06
K10100XXXX,90,EUR,2012-05-15
K10100ZZZZ,90,EUR,2007-01-30
K101040001,90,CHF,2006-11-03
K101120000,20,CHF,2014-02-12
K101240000,20,CHF,2006-07-24
K101590000,20,CHF,2006-07-24
K102050000,20,CHF,2010-11-11
K102430000,90,CHF,2007-11-14
K102690000,90,CHF,2009-03-02
K102750000,90,CHF,2007-09-03
K102780000,90,CHF,2006-07-24
K103170000,90,CHF,2008-04-24
K103320000,20,CHF,2007-12-05
K103470000,20,CHF,2006-07-24
K103720000,20,CHF,2006-07-24
K103780000,20,CHF,2006-11-30
K103870000,90,CHF,2006-07-24
K108970000,20,CHF,2009-09-24
K109020000,90,CHF,2007-05-21
K109280000,20,CHF,2006-07-24
K109310000,10,CHF,2011-11-28
K109360000,20,CHF,2006-07-24
K109420000,90,CHF,2007-10-16
K109450000,20,CHF,2006-07-24
K109480000,20,CHF,2006-07-24
K109670001,90,CHF,2010-12-23
K109710020,90,CHF,2010-10-26
K10971ZZZZ,90,CHF,2008-08-20
K110010000,20,CHF,2015-04-01
K110450000,20,CHF,2006-08-07
K110650000,10,CHF,2006-07-24
K110790000,20,CHF,2007-09-19
K111020000,20,CHF,2009-12-07
K111200000,20,CHF,2006-07-24
K111360000,90,CHF,2009-04-30
K111440000,20,CHF,2010-08-24
K111920000,90,CHF,2011-05-13
K112080000,90,CHF,2006-07-24
K112100000,90,CHF,2006-07-24
K112210000,20,CHF,2006-07-24
K112240000,10,CHF,2006-07-24
K112570000,20,EUR,2006-08-02
K112770000,20,CHF,2013-10-24
K11285AAH0,90,CHF,2012-08-13
K11285AAZ0,20,CHF,2012-12-10
K11285ABG0,20,CHF,2013-03-25
K11285ABN0,20,CHF,2013-07-16
K11285ABT0,20,CHF,2013-10-28
K11285ABU0,20,CHF,2013-10-28
K11285ACL0,90,CHF,2014-03-26
K11285ACS0,20,CHF,2014-06-16
K11285ADV0,90,CHF,2014-10-03
K11285AED0,90,CHF,2014-10-14
K11285AEM0,20,CHF,2014-12-17
K11285AEP0,20,CHF,2014-12-23
K11285AEQ0,90,CHF,2015-01-21
K11285AEW0,20,CHF,2015-03-26
K11285AFB0,20,CHF,2015-06-24
K11285AFO0,20,CHF,2015-11-06
K112890000,90,CHF,2010-04-16
K113030000,90,CHF,2006-07-24
K113130000,20,CHF,2006-07-24
K113140000,20,CHF,2007-04-13
K113420000,90,CHF,2006-10-06
K113940000,20,CHF,2011-02-08
K113950000,20,CHF,2011-09-29
K113980000,20,CHF,2006-07-24
K114040000,90,CHF,2006-07-24
K114050000,90,CHF,2007-07-16
K104760000,90,CHF,2007-05-08
K104780000,20,CHF,2007-10-30
K104800000,20,CHF,2006-07-24
K105410000,20,CHF,2006-07-24
K105900000,90,CHF,2006-07-24
K106000000,20,CHF,2006-07-24
K106260000,20,CHF,2006-11-17
K106320000,10,CHF,2008-02-11
K106370000,90,CHF,2008-10-29
K106380000,20,CHF,2008-11-06
K106460000,20,CHF,2006-07-24
K106590000,20,CHF,2016-02-18
K106980000,90,CHF,2006-07-24
K106990000,90,CHF,2006-07-24
K107090000,20,CHF,2006-07-24
K107120000,20,CHF,2006-07-24
K107200000,20,CHF,2007-08-31
K107330000,20,CHF,2006-07-24
K107360000,20,CHF,2014-02-25
K114060000,20,CHF,2006-07-24
K114850000,90,CHF,2006-07-24
K114880000,90,CHF,2006-07-24
K115060000,20,CHF,2006-07-24
K11511AAH0,90,CHF,2009-03-06
K115120000,20,CHF,2011-11-15
K115240000,10,CHF,2006-07-24
K115600000,10,CHF,2006-07-24
K115760000,20,CHF,2006-07-24
K116100000,10,CHF,2016-03-10
K116200000,90,CHF,2010-07-30
K116260000,90,CHF,2008-11-28
K116290000,20,CHF,2006-07-24
K116350000,10,CHF,2006-10-18
K116630000,90,CHF,2006-07-24
K116750000,20,CHF,2006-07-24
K116910000,20,CHF,2007-04-17
K117060001,20,CHF,2006-09-14
K107670000,20,CHF,2006-07-24
K117620000,90,CHF,2006-07-24
K117630000,20,CHF,2006-07-24
K117700001,90,CHF,2008-08-22
K117770000,90,CHF,2007-02-21
K117840000,90,EUR,2010-12-24
K118010001,90,EUR,2007-06-08
K118130000,20,CHF,2006-07-24
K118310000,90,CHF,2006-07-24
K118440000,20,CHF,2012-05-10
K118470000,20,CHF,2007-04-13
K118530000,90,CHF,2006-07-24
K118540000,20,CHF,2006-07-24
K118630000,20,CHF,2009-05-14
K11864AAA0,20,CHF,2008-08-07
K11864AAD0,90,CHF,2008-08-07
K11864AAE0,20,CHF,2008-08-07
K11864AAV0,20,CHF,2009-01-20
K11864AAW0,20,CHF,2009-01-30
K11864AAZ0,90,CHF,2009-02-20
K11864ABP0,20,CHF,2009-11-10
K11864ABS0,90,CHF,2009-11-10
K11864ACO0,20,CHF,2010-04-27
K11864AEC0,90,CHF,2010-06-17
K11864AEH0,20,CHF,2010-06-17
K11864AFM0,20,CHF,2010-06-17
K153200000,90,CHF,2006-07-24
K153310000,20,CHF,2006-07-24
K153330000,90,CHF,2006-07-24
K153450000,20,CHF,2006-07-24
K153540000,90,CHF,2006-07-24
K153570000,90,CHF,2006-07-24
K153600000,20,CHF,2007-12-04
K153660000,90,CHF,2008-10-14
K153720000,20,CHF,2006-07-24
K153840000,20,CHF,2006-07-24
K153990000,90,CHF,2006-07-24
K154080000,90,CHF,2007-09-12
K154210000,90,CHF,2006-08-10
K154620000,20,CHF,2008-12-18
K154650000,90,CHF,2006-08-06
K154690000,20,CHF,2006-07-24
K154770000,20,CHF,2006-08-01
K154870000,20,CHF,2006-08-31
K154910000,90,CHF,2010-01-05
K155010000,90,CHF,2011-05-26
K155230000,10,CHF,2013-09-23
K155240000,20,CHF,2013-09-23
K155250000,20,CHF,2013-11-15
K155280000,20,CHF,2014-06-18
K155300000,20,CHF,2014-09-01
K156790000,90,CHF,2006-08-06
K166830000,90,CHF,2006-08-07
K171130000,90,CHF,2010-11-08
K171180000,10,CHF,2008-04-23
K171220000,90,CHF,2008-04-23
K171300000,20,CHF,2008-04-23
K171670000,90,CHF,2014-01-20
K171740000,20,CHF,2008-04-23
K171770000,20,CHF,2008-04-23
K171800000,90,CHF,2008-04-23
K171880000,90,CHF,2008-04-23
K171940000,20,CHF,2008-04-23
K171950000,90,CHF,2008-04-23
K172000000,20,CHF,2008-04-23
K11864AFX0,90,CHF,2010-06-17
K11864AGA0,20,CHF,2010-06-17
K11864AGC0,90,CHF,2010-06-17
K11864AGG0,90,CHF,2010-06-17
K11864AGI0,90,CHF,2010-06-17
K11864AGS0,90,CHF,2010-06-17
K11864AGT0,20,CHF,2010-06-17
K11864AGX0,90,CHF,2010-06-17
K11864AHI0,20,CHF,2010-06-17
K11864AHQ0,20,CHF,2010-06-17
K11864AHT0,20,CHF,2010-06-17
K11864AHU0,20,CHF,2010-06-17
K11864AHW0,20,CHF,2010-06-17
K11864AHY0,90,CHF,2010-06-17
K11864AIA0,90,CHF,2010-06-17
K11864AIM0,20,CHF,2010-06-17
K11864AIN0,90,CHF,2010-06-17
K11864AIO0,20,CHF,2010-06-17
K073790000,90,CHF,2006-07-24
K073800000,20,CHF,2012-06-04
K073830000,90,CHF,2014-06-18
K073920000,10,CHF,2011-07-04
K07393AAF0,90,EUR,2012-04-24
K07393AAH0,90,EUR,2012-06-06
K07393AAJ0,90,EUR,2012-06-11
K07393AAR0,90,EUR,2012-06-11
K07393AAU0,90,EUR,2012-06-11
K07393AAW0,90,EUR,2012-06-11
K07393AAY0,90,EUR,2012-07-06
K07393ABE0,90,EUR,2012-08-23
K07393ABI0,90,EUR,2012-10-03
K07393ABN0,90,EUR,2012-11-08
K07393ABQ0,90,EUR,2012-11-13
K07393ABT0,90,EUR,2012-11-26
K07393ABW0,90,EUR,2012-12-11
K07393ACF0,90,EUR,2013-02-15
K07393ACG0,90,EUR,2013-02-26
K07393ACQ0,90,EUR,2013-05-31
K07393ACR0,90,EUR,2013-06-04
K172030000,20,CHF,2009-04-27
K172060000,90,CHF,2009-06-11
K172260000,20,CHF,2009-08-10
K172400000,20,CHF,2009-11-02
K172550000,20,CHF,2008-04-23
K172590000,10,CHF,2008-04-23
K172680000,10,CHF,2008-04-23
K172720000,20,CHF,2008-04-23
K172780000,90,CHF,2008-04-23
K172840000,20,CHF,2008-04-23
K172980000,20,CHF,2008-04-23
K173250000,20,CHF,2008-04-23
K173290000,90,CHF,2008-04-23
K173330000,20,CHF,2008-04-23
K173350000,20,CHF,2008-04-23
K173380000,20,CHF,2008-04-23
K173470000,10,CHF,2008-04-23
K173500000,10,CHF,2008-04-23
K173560000,10,CHF,2008-04-23
K173580000,20,CHF,2014-06-18
K173730000,20,CHF,2008-04-23
K173860000,10,CHF,2010-06-04
K173870000,20,CHF,2008-04-23
K173960000,90,CHF,2008-04-23
K174310000,90,CHF,2008-04-23
K174330000,90,CHF,2008-04-23
K174430000,20,CHF,2008-04-23
K168030000,90,CHF,2006-11-06
K168230000,10,CHF,2006-12-14
K168260000,20,CHF,2006-12-19
K168440000,20,CHF,2007-02-02
K16845AAAA,90,CHF,2008-04-22
K168590000,20,CHF,2007-03-13
K168660000,90,CHF,2007-04-03
K168670000,90,CHF,2007-04-17
K168720000,90,CHF,2007-05-03
K168780000,20,CHF,2007-05-21
K168810000,90,CHF,2007-06-04
K175260000,20,CHF,2009-01-12
K07393ACT0,90,EUR,2013-06-11
K07393ACX0,90,EUR,2013-07-09
K07393ADD0,90,EUR,2013-08-12
K07393ADE0,90,EUR,2013-08-28
K07393ADF0,90,EUR,2013-09-04
K07393ADO0,90,EUR,2013-10-16
K07393ADP0,90,EUR,2013-10-18
K07393ADT0,90,EUR,2013-10-30
K07112AIB0,20,CHF,2012-12-05
K07112AIK0,20,CHF,2013-01-16
K07112AJL0,20,CHF,2013-07-31
K07112AJN0,20,CHF,2013-07-31
K07112AJR0,20,CHF,2013-09-26
K07112AJT0,20,CHF,2013-11-20
K07112AJU0,20,CHF,2013-11-20
K07112AKH0,20,CHF,2014-05-26
K07112AKU0,20,CHF,2014-09-30
K07112AKX0,20,CHF,2015-01-16
K07112AKY0,20,CHF,2015-01-16
K07112ALE0,20,CHF,2015-01-16
K07112ALF0,20,CHF,2015-01-16
K07112ALJ0,20,CHF,2015-02-18
K07112ALO0,20,CHF,2015-04-30
K07112AMF0,20,CHF,2016-02-08
K07112AMK0,20,CHF,2016-03-07
K07112XXXX,20,CHF,2011-10-31
K071210000,20,CHF,2011-07-20
K071230000,90,CHF,2012-03-16
K071270000,20,CHF,2006-08-01
K071340000,90,CHF,2009-10-13
K071660000,20,CHF,2006-07-24
K07393ADW0,90,EUR,2013-11-13
K07393AEK0,90,EUR,2013-12-19
K07393AEO0,90,EUR,2014-01-16
K07393AFA0,90,EUR,2014-02-07
K07393AFB0,90,EUR,2014-02-17
K07393AFE0,90,EUR,2014-02-24
K07393AFG0,90,EUR,2014-03-04
K07393AFO0,90,EUR,2014-03-25
K175290000,20,CHF,2009-01-20
K175410000,90,CHF,2009-04-07
K175430000,20,CHF,2009-04-09
K175460000,90,CHF,2009-04-16
K175550000,90,CHF,2009-05-05
K17561AAI0,90,CHF,2010-09-30
K175690000,20,CHF,2009-07-03
K175710000,90,CHF,2009-07-14
K175740000,20,CHF,2009-07-27
K17580AAF0,20,CHF,2010-08-09
K17580AAK0,20,CHF,2011-02-14
K17580AAL0,20,CHF,2011-02-14
K17580AAP0,20,CHF,2012-04-12
K17580ZZZZ,90,CHF,2009-09-01
K175870000,20,CHF,2009-09-18
K175880000,20,CHF,2009-09-22
K175970000,20,CHF,2009-11-06
K175990000,90,CHF,2009-11-19
K176070000,10,CHF,2009-12-14
K176130000,20,CHF,2010-02-10
K176230000,20,CHF,2010-03-15
K176240000,20,CHF,2010-03-16
K176260000,20,CHF,2010-03-22
K176300000,20,CHF,2010-04-09
K176310000,90,EUR,2010-04-19
K176570000,10,CHF,2010-08-23
K176590000,20,CHF,2010-09-15
K176700000,20,CHF,2010-11-04
K176780000,10,CHF,2010-11-24
K176940000,20,CHF,2011-02-15
K177000000,90,CHF,2011-03-16
K177010000,10,CHF,2011-03-29
K177020000,20,CHF,2011-03-30
K177100000,20,CHF,2011-06-08
K177170000,20,CHF,2011-08-05
K177190000,20,CHF,2011-08-12
K17719AAD0,20,CHF,2011-09-23
K17719AAH0,20,CHF,2011-09-23
K17719AAL0,20,CHF,2011-08-18
K07393AFR0,90,EUR,2014-03-27
K07393AGD0,90,EUR,2014-04-22
K07393AGF0,90,EUR,2014-04-25
K07393AGI0,90,EUR,2014-04-28
K07393AGO0,90,EUR,2014-05-20
K07393AHC0,90,EUR,2014-06-30
K07393AHN0,90,EUR,2014-07-23
K07393AHO0,90,EUR,2014-07-23
K07393AHT0,90,EUR,2014-08-14
K07393AHV0,90,EUR,2014-08-21
K07393AIW0,90,EUR,2014-10-15
K07393AIY0,90,EUR,2014-10-15
K07393AJA0,90,EUR,2014-10-15
K07393AJE0,90,EUR,2014-10-15
K07393AJY0,90,EUR,2014-11-11
K07393AKD0,90,EUR,2014-11-14
K07393ALC0,90,EUR,2015-02-10
K07393ALD0,90,EUR,2015-02-11
K07393ALL0,90,EUR,2015-02-25
K07393ALM0,90,EUR,2015-02-27
K07393ALT0,90,EUR,2015-03-26
K07393ALW0,90,EUR,2015-03-27
K07393AMF0,90,EUR,2015-04-29
K07393AMG0,90,EUR,2015-05-19
K07393AMH0,90,EUR,2015-05-26
K07393AMT0,90,EUR,2015-07-13
K07393AMU0,90,EUR,2015-07-13
K07393ANB0,90,EUR,2015-07-13
K07393ANN0,90,EUR,2015-07-13
K07393ANU0,90,EUR,2015-08-05
K07393ANV0,90,EUR,2015-09-02
K07393AOE0,90,EUR,2015-09-14
K07393AOG0,90,EUR,2015-09-14
K07393AOV0,90,EUR,2015-09-17
K07393APG0,90,EUR,2015-09-17
K07393APS0,90,EUR,2015-10-01
K072270000,90,CHF,2006-07-24
K072320000,90,CHF,2006-07-24
K072330000,20,CHF,2006-11-07
K17719AAM0,20,CHF,2011-09-29
K17719AAT0,20,CHF,2011-10-21
K17719AAX0,20,CHF,2011-10-31
K17719ABA0,20,CHF,2011-08-16
K17719ABO0,20,CHF,2011-08-30
K17719ABT0,20,CHF,2011-12-16
K17719ACA0,20,CHF,2012-01-20
K17719ACH0,20,CHF,2012-02-28
K17719ACV0,20,CHF,2012-04-24
K17719ACY0,20,CHF,2012-06-05
K17719ADO0,20,CHF,2012-09-14
K17719ADV0,20,CHF,2012-11-29
K17719AEH0,20,CHF,2013-03-20
K17719AEM0,20,CHF,2013-10-31
K17719AGC0,20,CHF,2013-06-12
K17719AGD0,20,CHF,2013-07-01
K17719AGF0,90,CHF,2013-07-16
K17719AGN0,20,CHF,2013-11-21
K17719AGO0,20,CHF,2013-11-25
K17719AGV0,20,CHF,2013-12-10
K17719AHI0,20,CHF,2014-03-05
K17719AHJ0,20,CHF,2014-03-06
K17719AHP0,20,CHF,2014-04-08
K17719AHR0,20,CHF,2014-04-11
K17719AHS0,20,CHF,2014-04-14
K17719AIE0,20,CHF,2014-08-28
K17719AIF0,20,CHF,2014-09-02
K17719AIK0,90,CHF,2014-09-25
K17719AJK0,90,CHF,2015-03-03
K17719AJL0,20,CHF,2015-03-04
K17719AJM0,20,CHF,2015-03-31
K17719AJX0,20,CHF,2015-05-01
K17719AKG0,20,CHF,2015-06-24
K17719ALF0,20,CHF,2015-12-17
K17719ALI0,20,CHF,2016-01-05
K17719YYYY,20,CHF,2011-08-12
K177450000,90,CHF,2012-01-24
K177480000,10,CHF,2012-02-01
K177520000,20,CHF,2012-03-23
K080900000,10,CHF,2010-07-09
K080920000,90,CHF,2012-02-16
K08095AAB0,20,CHF,2011-04-28
K08095AAH0,20,CHF,2012-01-18
K08095AAM0,20,CHF,2012-05-25
K08095AAS0,20,CHF,2013-02-27
K080970000,20,CHF,2012-04-10
K080990000,20,CHF,2006-07-24
K081280000,20,CHF,2006-07-24
K081290000,90,CHF,2006-09-14
K081310000,10,CHF,2006-07-24
K081410000,90,CHF,2006-07-24
K081500000,20,CHF,2006-07-24
K081510000,20,CHF,2006-07-24
K081590000,90,CHF,2008-09-04
K082120000,20,CHF,2006-07-24
K082150000,10,CHF,2006-07-24
K082490000,20,EUR,2007-09-11
K082500000,20,CHF,2006-07-24
K082700000,90,CHF,2006-07-24
K082750000,90,CHF,2006-07-24
K082760000,20,CHF,2006-07-24
K08279YYYY,20,CHF,2011-02-16
K07393AQQ0,90,EUR,2015-12-03
K07393AQT0,90,EUR,2016-01-12
K07393ARE0,90,EUR,2016-02-29
K07393XXXX,20,EUR,2011-11-17
K073970000,20,CHF,2006-07-24
K074040000,20,EUR,2014-06-10
K074410000,10,CHF,2014-01-16
K074690000,20,CHF,2015-11-23
K074760000,90,CHF,2006-07-24
K074810001,20,CHF,2009-04-03
K075020000,20,CHF,2015-04-17
K075060000,90,CHF,2006-07-24
K075070000,90,CHF,2007-01-31
K075270000,20,CHF,2006-07-24
K075280000,20,CHF,2010-04-29
K075300000,20,CHF,2012-06-13
K177530000,10,CHF,2012-03-29
K177600000,90,CHF,2012-07-03
K177640000,20,CHF,2012-08-06
K177660000,10,CHF,2012-10-01
K177710000,20,CHF,2012-10-29
K177780000,20,CHF,2013-02-06
K177800000,20,CHF,2013-03-20
K177910000,10,CHF,2014-01-07
K178020000,20,CHF,2014-02-12
K178300000,10,CHF,2015-05-28
K178350000,20,CHF,2015-08-20
K174500000,10,CHF,2008-04-23
K174520000,90,CHF,2008-04-23
K174560000,10,CHF,2008-04-23
K174720000,10,CHF,2008-04-23
K174760000,20,CHF,2008-05-22
K174980000,20,CHF,2008-07-25
K175010000,20,CHF,2008-08-06
K175090000,20,CHF,2008-10-13
K175200000,90,CHF,2008-11-28
K175250000,20,CHF,2009-01-06
K118300000,10,CHF,2016-03-31
K02151AQE0,20,CHF,2016-03-31
K160290000,20,EUR,2016-03-31
K160310000,20,CHF,2016-04-01
K02152AFF0,20,CHF,2016-04-05
K04370AHT0,20,CHF,2016-04-07
K04370AHU0,20,CHF,2016-04-07
K005580000,20,CHF,2016-04-13
K01286DFE0,20,CHF,2016-04-26
K01286DFG0,20,CHF,2016-04-26
K07393APP0,90,EUR,2015-10-01
K01286DFL0,20,CHF,2016-04-29
K11285AGO0,20,CHF,2016-05-04
K02152AFJ0,20,CHF,2016-05-09
K02152AFN0,20,CHF,2016-05-09
K01286DFY0,20,CHF,2016-05-18
K01448FFR0,90,CHF,2016-02-24
K01286DGE0,90,CHF,2016-05-24
K075480000,10,CHF,2006-07-24
K075560000,20,CHF,2006-07-24
K075640000,20,CHF,2014-03-25
K075670000,20,CHF,2014-12-01
K075760000,90,CHF,2006-08-01
K075840000,90,CHF,2012-05-02
K075910000,10,CHF,2006-07-24
K076060000,10,CHF,2006-07-24
K082820000,20,CHF,2013-07-15
K082840000,20,CHF,2006-07-24
K083130000,20,CHF,2006-07-24
K083560000,20,CHF,2015-08-03
K083740000,20,CHF,2006-07-24
K083820000,20,CHF,2009-04-24
K083870000,90,CHF,2010-03-02
K084030000,20,CHF,2007-03-20
K084110000,20,CHF,2006-07-24
K084390000,90,CHF,2006-07-24
K084600000,20,CHF,2006-07-24
K084810000,20,CHF,2012-12-13
K084850000,10,CHF,2006-07-24
K085050000,20,CHF,2006-08-01
K085190000,20,CHF,2006-07-24
K085260000,20,CHF,2006-07-24
K085830000,90,CHF,2006-07-24
K085840000,90,CHF,2008-11-13
K085850000,20,CHF,2012-06-25
K085900000,20,CHF,2006-07-24
K085920000,90,CHF,2011-06-16
K086060000,90,CHF,2006-07-24
K086080000,20,CHF,2016-01-28
K086130000,10,CHF,2007-09-26
K086170000,10,CHF,2006-09-13
K086360000,90,CHF,2006-07-24
K086450000,10,CHF,2006-07-24
K086460000,90,CHF,2006-12-14
K086500000,90,CHF,2006-08-01
K086520000,20,CHF,2006-07-24
K086580000,20,CHF,2006-07-24
K100480000,20,CHF,2016-05-30
K01286DHD0,20,CHF,2016-06-16
K034490000,20,CHF,2016-06-16
K024900000,20,CHF,2016-06-17
K00500XXXX,20,CHF,2016-06-17
K160600000,20,CHF,2016-06-17
K178400000,20,CHF,2015-10-01
K178410000,90,CHF,2015-11-10
K017570000,20,CHF,2016-04-12
K04370AII0,20,CHF,2016-05-09
K04370AIK0,20,CHF,2016-05-09
K04370AIL0,90,CHF,2016-05-09
K04370AIP0,90,CHF,2016-05-09
K160430000,20,CHF,2016-05-10
K160450000,20,CHF,2016-05-11
K150331159,90,CHF,2016-05-17
K01286DGP0,20,CHF,2016-06-07
K01286DGQ0,20,CHF,2016-06-07
K07393AST0,90,EUR,2016-06-08
K02151AQO0,20,CHF,2016-06-08
K005110000,20,CHF,2016-06-10
K005120000,20,CHF,2016-06-10
K113860000,20,CHF,2016-06-30
K092840000,10,CHF,2016-06-30
K02151AQX0,20,CHF,2016-07-04
K02152AFZ0,20,CHF,2016-07-05
K02152AFX0,20,CHF,2016-07-05
K02152AGA0,20,CHF,2016-07-05
K07393ATD0,90,EUR,2016-07-08
K07393ATM0,90,EUR,2016-07-08
K00500AAC0,20,CHF,2016-06-21
K00500AAE0,20,CHF,2016-06-21
K00500AAF0,20,CHF,2016-06-21
K00500AAW0,20,CHF,2016-06-21
K02152ADZ0,20,CHF,2015-12-02
K00500ABE0,20,CHF,2016-06-21
K00500ABG0,20,CHF,2016-06-21
K00500ABM0,20,CHF,2016-06-21
K00500ABO0,20,CHF,2016-06-21
K086880000,20,CHF,2006-07-24
K087180000,20,CHF,2006-07-24
K087400000,90,CHF,2006-07-24
K087700000,20,CHF,2006-07-24
K087730000,20,CHF,2010-06-04
K087800000,20,CHF,2006-07-24
K087850000,90,CHF,2006-11-02
K087890000,90,CHF,2012-02-21
K087920000,20,CHF,2006-07-24
K087950000,90,CHF,2006-07-24
K087980000,20,CHF,2006-07-24
K088140000,20,CHF,2006-07-24
K076170000,20,CHF,2006-08-01
K076210000,90,CHF,2010-06-14
K076260000,20,CHF,2006-07-24
K076340000,20,CHF,2006-07-24
K076380000,90,CHF,2011-06-30
K076470000,90,CHF,2011-03-02
K076770000,90,CHF,2006-09-27
K076880000,20,CHF,2007-10-30
K076910000,20,CHF,2006-07-24
K077170000,20,CHF,2006-07-24
K077180000,20,CHF,2006-07-24
K077480000,90,CHF,2006-08-01
K077810000,90,CHF,2006-07-24
K077830000,20,CHF,2006-07-24
K078050000,90,CHF,2012-08-27
K078140000,20,CHF,2006-07-24
K078190000,10,CHF,2006-07-24
K078350000,90,CHF,2006-07-24
K078630000,20,CHF,2006-07-24
K078720000,90,CHF,2014-10-17
K078900000,20,CHF,2006-07-24
K078950000,20,CHF,2006-07-24
K078980000,20,CHF,2006-07-24
K079080000,90,CHF,2007-09-24
K079180000,10,CHF,2006-07-24
K088240000,20,CHF,2006-07-24
K088360000,20,CHF,2006-07-24
K00500ABQ0,20,CHF,2016-06-21
K00500ACG0,20,CHF,2016-06-21
K00500ACH0,20,CHF,2016-06-21
K00500ACW0,20,CHF,2016-06-21
K00500ACX0,20,CHF,2016-06-21
K00500ADH0,20,CHF,2016-06-21
K00500ADR0,20,CHF,2016-06-21
K049470000,20,EUR,2016-06-23
K150331163,90,CHF,2016-06-23
K01286DHP0,20,CHF,2016-06-27
K02151AQS0,20,CHF,2016-06-28
K004960000,20,CHF,2016-06-28
K160860000,20,CHF,2016-08-22
K01286DCR0,20,CHF,2016-02-18
K057590000,10,CHF,2016-01-27
K07393ANS0,90,EUR,2015-07-13
K10100BMM0,90,EUR,2013-04-10
K10100BOF0,90,EUR,2013-05-13
K10100BXT0,90,EUR,2013-10-24
K10100CWB0,90,EUR,2014-11-13
K10100DCL0,90,EUR,2015-03-13
K10100DKI0,90,EUR,2015-08-04
K10100DKQ0,90,EUR,2015-08-04
K11285AGI0,20,CHF,2016-03-23
K01111KE02,20,CHF,2016-08-24
K01286CYW0,20,CHF,2015-10-14
K01448EIP0,90,CHF,2013-11-27
K10100CQE0,90,EUR,2014-07-17
K01286DJY0,20,CHF,2016-08-29
K004780000,20,CHF,2016-08-31
K049910000,90,CHF,2016-07-11
K039630000,20,CHF,2016-07-14
K01286DID0,20,CHF,2016-07-15
K01286DII0,20,CHF,2016-07-18
K02151ARA0,20,CHF,2016-07-18
K158570000,20,CHF,2016-07-20
K005080000,10,CHF,2016-07-22
K01286DIR0,90,CHF,2016-07-27
K150331169,90,CHF,2016-07-29
K088490000,90,CHF,2008-01-22
K088510000,90,CHF,2011-05-06
K089010000,20,CHF,2010-12-03
K089360000,90,CHF,2006-09-29
K089410000,20,CHF,2006-07-24
K089430000,20,CHF,2006-07-24
K089450000,90,CHF,2008-04-30
K089460000,90,CHF,2010-01-12
K089560000,20,CHF,2013-12-05
K089570000,90,CHF,2006-07-24
K089620000,20,CHF,2015-04-16
K089670000,90,CHF,2006-08-01
K089750000,90,CHF,2006-07-24
K089780000,10,CHF,2012-12-27
K090180000,90,CHF,2008-02-01
K090370003,90,CHF,2008-04-07
K09037AAE0,90,CHF,2009-07-24
K09037AAF0,90,CHF,2009-07-28
K09037AAG0,90,CHF,2009-09-02
K09037AAH0,90,CHF,2009-09-16
K09037AAI0,90,CHF,2009-10-13
K09037AAJ0,90,CHF,2009-11-18
K079220000,10,CHF,2015-02-25
K080150000,20,CHF,2006-07-24
K080630000,90,CHF,2006-07-24
K080700000,20,CHF,2013-01-08
K080730000,20,CHF,2006-07-24
K080790000,90,CHF,2006-07-24
K080800000,90,CHF,2006-08-14
K091800000,90,CHF,2006-07-24
K091840000,90,CHF,2006-07-24
K091930000,20,CHF,2006-07-24
K091950000,90,CHF,2006-07-24
K091960000,20,CHF,2006-07-24
K092090000,10,CHF,2006-07-24
K092400000,90,CHF,2006-07-24
K092550000,20,CHF,2008-11-18
K092580000,90,CHF,2009-09-23
K092590000,90,CHF,2006-07-24
K092710000,20,CHF,2006-07-24
K092750000,90,CHF,2010-06-16
K092760000,90,CHF,2006-07-24
K093010000,20,CHF,2013-05-31
K093050000,20,CHF,2006-07-24
K093130000,90,CHF,2006-07-24
K093240000,90,CHF,2006-07-24
K093300000,90,CHF,2009-06-22
K093380000,20,CHF,2010-07-09
K094080000,20,CHF,2011-06-01
K094200000,90,CHF,2009-11-30
K094730000,90,CHF,2006-07-24
K094930000,20,CHF,2006-07-24
K094990000,90,CHF,2006-07-24
K095110000,20,CHF,2007-06-08
K095190000,20,CHF,2015-09-24
K095450000,20,CHF,2006-07-24
K095610000,90,CHF,2006-07-24
K095810000,90,CHF,2012-05-02
K095820000,90,CHF,2006-08-01
K096220000,20,CHF,2006-07-24
K096230000,90,CHF,2007-11-09
K096340000,20,CHF,2006-07-24
K09037AAL0,90,CHF,2010-06-22
K09037AAO0,90,CHF,2010-08-26
K09037ABE0,90,CHF,2010-08-27
K09037ABF0,90,CHF,2010-08-27
K09037ABM0,90,CHF,2010-08-27
K09037ABR0,90,CHF,2010-08-27
K09037ABT0,90,CHF,2010-08-27
K09037ABZ0,90,CHF,2012-01-25
K09037ACI0,90,CHF,2012-07-03
K09037ACL0,90,CHF,2012-07-03
K09037ACP0,90,CHF,2012-09-19
K09037ACZ0,90,CHF,2013-11-11
K09037ADX0,90,CHF,2014-08-14
K09037AEA0,90,CHF,2014-08-15
K090440000,90,CHF,2006-09-14
K090530000,10,CHF,2006-07-24
K090540000,20,CHF,2006-08-01
K090660000,90,CHF,2006-07-24
K090940000,20,CHF,2011-08-09
K091030000,90,CHF,2006-08-01
K091210000,20,CHF,2009-03-12
K091280000,20,CHF,2015-04-16
K091390000,90,CHF,2006-07-24
K091520000,20,CHF,2006-07-24
K091550000,20,CHF,2006-07-24
K10100ABM0,90,EUR,2012-07-26
K10100ABW0,90,EUR,2012-07-26
K10100ACB0,90,EUR,2012-07-26
K10100ACY0,90,EUR,2012-07-26
K10100ADF0,90,EUR,2012-07-26
K10100ADH0,90,EUR,2012-07-26
K10100ADJ0,90,EUR,2012-07-26
K10100ADL0,90,EUR,2012-07-26
K10100ADO0,90,EUR,2012-07-26
K10100ADP0,90,EUR,2012-07-26
K10100ADZ0,90,EUR,2012-07-26
K10100AEH0,90,EUR,2012-07-26
K10100AEK0,90,EUR,2012-07-26
K10100AES0,90,EUR,2012-07-26
K10100AET0,90,EUR,2012-07-26
K10100AEX0,90,EUR,2012-07-26
K10100AEY0,90,EUR,2012-07-26
K10100AFD0,90,EUR,2012-07-26
K10100AFR0,90,EUR,2012-07-26
K10100AGL0,90,EUR,2012-08-08
K10100AGQ0,90,EUR,2012-08-08
K10100AGX0,90,EUR,2012-08-08
K10100AHG0,90,EUR,2012-08-08
K10100AHP0,90,EUR,2012-08-08
K10100AHY0,90,EUR,2012-08-08
K10100AIG0,90,EUR,2012-08-08
K10100AIR0,90,EUR,2012-08-08
K10100AIS0,90,EUR,2012-08-08
K10100AIV0,90,EUR,2012-08-08
K10100AIW0,90,EUR,2012-08-08
K10100AJQ0,90,EUR,2012-08-08
K061850012,20,CHF,2016-08-02
K061850013,20,CHF,2016-08-02
K10100CKM0,90,EUR,2014-04-09
K160760000,20,CHF,2016-08-05
K07393ATX0,90,EUR,2016-08-08
K07393AUA0,90,EUR,2016-08-08
K01286DIX0,20,CHF,2016-08-09
K160800000,10,CHF,2016-08-10
K01286DJJ0,20,CHF,2016-08-16
K07393AUJ0,90,EUR,2016-09-06
K07393AUN0,90,EUR,2016-09-06
K04370AJL0,20,CHF,2016-09-07
K04370AJJ0,20,CHF,2016-09-07
K131010000,10,CHF,2006-07-24
K131070000,20,CHF,2006-07-24
K131450000,90,CHF,2006-12-05
K131460000,90,CHF,2006-07-24
K125490000,20,CHF,2009-06-09
K125550000,20,CHF,2014-03-14
K125700000,10,CHF,2006-07-24
K125730000,90,CHF,2006-07-24
K125790000,90,CHF,2006-07-24
K125860001,90,CHF,2006-07-28
K125890000,90,CHF,2006-07-24
K126090000,20,CHF,2007-06-12
K126110000,20,CHF,2009-12-17
K126120000,20,CHF,2010-02-04
K126200000,90,CHF,2007-03-13
K126230001,90,EUR,2012-08-23
K126300000,20,CHF,2006-07-24
K126480000,20,CHF,2006-07-24
K126500000,20,CHF,2006-07-24
K126510000,90,CHF,2006-07-24
K126530000,10,CHF,2007-01-17
K126540000,90,CHF,2008-08-22
K126570000,90,CHF,2007-09-24
K126600000,90,CHF,2009-02-03
K126610000,90,CHF,2009-08-19
K126620000,90,CHF,2006-08-07
K10100AKP0,90,EUR,2012-08-08
K10100AKQ0,90,EUR,2012-08-08
K10100AKV0,90,EUR,2012-08-08
K10100AKW0,90,EUR,2012-08-08
K10100AKZ0,90,EUR,2012-08-08
K10100ALU0,90,EUR,2012-10-17
K10100ALV0,90,EUR,2012-10-17
K10100ANJ0,90,EUR,2012-10-17
K10100AOJ0,90,EUR,2012-10-17
K10100AOV0,90,EUR,2012-10-17
K10100APE0,90,EUR,2012-10-17
K10100AQI0,90,EUR,2012-10-17
K10100AQL0,90,EUR,2012-10-17
K10100ARH0,90,EUR,2012-10-24
K10100ARJ0,90,EUR,2012-10-24
K10100ARQ0,90,EUR,2012-10-24
K10100ARV0,90,EUR,2012-10-24
K10100ARY0,90,EUR,2012-10-24
K10100ASC0,90,EUR,2012-10-24
K10100ASL0,90,EUR,2012-10-24
K10100ASZ0,90,EUR,2012-10-24
K10100ATX0,90,EUR,2012-10-24
K10100AUA0,90,EUR,2012-10-24
K10100AUB0,90,EUR,2012-10-24
K10100AUO0,90,EUR,2012-11-19
K10100AUP0,90,CHF,2012-11-19
K10100AUW0,90,CHF,2012-11-19
K10100AUX0,90,CHF,2012-11-19
K10100AVD0,90,EUR,2012-11-19
K10100AVQ0,90,EUR,2012-11-19
K10100AVR0,90,EUR,2012-11-19
K10100AVY0,90,EUR,2012-11-19
K10100AWB0,90,EUR,2012-11-19
K10100AWG0,90,EUR,2012-11-19
K10100AWR0,90,EUR,2012-11-19
K10100AWW0,90,EUR,2012-11-19
K10100AWX0,90,EUR,2012-11-19
K10100AWZ0,90,EUR,2012-11-19
K10100AXW0,90,EUR,2012-11-19
K136520000,20,CHF,2006-07-24
K136580000,90,CHF,2008-03-12
K136800000,20,CHF,2006-07-24
K136850001,90,CHF,2007-06-15
K136940000,10,CHF,2006-07-24
K136990000,20,CHF,2006-07-24
K137030000,20,CHF,2006-07-24
K137150000,90,CHF,2006-07-24
K137210000,90,CHF,2006-07-24
K137320000,90,CHF,2010-11-01
K137350000,20,CHF,2006-07-24
K137380000,20,CHF,2010-08-19
K137530000,20,CHF,2006-07-24
K13762AAF0,90,CHF,2010-02-25
K13762AAG0,90,CHF,2010-02-25
K13762AAI0,90,CHF,2010-02-25
K13762AAJ0,90,CHF,2010-02-25
K13762AAK0,90,CHF,2010-02-25
K13762AAM0,90,CHF,2010-02-25
K13762AAU0,90,CHF,2010-02-25
K13762AAW0,90,CHF,2010-02-25
K13762AAY0,90,CHF,2010-02-25
K13762AAZ0,90,CHF,2010-02-25
K13762ABA0,90,CHF,2010-02-25
K13762ABC0,90,CHF,2010-02-25
K13762ABD0,90,CHF,2010-02-25
K13762ABQ0,90,CHF,2010-02-25
K13762ABX0,90,CHF,2010-02-25
K13762ABZ0,90,CHF,2010-02-25
K13762ACD0,90,CHF,2010-02-25
K13762ACE0,90,CHF,2010-02-25
K13762ACI0,90,CHF,2010-02-25
K13762ADF0,90,CHF,2010-08-27
K13762ADG0,90,CHF,2010-08-27
K13762AEJ0,90,CHF,2011-01-26
K13762AEK0,90,CHF,2011-01-26
K13762AFL0,90,CHF,2011-05-20
K13762AFP0,90,CHF,2011-05-20
K13762AFQ0,90,CHF,2011-05-20
K13762AFS0,90,CHF,2011-05-20
K13762AGF0,90,CHF,2011-05-20
K13762AGH0,90,CHF,2011-05-20
K13762AGR0,90,CHF,2011-05-20
K13762AHH0,90,CHF,2011-07-04
K13762AHR0,90,CHF,2011-08-03
K13762AHS0,90,CHF,2011-08-03
K13762AHZ0,90,CHF,2011-08-03
K13762AIG0,90,CHF,2011-08-03
K13762AIX0,90,CHF,2011-08-03
K13762AJG0,90,CHF,2011-08-03
K137870000,90,CHF,2006-07-24
K138100000,20,CHF,2006-07-24
K138110000,20,CHF,2006-07-24
K138320000,20,CHF,2006-07-24
K138480000,90,CHF,2006-07-24
K138530000,10,CHF,2007-09-28
K138540000,20,CHF,2006-07-24
K138630000,90,CHF,2010-10-29
K138700000,90,CHF,2006-07-24
K138710000,20,CHF,2006-07-24
K138720000,20,CHF,2007-01-30
K138730000,90,CHF,2008-08-25
K138740000,20,CHF,2006-07-24
K138770000,90,CHF,2006-07-24
K139080000,90,CHF,2006-07-24
K139160000,90,CHF,2006-07-24
K139170000,20,CHF,2006-07-24
K139230000,90,CHF,2006-07-24
K139300000,90,CHF,2008-06-23
K139310000,20,CHF,2006-07-24
K139420000,20,CHF,2012-05-22
K139650000,20,CHF,2006-07-24
K139670000,20,CHF,2006-07-24
K131970000,20,CHF,2013-12-18
K132050000,90,CHF,2008-03-05
K132110000,20,CHF,2014-07-15
K132310000,20,CHF,2006-08-01
K132330001,90,EUR,2007-06-08
K132470000,90,CHF,2006-07-24
K132620000,20,CHF,2006-07-24
K132690000,20,CHF,2006-07-24
K133050000,20,CHF,2006-07-24
K133160000,20,CHF,2006-07-24
K133200000,90,CHF,2007-05-15
K133260000,20,CHF,2006-07-24
K133340000,90,CHF,2006-07-24
K133350000,90,CHF,2006-07-24
K133470000,90,CHF,2007-08-03
K133480000,90,CHF,2006-07-24
K133640000,90,CHF,2006-07-24
K133650000,20,CHF,2010-08-05
K133760000,20,CHF,2006-07-24
K133770000,90,CHF,2013-11-22
K133790000,10,CHF,2006-07-24
K133830000,90,CHF,2009-07-20
K134090000,20,CHF,2006-07-24
K134210000,90,CHF,2010-05-06
K134230000,20,CHF,2012-12-20
K134270000,10,CHF,2006-07-24
K134310000,90,CHF,2006-07-24
K134380000,90,CHF,2006-07-24
K134530000,20,CHF,2007-11-02
K134560000,20,CHF,2006-07-24
K134690000,20,CHF,2012-06-19
K134820000,20,CHF,2009-06-03
K134840000,20,CHF,2006-07-24
K134890000,20,CHF,2009-08-24
K135010000,90,CHF,2006-07-24
K135040000,20,CHF,2007-02-28
K135050000,20,CHF,2006-07-24
K135060000,10,CHF,2007-04-03
K135160000,90,CHF,2006-07-24
K135170000,20,CHF,2006-07-24
K135180000,10,EUR,2007-02-28
K135240000,90,CHF,2006-07-24
K135430000,90,CHF,2006-07-24
K135480000,90,CHF,2006-07-24
K135580000,20,CHF,2006-07-24
K10100AYI0,90,EUR,2012-12-10
K10100AYQ0,90,EUR,2012-12-10
K10100AZF0,90,EUR,2012-12-10
K10100AZI0,90,EUR,2012-12-10
K10100AZL0,90,EUR,2012-12-07
K10100AZT0,90,EUR,2012-12-07
K10100AZV0,90,EUR,2012-12-07
K10100AZZ0,90,EUR,2012-12-07
K10100BAN0,90,EUR,2012-12-07
K10100BAX0,90,EUR,2012-12-07
K10100BBZ0,90,EUR,2013-01-17
K160920000,10,CHF,2016-08-30
K141250000,20,CHF,2016-08-31
K022960000,10,CHF,2016-08-31
K02152AGS0,20,CHF,2016-09-05
K107290000,90,CHF,2016-08-12
K160820000,90,CHF,2016-08-12
K160830000,20,CHF,2016-08-15
K017870000,20,CHF,2016-08-15
K01286DJO0,20,CHF,2016-08-18
K01286DJP0,20,CHF,2016-08-19
K178570000,20,CHF,2016-09-06
K07393AUF0,90,CHF,2016-09-06
K07393AUH0,90,EUR,2016-09-06
K04370AJF0,20,CHF,2016-09-07
K04370AJH0,20,CHF,2016-09-07
K01286DKP0,20,CHF,2016-09-08
K11285AGZ0,20,CHF,2016-10-05
K161010000,20,CHF,2016-10-06
K01286DLY0,20,CHF,2016-10-06
K07393AUZ0,90,EUR,2016-10-06
K01448FBV0,90,CHF,2015-05-27
K01448FFG0,90,CHF,2015-11-19
K01448FFV0,90,CHF,2016-02-24
K01448FFX0,90,CHF,2016-02-24
K02152ABT0,20,CHF,2015-01-05
K10100CRH0,90,EUR,2014-08-05
K10100CSX0,90,EUR,2014-09-15
K10100CVL0,90,EUR,2014-11-12
K135890000,20,CHF,2006-07-24
K136190000,90,CHF,2006-07-24
K136230000,20,CHF,2013-12-04
K143900000,90,CHF,2008-10-09
K144040000,90,CHF,2006-07-24
K144080000,20,CHF,2008-01-22
K144220000,90,CHF,2006-07-24
K144380000,20,CHF,2006-07-24
K144460000,90,CHF,2006-07-24
K144490000,20,CHF,2007-09-13
K144550000,90,CHF,2009-03-19
K144730000,20,CHF,2006-07-24
K144800000,10,CHF,2006-07-24
K144830002,90,CHF,2008-07-17
K144830003,90,CHF,2008-07-17
K144870000,90,CHF,2006-07-24
K145020000,20,CHF,2006-07-24
K139870000,90,CHF,2006-07-24
K139990000,20,CHF,2006-07-24
K140010000,20,CHF,2006-07-24
K140050000,90,CHF,2006-07-24
K140070000,20,CHF,2006-07-24
K140100000,20,CHF,2006-07-24
K140130000,90,CHF,2006-07-24
K140150000,90,CHF,2008-06-05
K140170000,90,CHF,2006-07-24
K140180000,20,CHF,2006-07-24
K140320000,20,CHF,2006-07-24
K140350000,20,CHF,2006-07-24
K140440000,90,CHF,2006-07-24
K140500000,90,CHF,2007-11-16
K140510000,20,CHF,2007-11-20
K140540000,10,CHF,2008-09-30
K140550000,10,CHF,2006-07-24
K140660000,20,CHF,2011-06-07
K140690000,20,CHF,2006-07-24
K140850000,20,CHF,2007-07-23
K140870000,20,CHF,2006-07-24
K142470000,20,CHF,2006-07-24
K10100CVM0,90,EUR,2014-11-12
K01286DKQ0,20,CHF,2016-09-12
K004690000,10,CHF,2016-09-15
K11285AGW0,20,CHF,2016-09-19
K150331174,90,CHF,2016-09-19
K073640000,90,CHF,2016-09-19
K086150000,20,CHF,2016-09-28
K17719AMU0,20,CHF,2016-09-28
K027990003,20,CHF,2016-09-30
K01286DLT0,20,CHF,2016-10-03
K02152AGY0,90,CHF,2016-10-04
K02151ARJ0,20,CHF,2016-10-13
K01286DMA0,20,CHF,2016-10-13
K01286DME0,20,CHF,2016-10-13
K01286DMF0,20,CHF,2016-10-13
K004520000,90,CHF,2016-10-17
K01286CJF0,20,CHF,2014-09-17
K01286CKA0,90,CHF,2014-09-24
K01286CLF0,20,CHF,2014-10-15
K01286CNZ0,20,CHF,2014-12-09
K01286COL0,20,CHF,2014-12-15
K01286CRQ0,90,CHF,2015-03-09
K10100CWX0,90,EUR,2014-12-01
K10100CXA0,90,EUR,2014-12-01
K10100CYN0,90,EUR,2015-01-15
K10100CYW0,90,EUR,2015-01-15
K10100CZD0,90,EUR,2015-01-15
K10100DCH0,90,EUR,2015-03-13
K10100DCN0,90,EUR,2015-03-13
K17719AKJ0,20,CHF,2015-07-13
K161060000,20,CHF,2016-10-19
K01286DMM0,20,CHF,2016-10-24
K01286DMN0,20,CHF,2016-10-24
K11285AHD0,20,CHF,2016-11-02
K072860000,10,CHF,2016-11-02
K02152AHD0,20,CHF,2016-11-03
K034920002,20,CHF,2016-11-09
K099010000,20,EUR,2016-11-29
K035740000,20,CHF,2016-11-30
K142510000,20,CHF,2008-07-09
K142560000,20,CHF,2007-03-05
K142790000,20,CHF,2010-12-02
K143060001,20,CHF,2008-11-10
K143070000,90,CHF,2012-03-16
K143160000,20,CHF,2006-07-24
K143210000,20,CHF,2006-11-06
K143250000,20,CHF,2007-06-27
K143280000,20,CHF,2008-04-11
K143690000,20,CHF,2008-07-02
K143750000,20,CHF,2006-07-24
K150220000,20,CHF,2006-07-24
K150270000,10,CHF,2006-07-24
K150330002,90,CHF,2006-07-28
K150330012,90,CHF,2006-07-28
K150330017,90,CHF,2006-07-28
K150330024,90,CHF,2006-07-28
K150330032,90,CHF,2006-07-28
K150330046,90,CHF,2006-07-28
K150330054,90,CHF,2006-07-28
K150330064,90,CHF,2006-07-28
K150330073,90,CHF,2006-07-28
K150330082,90,CHF,2006-07-28
K150330096,90,CHF,2006-07-28
K150330117,90,CHF,2006-07-28
K150330121,90,CHF,2006-07-28
K150330128,90,CHF,2006-07-28
K150330138,90,CHF,2007-01-11
K150330144,90,CHF,2008-06-03
K150330146,90,CHF,2008-06-03
K150330151,90,CHF,2008-06-03
K150330167,90,CHF,2008-06-03
K150330175,90,CHF,2008-06-03
K150330182,90,CHF,2008-06-03
K150330197,90,CHF,2008-06-03
K150330209,90,CHF,2008-06-03
K150330211,90,CHF,2008-06-03
K150330221,90,CHF,2008-06-03
K150330228,90,CHF,2008-07-11
K114870000,90,CHF,2016-12-01
K14542AEL0,20,CHF,2016-12-02
K01286DOB0,20,CHF,2016-12-05
K01286DOG0,20,CHF,2016-12-05
K04370AJS0,20,CHF,2016-12-05
K01286DOI0,20,CHF,2016-12-07
K07393AVR0,90,EUR,2016-12-07
K07393AVV0,90,EUR,2016-12-07
K07393AVT0,90,EUR,2016-12-07
K07393AVX0,90,EUR,2016-12-07
K07393AVY0,90,EUR,2016-12-07
K01286DOJ0,20,CHF,2016-12-08
K01286DOK0,20,CHF,2016-12-08
K004310000,20,CHF,2016-12-08
K136960000,20,CHF,2017-01-03
K01286DPD0,20,CHF,2017-01-04
K02152AHH0,20,CHF,2017-01-06
K02152AHJ0,90,CHF,2017-01-06
K07393AWU0,90,EUR,2017-01-18
K07393AWY0,90,EUR,2017-01-18
K07393AXH0,90,EUR,2017-01-18
K07393AXI0,90,EUR,2017-01-18
K07393AYA0,90,EUR,2017-01-18
K07393AYF0,90,EUR,2017-01-18
K07393AYM0,90,EUR,2017-01-18
K01286CXV0,20,CHF,2015-09-09
K01448EZD0,90,CHF,2015-01-20
K01286DNI0,20,CHF,2016-11-14
K065570000,20,CHF,2016-11-16
K01286DNN0,20,CHF,2016-11-21
K01286DNS0,20,CHF,2016-11-22
K126880000,90,CHF,2016-11-23
K080200000,20,CHF,2016-11-24
K004260000,20,CHF,2016-12-23
K02151ARO0,20,CHF,2017-01-09
K02151ARP0,20,CHF,2017-01-09
K01286DPK0,20,CHF,2017-01-09
K025700000,20,CHF,2017-01-11
K04370AKB0,20,CHF,2017-02-01
K150330238,90,CHF,2008-07-11
K150330240,90,CHF,2008-07-11
K150330245,90,CHF,2008-07-11
K150330248,90,CHF,2008-07-11
K150330250,90,CHF,2008-07-11
K150330252,90,CHF,2008-07-11
K150330258,90,CHF,2008-07-11
K150330268,90,CHF,2008-11-07
K150330273,90,CHF,2009-03-20
K150330279,90,CHF,2009-04-22
K150330286,90,CHF,2009-04-22
K150330291,90,CHF,2009-04-22
K150330294,90,CHF,2009-04-22
K150330299,90,CHF,2009-04-22
K150330306,90,CHF,2009-04-22
K150330310,90,CHF,2009-04-22
K150330317,90,CHF,2009-04-22
K150330324,90,CHF,2009-04-22
K150330334,90,CHF,2009-04-22
K150330335,90,CHF,2009-04-22
K150330347,90,CHF,2009-04-22
K150330353,90,CHF,2009-04-22
K150330365,90,CHF,2009-04-22
K150330371,90,CHF,2009-04-22
K150330373,90,CHF,2009-04-22
K150330379,90,CHF,2009-04-22
K150330386,90,CHF,2009-04-22
K150330392,90,CHF,2009-04-22
K150330419,90,CHF,2009-05-13
K145080000,20,CHF,2006-08-01
K145140000,20,CHF,2006-07-24
K145220000,20,CHF,2006-07-24
K145300000,90,CHF,2006-07-24
K145350000,90,CHF,2006-07-24
K145420002,90,CHF,2008-07-31
K14542AAA0,90,CHF,2011-07-25
K14542AAI0,90,CHF,2011-07-25
K14542AAS0,90,CHF,2011-07-25
K14542ABB0,90,CHF,2011-07-25
K07393AZM0,90,EUR,2017-01-19
K07393BAB0,90,EUR,2017-01-19
K07393BAC0,90,EUR,2017-01-19
K07393BAE0,90,EUR,2017-01-19
K07393BAL0,90,EUR,2017-01-19
K07393BAR0,90,EUR,2017-01-19
K07393AWO0,90,EUR,2017-01-19
K07393AWV0,90,EUR,2017-01-19
K07393AYD0,90,EUR,2017-01-19
K07393AYE0,90,EUR,2017-01-19
K07393BAJ0,90,EUR,2017-01-19
K01286DPZ0,20,CHF,2017-01-23
K004200000,20,CHF,2017-01-24
K004190000,10,CHF,2017-01-27
K01286DQK0,20,CHF,2017-01-31
K11285AHM0,20,CHF,2017-02-01
K005210000,90,CHF,2017-02-14
K120540001,20,CHF,2017-02-17
K082270000,20,CHF,2017-02-23
K02151ARU0,20,CHF,2017-02-03
K01286DQO0,20,CHF,2017-02-06
K17719ANF0,20,CHF,2017-02-08
K029140000,10,CHF,2017-02-08
K02152ADW0,20,CHF,2015-11-06
K02152AEA0,20,CHF,2015-12-02
K10100DJW0,90,EUR,2015-08-04
K10100DJY0,90,EUR,2015-08-04
K10100DKE0,90,EUR,2015-08-04
K10100DNE0,90,EUR,2015-10-06
K10100DNN0,90,EUR,2015-10-06
K17719AKK0,20,CHF,2015-07-15
K11285AHQ0,20,CHF,2017-03-08
K07393BBY0,90,EUR,2017-03-08
K01286DRL0,20,CHF,2017-03-14
K01286DRX0,20,CHF,2017-03-14
K01286DSF0,20,CHF,2017-03-14
K01286DSH0,20,CHF,2017-03-14
K01286DSK0,20,CHF,2017-03-14
K01286DSL0,20,CHF,2017-03-14
K14542ABH0,90,CHF,2011-07-25
K14542ABI0,90,CHF,2011-07-25
K14542ACA0,90,CHF,2011-07-25
K14542ACG0,20,CHF,2011-07-25
K14542ADH0,90,CHF,2011-07-25
K14542ADM0,90,CHF,2011-07-25
K14542ADN0,90,CHF,2011-07-25
K150330420,90,CHF,2009-05-19
K150330427,90,CHF,2009-10-05
K150330437,90,CHF,2009-10-05
K150330441,90,CHF,2009-10-05
K150330453,90,CHF,2009-10-05
K150330454,90,CHF,2009-10-05
K150330462,90,CHF,2009-10-05
K150330477,90,CHF,2009-10-05
K150330480,90,CHF,2009-10-05
K150330494,90,CHF,2009-10-05
K150330512,90,CHF,2009-10-05
K150330524,90,CHF,2009-10-27
K150330544,90,CHF,2009-10-27
K150330554,90,CHF,2010-01-14
K150330577,90,CHF,2010-08-16
K145460000,20,CHF,2006-07-24
K145470000,20,CHF,2006-07-24
K145500000,20,CHF,2006-07-24
K145530000,90,CHF,2006-08-08
K145540000,90,CHF,2006-07-24
K145590000,20,CHF,2006-07-24
K145640000,20,CHF,2006-07-24
K145810000,90,CHF,2006-07-24
K145850000,20,CHF,2007-01-16
K14590ZZZZ,90,CHF,2008-01-22
K145960000,90,CHF,2009-01-14
K146100000,90,CHF,2007-02-07
K146490000,20,CHF,2009-03-30
K146660000,20,CHF,2009-10-13
K146760000,20,CHF,2006-07-24
K146780001,90,CHF,2009-03-09
K146820000,90,CHF,2006-07-24
K10100DPF0,90,EUR,2017-03-30
K10100DOW0,90,EUR,2017-03-30
K10100DOX0,90,EUR,2017-03-30
K10100DPM0,90,EUR,2017-03-31
K10100DPN0,90,EUR,2017-03-31
K10100DPS0,90,EUR,2017-03-31
K10100DPT0,90,EUR,2017-03-31
K004030000,20,EUR,2017-03-31
K10100DQN0,90,EUR,2017-04-03
K10100DQQ0,90,EUR,2017-04-03
K10100DQS0,90,EUR,2017-04-03
K10100DQU0,90,EUR,2017-04-03
K10100DQV0,90,EUR,2017-04-03
K10100DQW0,90,EUR,2017-04-03
K10100DQY0,90,EUR,2017-04-03
K10100DRD0,90,EUR,2017-04-03
K10100DRE0,90,EUR,2017-04-03
K10100DRF0,90,EUR,2017-04-03
K10100DRH0,90,EUR,2017-04-03
K10100DRJ0,90,EUR,2017-04-03
K10100DRR0,90,EUR,2017-04-03
K10100DRZ0,90,EUR,2017-04-03
K10100DSG0,90,EUR,2017-04-03
K10100DSL0,90,EUR,2017-04-03
K10100DTB0,90,EUR,2017-04-04
K10100DTK0,90,EUR,2017-04-04
K04370AKM0,20,CHF,2017-04-05
K10100DTR0,90,EUR,2017-04-05
K02151APO0,90,CHF,2015-12-03
K01286CWG0,20,CHF,2015-07-20
K07393ASN0,90,EUR,2016-05-10
K07393ASO0,90,EUR,2016-05-10
K033130000,20,CHF,2017-03-23
K01286CTW0,20,CHF,2015-06-10
K01286CVW0,20,CHF,2015-07-14
K01286CXJ0,90,CHF,2015-09-01
K01286DAH0,20,CHF,2015-12-01
K17719ANM0,20,CHF,2017-03-27
K11285AHS0,20,CHF,2017-03-29
K147050000,90,CHF,2006-07-24
K147110000,90,CHF,2011-07-26
K147120000,10,CHF,2006-07-24
K147160000,90,CHF,2006-07-24
K147220000,90,CHF,2006-07-24
K147270000,20,CHF,2006-07-24
K147290000,90,CHF,2006-07-24
K147330000,20,CHF,2006-07-24
K147700000,90,CHF,2010-06-29
K147720000,90,CHF,2006-07-24
K147780000,90,CHF,2010-08-31
K147790000,90,CHF,2010-11-19
K147960000,20,CHF,2006-07-24
K147980000,20,CHF,2008-02-01
K148110000,20,CHF,2007-01-17
K148310000,90,CHF,2006-07-24
K150330594,90,CHF,2010-09-06
K150330596,90,CHF,2010-09-06
K150330600,90,CHF,2010-09-06
K150330606,90,CHF,2010-09-06
K150330613,90,CHF,2010-09-06
K150330636,90,CHF,2010-09-06
K150330645,90,CHF,2010-09-06
K150330651,90,CHF,2010-09-06
K150330656,90,CHF,2010-09-06
K150330694,90,CHF,2010-09-06
K150330699,90,CHF,2010-09-06
K150330707,90,CHF,2010-09-06
K150330718,90,CHF,2010-09-06
K150330723,90,CHF,2010-09-06
K150330726,90,CHF,2010-09-06
K150330732,90,CHF,2010-09-06
K150330733,90,CHF,2010-09-06
K150330738,90,CHF,2010-09-06
K150330751,90,CHF,2010-09-06
K148390000,90,CHF,2006-07-24
K148500000,90,CHF,2006-07-24
K148510000,10,CHF,2006-07-24
K148530000,90,CHF,2006-07-24
K073110000,20,CHF,2017-03-29
K000020000,20,CHF,2017-04-06
K01286DUL0,20,CHF,2017-05-03
K01286DUQ0,20,CHF,2017-05-03
K10100DVF0,90,EUR,2017-05-04
K10100DVS0,90,EUR,2017-05-04
K10100DVV0,90,EUR,2017-05-04
K10100DUG0,90,EUR,2017-05-05
K10100DUH0,90,EUR,2017-05-05
K10100DUX0,90,EUR,2017-05-05
K01286DUU0,20,CHF,2017-05-08
K003830000,20,CHF,2017-05-09
K161280000,20,CHF,2017-05-09
K11285AHZ0,20,CHF,2017-05-10
K049060000,10,CHF,2017-05-10
K000160000,10,CHF,2017-05-11
K01286DUV0,20,CHF,2017-05-11
K100310001,20,CHF,2017-06-06
K01286DVO0,20,CHF,2017-06-07
K02152AIL0,20,CHF,2017-06-07
K01286DVT0,20,CHF,2017-06-07
K000070000,20,CHF,2017-04-11
K000080000,20,CHF,2017-04-11
K11285AHW0,20,CHF,2017-04-12
K000090000,20,CHF,2017-04-12
K004010000,20,CHF,2017-04-06
K000110000,20,CHF,2017-04-13
K01286DTV0,20,CHF,2017-04-18
K11285AHX0,20,CHF,2017-04-19
K003950000,10,CHF,2017-04-19
K027260001,10,CHF,2017-04-20
K003860000,90,CHF,2017-05-02
K003960000,20,CHF,2017-04-19
K044070000,10,CHF,2017-05-15
K04370AKN0,20,CHF,2017-05-19
K01286DVI0,20,CHF,2017-05-22
K045530000,20,CHF,2017-05-23
K01286DWC0,20,CHF,2017-06-13
K003770000,20,CHF,2017-06-14
K148710000,20,CHF,2006-08-11
K148730000,20,CHF,2006-07-24
K148830000,20,CHF,2006-07-24
K149000000,20,CHF,2006-11-07
K149080000,20,CHF,2006-07-24
K149200000,20,CHF,2006-07-24
K149230000,20,CHF,2006-07-24
K149300000,20,CHF,2006-07-24
K149310000,90,CHF,2006-07-24
K149370000,20,CHF,2006-07-24
K149480000,90,CHF,2006-07-24
K149510000,90,CHF,2006-07-24
K149570000,20,CHF,2006-07-24
K149580000,20,CHF,2007-04-26
K149630000,90,CHF,2009-06-03
K149690000,20,CHF,2006-07-24
K149920000,90,CHF,2006-07-24
K150330767,90,CHF,2010-09-06
K150330772,90,CHF,2010-09-06
K150330778,90,CHF,2010-09-06
K150330789,90,CHF,2010-09-06
K150330790,90,CHF,2010-09-06
K150330799,90,CHF,2010-09-06
K150330803,90,CHF,2010-09-06
K150330814,90,CHF,2010-09-06
K150330822,90,CHF,2010-09-06
K150330824,90,CHF,2010-09-06
K150330857,90,CHF,2010-09-06
K150330871,90,CHF,2010-09-06
K150330878,90,CHF,2010-09-06
K150330881,90,CHF,2010-09-06
K150330884,90,CHF,2010-09-06
K150330898,90,CHF,2010-10-05
K150330904,90,CHF,2010-10-15
K150330906,90,CHF,2010-10-15
K150330917,90,CHF,2011-02-04
K150330922,90,CHF,2011-02-22
K150330929,90,CHF,2011-04-20
K150330930,90,CHF,2011-05-23
K11285AIE0,90,CHF,2017-06-19
K17719AOA0,20,CHF,2017-06-20
K11285AIG0,20,CHF,2017-06-23
K01448FGD0,20,CHF,2017-06-23
K01286DWU0,20,CHF,2017-06-26
K01286DXC0,20,CHF,2017-06-26
K07393BDH0,90,EUR,2017-06-07
K11285AIC0,20,CHF,2017-06-08
K000260000,20,CHF,2017-07-04
K17719AOC0,20,CHF,2017-07-05
K07393BDM0,90,EUR,2017-07-06
K01286DYS0,20,CHF,2017-07-21
K10100DWB0,90,EUR,2017-07-24
K10100DWL0,90,EUR,2017-07-24
K10100DWN0,90,EUR,2017-07-24
K10100DWO0,90,EUR,2017-07-24
K10100DWP0,90,EUR,2017-07-24
K10100DWT0,90,EUR,2017-07-24
K10100DWW0,90,EUR,2017-07-24
K10100DWX0,90,EUR,2017-07-24
K10100DXM0,90,EUR,2017-07-24
K10100DXZ0,90,EUR,2017-07-24
K10100DYG0,90,EUR,2017-07-24
K10100DYU0,90,EUR,2017-07-24
K10100DYX0,90,EUR,2017-07-24
K10100DZK0,90,EUR,2017-07-24
K035080000,20,CHF,2017-06-26
K07393AQR0,90,EUR,2015-12-03
K01286DXV0,20,CHF,2017-07-06
K01286DXZ0,20,CHF,2017-07-06
K01286DYB0,20,CHF,2017-07-06
K01286DXJ0,90,CHF,2017-07-06
K01286CBU0,20,CHF,2014-04-01
K01286CLC0,20,CHF,2014-10-13
K01286CXY0,20,CHF,2015-09-09
K07393APK0,90,EUR,2015-10-01
K07393APN0,90,EUR,2015-10-01
K02152ADX0,20,CHF,2015-11-06
K01286DYC0,20,CHF,2017-07-10
K025730000,20,CHF,2017-08-04
K10100DZM0,90,EUR,2017-08-04
K10100EAT0,90,EUR,2017-08-04
K07393BDW0,90,EUR,2017-08-07
K07393BDX0,90,EUR,2017-08-07
K083390000,20,CHF,2017-08-07
K01286ECF0,20,CHF,2017-08-14
K01286DYT0,20,CHF,2017-07-25
K01286DZP0,20,CHF,2017-07-25
K01286DZV0,20,CHF,2017-07-25
K01286EAG0,20,CHF,2017-07-25
K01286EAU0,20,CHF,2017-07-25
K02151ASK0,20,CHF,2017-07-25
K01286EBJ0,20,CHF,2017-07-31
K000620000,90,CHF,2017-08-17
K01286EDP0,20,CHF,2017-08-29
K11285AIS0,20,CHF,2017-08-30
K178660000,20,CHF,2017-08-31
K11285AIT0,20,CHF,2017-09-01
K02151ASP0,20,CHF,2017-09-04
K000760000,20,CHF,2017-09-05
K07393BEB0,90,EUR,2017-09-06
K07393BEC0,90,EUR,2017-09-06
K02152AJE0,20,CHF,2017-09-07
K10100EBA0,90,EUR,2017-09-07
K10100EBH0,90,EUR,2017-09-07
K10100EBN0,90,EUR,2017-09-07
K01286EEK0,20,CHF,2017-09-11
K078920000,20,CHF,2017-09-13
K11285AIU0,20,CHF,2017-09-14
K11285AIV0,20,CHF,2017-09-14
K01286EFA0,20,CHF,2017-09-18
K067400000,20,CHF,2007-02-15
K067870000,20,CHF,2015-08-10
K067920000,10,CHF,2006-07-24
K068360000,20,CHF,2006-07-24
K055550001,90,CHF,2006-07-28
K055990000,20,CHF,2006-07-24
K056040000,20,CHF,2006-07-24
K150330935,90,CHF,2011-06-01
K150330943,90,CHF,2011-07-07
K150330949,90,CHF,2011-11-14
K150330971,90,CHF,2013-08-09
K150330985,90,CHF,2013-08-26
K150331001,90,CHF,2013-08-28
K10100BJR0,90,EUR,2013-03-11
K10100BJS0,90,EUR,2013-03-11
K10100BKE0,90,EUR,2013-04-10
K10100BKF0,90,EUR,2013-04-10
K10100BLC0,90,EUR,2013-04-10
K10100BLD0,90,EUR,2013-04-10
K10100BLN0,90,EUR,2013-04-10
K10100BLY0,90,EUR,2013-04-10
K10100BMJ0,90,EUR,2013-04-10
K10100BMR0,90,EUR,2013-05-13
K10100BNR0,90,EUR,2013-05-13
K10100BOH0,90,EUR,2013-05-13
K10100BOY0,90,EUR,2013-05-13
K10100BPF0,90,EUR,2013-05-13
K10100BPH0,90,EUR,2013-05-13
K10100BPN0,90,EUR,2013-05-13
K10100BPS0,90,EUR,2013-05-13
K10100BQD0,90,EUR,2013-06-10
K10100BQM0,90,EUR,2013-06-10
K10100BQV0,90,EUR,2013-06-10
K10100BRP0,90,EUR,2013-06-10
K10100BRS0,90,EUR,2013-06-10
K10100BRZ0,90,EUR,2013-07-09
K10100BSM0,90,EUR,2013-07-09
K10100BSN0,90,EUR,2013-07-09
K10100BTK0,90,EUR,2013-07-08
K10100BTM0,90,EUR,2013-07-08
K10100BTY0,90,EUR,2013-07-08
K10100BUB0,90,EUR,2013-08-13
K10100BUM0,90,EUR,2013-08-13
K10100BUQ0,90,EUR,2013-08-13
K10100BUX0,90,EUR,2013-08-13
K10100BWA0,90,EUR,2013-09-11
K10100BWI0,90,EUR,2013-09-11
K056050000,90,CHF,2006-07-24
K056080000,90,CHF,2008-09-16
K056090000,20,CHF,2010-05-12
K056200000,90,CHF,2014-11-07
K056390000,20,CHF,2011-07-01
K056400000,20,CHF,2012-05-31
K056820000,20,CHF,2006-07-24
K056840000,90,CHF,2006-07-24
K056960000,90,CHF,2007-10-03
K057010000,90,CHF,2006-07-24
K057060000,10,CHF,2006-07-24
K057670001,20,CHF,2008-04-11
K057740000,20,EUR,2006-07-24
K057750000,20,CHF,2006-09-12
K057840000,10,CHF,2013-12-04
K057970000,10,CHF,2006-07-24
K058150000,90,CHF,2006-07-24
K058260000,20,CHF,2014-03-14
K058650000,20,CHF,2006-07-24
K058680000,20,CHF,2006-10-25
K068680000,90,CHF,2011-04-20
K068820000,20,CHF,2006-07-24
K068850000,90,CHF,2008-05-13
K068860000,90,CHF,2006-07-24
K069230000,90,CHF,2010-07-14
K069360000,10,CHF,2006-07-24
K069860000,90,EUR,2006-07-24
K069930000,20,CHF,2006-09-20
K070430000,20,CHF,2015-06-16
K070540000,20,CHF,2006-07-24
K070560000,90,CHF,2011-02-18
K070570000,90,CHF,2006-07-24
K07112AAK0,20,CHF,2010-08-30
K059000000,20,CHF,2009-10-16
K059030000,90,CHF,2006-07-24
K059060000,20,CHF,2008-08-13
K059160000,90,CHF,2015-10-27
K059450000,90,CHF,2006-07-24
K059500000,20,CHF,2006-07-24
K10100BXE0,90,EUR,2013-09-16
K10100BXH0,90,EUR,2013-09-16
K10100BXW0,90,EUR,2013-10-24
K10100BYC0,90,EUR,2013-10-24
K10100BYE0,90,EUR,2013-10-24
K10100BYG0,90,EUR,2013-10-24
K10100BZC0,90,EUR,2013-10-24
K10100BZE0,90,EUR,2013-10-24
K10100BZF0,90,EUR,2013-10-24
K10100BZH0,90,EUR,2013-10-24
K10100BZL0,90,EUR,2013-10-24
K10100BZM0,90,EUR,2013-10-24
K10100BZO0,90,EUR,2013-10-24
K10100BZX0,90,EUR,2013-11-12
K10100BZY0,90,EUR,2013-11-12
K10100CAO0,90,EUR,2013-11-12
K108010000,20,CHF,2014-06-18
K10100CMY0,90,EUR,2014-05-22
K10100CND0,90,EUR,2014-05-22
K10100CNH0,90,EUR,2014-05-22
K10100COR0,90,EUR,2014-06-19
K10100COX0,90,EUR,2014-06-19
K10100CPB0,90,EUR,2014-06-19
K10100CSA0,90,EUR,2014-08-05
K10100CSD0,90,EUR,2014-08-05
K10100CSH0,90,EUR,2014-08-05
K10100CTK0,90,EUR,2014-09-15
K10100CUR0,90,EUR,2014-10-09
K10100CVF0,90,EUR,2014-10-09
K10100CVT0,90,EUR,2014-11-13
K10100CWC0,90,EUR,2014-11-13
K10100CWP0,90,EUR,2014-11-13
K10100CZR0,90,EUR,2015-01-16
K10100CZS0,90,EUR,2015-01-16
K10100CZZ0,90,EUR,2015-01-16
K10100DAF0,90,EUR,2015-02-20
K10100DAM0,90,EUR,2015-02-20
K10100DAT0,90,EUR,2015-02-23
K10100DAZ0,90,EUR,2015-02-23
K059890000,90,CHF,2006-07-24
K059900000,90,CHF,2006-07-24
K059920000,90,CHF,2006-07-24
K060180000,20,CHF,2008-09-08
K060420000,90,CHF,2006-07-24
K060450000,20,CHF,2009-02-06
K060480000,10,CHF,2013-02-12
K061380000,90,CHF,2006-07-24
K061690000,20,CHF,2006-07-24
K061760000,90,CHF,2010-04-20
K061850004,10,CHF,2011-01-31
K061850007,20,CHF,2011-01-31
K061890000,90,CHF,2009-02-03
K072560000,20,CHF,2007-09-12
K072630000,20,CHF,2006-07-24
K072640000,90,CHF,2006-11-07
K072830000,20,CHF,2006-07-24
K072920000,90,CHF,2006-07-24
K073230000,90,CHF,2006-08-01
K073280000,20,CHF,2006-07-24
K07112ABR0,20,CHF,2010-08-30
K07112ABS0,20,CHF,2010-08-30
K07112ABT0,20,CHF,2010-08-30
K07112ABV0,20,CHF,2010-08-30
K07112ABX0,20,CHF,2010-08-30
K07112ACA0,20,CHF,2010-08-30
K07112ACX0,20,CHF,2010-08-30
K07112ADA0,20,CHF,2010-08-30
K07112ADB0,90,CHF,2010-08-30
K07112ADF0,20,CHF,2010-08-30
K07112ADU0,20,CHF,2011-07-18
K07112AES0,20,CHF,2011-07-19
K07112AEV0,20,CHF,2011-07-19
K07112AFZ0,20,CHF,2011-10-04
K07112AGO0,20,CHF,2012-07-03
K07112AGU0,20,CHF,2012-07-03
K07112AHK0,90,CHF,2012-09-06
K07112AHM0,20,CHF,2012-09-06
K07112AHR0,20,CHF,2012-09-06
K10100DBE0,90,EUR,2015-02-23
K10100DBN0,90,EUR,2015-02-24
K10100DBU0,90,EUR,2015-02-24
K10100DCX0,90,EUR,2015-03-13
K10100DDH0,90,EUR,2015-03-16
K10100DDI0,90,EUR,2015-03-16
K10100DDJ0,90,EUR,2015-04-08
K10100DDK0,90,EUR,2015-04-08
K10100DDN0,90,EUR,2015-04-08
K10100DEC0,90,EUR,2015-04-08
K10100DEP0,90,EUR,2015-04-08
K10100DER0,90,EUR,2015-04-08
K10100DES0,90,EUR,2015-04-08
K10100DET0,90,EUR,2015-04-08
K10100DEY0,90,EUR,2015-05-15
K10100DFF0,90,EUR,2015-05-15
K10100DFH0,90,EUR,2015-05-15
K10100DFO0,90,EUR,2015-05-13
K10100DFR0,90,EUR,2015-05-13
K10100DGD0,90,EUR,2015-05-13
K10100DHD0,90,EUR,2015-06-22
K10100DHS0,90,EUR,2015-06-22
K10100DHZ0,90,EUR,2015-06-22
K10100DIW0,90,EUR,2015-07-08
K10100DJO0,90,EUR,2015-07-08
K10100DKU0,90,EUR,2015-08-04
K10100DLA0,90,EUR,2015-08-04
K10100DLH0,90,EUR,2015-08-04
K10100DLQ0,90,EUR,2015-09-10
K10100DNX0,90,EUR,2015-10-06
K10100DOG0,90,EUR,2015-10-06
K10100DOK0,90,EUR,2015-10-06
K10100YYYY,90,EUR,2015-10-08
K101010000,90,CHF,2012-09-11
K101100000,20,CHF,2010-03-18
K101110000,20,CHF,2012-02-14
K101540000,20,CHF,2006-07-24
K102010000,90,CHF,2008-04-29
K102040000,90,CHF,2006-07-24
K073390000,10,CHF,2006-07-24
K073570000,90,CHF,2006-07-24
K073620000,10,CHF,2009-08-04
K073670000,20,CHF,2006-11-15
K073710000,20,CHF,2006-07-24
K150330911,90,CHF,2010-11-22
K150330928,90,CHF,2011-04-11
K150330931,90,CHF,2011-05-24
K150330946,90,CHF,2011-09-15
K150330957,90,CHF,2012-05-30
K150330963,90,CHF,2013-02-08
K150330972,90,CHF,2013-08-09
K150330979,90,CHF,2013-08-26
K150330980,90,CHF,2013-08-26
K150330993,90,CHF,2013-08-26
K150330999,90,CHF,2013-08-28
K150331003,90,CHF,2013-08-28
K150331025,90,CHF,2013-08-29
K150331028,90,CHF,2013-08-29
K150331031,90,CHF,2013-08-29
K150331041,90,CHF,2013-08-29
K150331051,90,CHF,2014-01-22
K150331061,90,CHF,2014-06-03
K150331067,90,CHF,2014-06-05
K150331076,90,CHF,2014-06-03
K150331086,90,CHF,2014-06-03
K150331092,90,CHF,2014-06-05
K150331101,90,CHF,2015-01-28
K150331108,90,CHF,2015-02-24
K150331126,90,CHF,2015-06-24
K150331134,90,CHF,2015-10-19
K150331144,90,CHF,2016-01-22
K150331149,90,CHF,2016-02-18
K150340000,90,CHF,2006-07-24
K150430000,90,CHF,2006-12-07
K150470000,90,CHF,2006-07-24
K150490000,90,CHF,2007-07-25
K150580000,20,CHF,2007-10-26
K150710000,20,CHF,2006-07-24
K102410000,90,CHF,2006-08-01
K102670000,20,CHF,2006-07-24
K102850000,20,CHF,2006-07-24
K103240000,90,CHF,2006-07-24
K103600000,20,CHF,2006-07-24
K103610000,20,CHF,2007-11-19
K103820000,10,CHF,2006-07-24
K103830000,20,CHF,2014-07-01
K104040000,10,CHF,2006-07-24
K104070000,20,CHF,2006-07-24
K10411YYYY,10,CHF,2011-04-20
K104150000,10,CHF,2006-07-24
K104610000,20,CHF,2006-07-24
K104750000,90,CHF,2006-07-24
K104840000,20,CHF,2006-07-24
K104870000,20,CHF,2008-10-09
K108240000,20,CHF,2006-07-24
K108370000,90,CHF,2007-01-16
K108450000,20,CHF,2013-12-12
K108550000,10,CHF,2009-03-24
K108820000,90,CHF,2006-08-21
K109440000,20,CHF,2008-12-18
K109510000,90,CHF,2009-01-07
K109610000,90,CHF,2006-07-24
K109630000,90,CHF,2006-08-01
K109670008,90,CHF,2011-01-31
K109680000,20,CHF,2006-07-24
K109690000,90,CHF,2006-07-24
K109710006,90,CHF,2007-09-05
K109710012,90,CHF,2010-02-01
K109710019,90,CHF,2010-10-19
K10971YYYY,90,CHF,2010-01-26
K109970000,90,CHF,2006-07-24
K110090000,20,EUR,2006-09-07
K110120000,10,CHF,2008-10-07
K110160000,20,CHF,2010-06-07
K110360000,20,CHF,2006-07-24
K110490000,20,CHF,2006-08-01
K110720000,10,CHF,2006-07-24
K168950000,20,CHF,2007-06-25
K169030000,90,CHF,2007-08-06
K169040000,10,CHF,2007-08-06
K169110000,20,CHF,2007-08-28
K169130001,20,CHF,2009-07-06
K169230000,90,CHF,2007-09-25
K169280000,20,CHF,2007-10-05
K169390000,90,CHF,2008-01-29
K169540000,90,CHF,2008-04-18
K169770000,90,CHF,2008-09-26
K169800000,20,CHF,2008-10-27
K169980000,20,CHF,2009-02-23
K151010000,90,CHF,2006-07-24
K151020000,10,CHF,2006-07-24
K151170000,20,CHF,2006-07-24
K151230000,20,EUR,2006-07-24
K151330000,90,CHF,2006-07-24
K151400000,10,CHF,2006-07-24
K151560010,90,CHF,2007-06-08
K151560018,20,CHF,2007-12-19
K151560036,20,CHF,2008-01-09
K151560048,20,CHF,2008-01-10
K151560056,20,CHF,2008-01-10
K151560060,20,CHF,2008-04-04
K151560064,20,CHF,2008-04-08
K151560079,90,CHF,2010-12-16
K151560082,90,CHF,2011-01-28
K151560088,20,CHF,2011-03-28
K15156XXXX,20,CHF,2012-05-24
K151600000,10,CHF,2008-01-10
K151640000,20,CHF,2006-07-24
K151700000,20,CHF,2006-07-24
K151730000,20,CHF,2008-04-14
K151770000,90,CHF,2006-07-24
K151780000,90,CHF,2006-07-24
K15180AAE0,90,CHF,2009-02-24
K15180AAG0,90,CHF,2010-06-04
K151820000,90,CHF,2006-07-24
K151960000,20,CHF,2009-04-20
K110730000,20,CHF,2008-10-21
K110780000,20,CHF,2006-07-24
K110880000,20,CHF,2006-07-24
K110960000,20,CHF,2006-07-24
K111000000,20,CHF,2006-07-24
K111010000,90,CHF,2006-07-24
K111050000,20,CHF,2006-07-24
K111300000,20,CHF,2006-07-24
K111350000,20,CHF,2007-08-28
K111420000,20,CHF,2006-07-24
K111720000,90,CHF,2006-07-24
K111770000,90,CHF,2006-07-24
K111850000,10,CHF,2006-07-24
K111860000,20,CHF,2007-08-06
K111880000,20,CHF,2006-07-24
K112180000,90,CHF,2009-09-04
K112250000,90,CHF,2010-10-22
K112540000,20,EUR,2006-07-24
K112580000,20,CHF,2006-07-24
K112660000,20,CHF,2006-07-24
K112710000,20,CHF,2009-06-03
K112760000,20,CHF,2011-09-15
K112800000,20,CHF,2014-12-30
K11285AAA0,20,CHF,2012-03-27
K11285AAS0,20,CHF,2012-11-26
K11285AAT0,20,CHF,2012-11-26
K11285AAU0,90,CHF,2012-11-26
K11285ABB0,20,CHF,2012-12-21
K11285ABC0,90,CHF,2013-01-28
K11285ABH0,20,CHF,2013-03-27
K11285ABP0,20,CHF,2013-08-26
K11285ACC0,20,CHF,2014-01-23
K11285ACP0,20,CHF,2014-05-28
K11285ACQ0,90,CHF,2014-05-28
K11285ACZ0,20,CHF,2014-07-18
K11285ADG0,20,CHF,2014-09-16
K11285ADP0,20,CHF,2014-09-22
K11285ADT0,20,CHF,2014-10-03
K11285ADW0,20,CHF,2014-10-03
K152000000,20,CHF,2007-03-27
K152020000,90,CHF,2006-07-24
K152030000,20,CHF,2006-07-24
K152060000,90,CHF,2006-07-24
K152070000,90,CHF,2006-07-24
K152080000,20,CHF,2006-07-24
K152110000,20,CHF,2006-07-24
K152510000,20,CHF,2007-05-22
K152550000,10,CHF,2007-07-02
K152610000,10,CHF,2006-07-24
K152700000,20,CHF,2006-07-24
K152730000,90,CHF,2006-07-24
K152750000,90,CHF,2006-07-24
K152790000,90,CHF,2006-09-27
K152900000,90,CHF,2006-07-24
K153100000,20,CHF,2006-07-24
K153190000,90,CHF,2007-04-02
K153250000,90,CHF,2008-06-06
K153300000,90,CHF,2006-07-24
K153340000,20,CHF,2006-07-24
K153370000,90,CHF,2006-07-24
K153420000,90,CHF,2009-08-26
K153430000,20,CHF,2009-11-10
K153470000,20,CHF,2006-07-24
K153480000,20,CHF,2008-01-15
K153650000,10,CHF,2006-07-24
K153710000,20,CHF,2006-07-24
K154030000,90,CHF,2006-08-31
K154160000,10,CHF,2009-11-27
K154190000,20,CHF,2006-07-24
K154220000,90,CHF,2006-07-24
K154270000,20,CHF,2010-01-25
K154290000,20,CHF,2010-07-12
K154310000,90,CHF,2006-07-24
K154470000,10,CHF,2006-07-24
K154500000,20,CHF,2006-07-24
K154600000,20,CHF,2007-12-03
K154660000,10,CHF,2006-07-24
K154850000,20,CHF,2007-07-12
K11285ADX0,20,CHF,2014-10-03
K11285ADY0,20,CHF,2014-10-03
K11285AEC0,20,CHF,2014-10-10
K11285AEF0,20,CHF,2014-11-10
K11285AEG0,90,CHF,2014-11-11
K11285AER0,90,CHF,2015-02-05
K11285AEX0,90,CHF,2015-03-26
K11285AFL0,20,CHF,2015-10-29
K11285AFM0,20,CHF,2015-11-02
K11285AFQ0,20,CHF,2015-11-12
K11285AGB0,20,CHF,2016-02-08
K112860000,90,CHF,2006-07-24
K11290AAA0,20,CHF,2014-01-21
K113470000,90,CHF,2009-03-31
K113630000,90,CHF,2006-07-24
K113710000,20,CHF,2006-07-24
K113850000,20,CHF,2015-09-23
K113910000,20,CHF,2006-07-24
K114020000,90,CHF,2006-07-24
K114090000,20,CHF,2006-12-06
K114110000,90,CHF,2011-05-17
K114120000,20,CHF,2013-10-21
K114130000,90,CHF,2006-07-24
K114170000,20,CHF,2006-07-24
K114470000,90,CHF,2008-07-04
K114610000,20,CHF,2006-07-24
K114710000,20,CHF,2006-07-24
K114810000,90,CHF,2009-10-06
K114960000,20,CHF,2006-07-24
K114980000,20,CHF,2007-06-08
K115010000,90,CHF,2012-01-31
K11511AAC0,90,CHF,2009-03-06
K11511AFC0,90,CHF,2009-03-23
K11511AFD0,90,CHF,2009-04-24
K11511ZZZZ,90,CHF,2009-02-27
K115140000,90,CHF,2006-07-24
K115160000,20,CHF,2006-09-05
K115440000,20,CHF,2006-07-24
K115490000,20,CHF,2006-07-24
K155000000,20,CHF,2010-12-01
K155050000,20,CHF,2011-09-19
K155090000,20,CHF,2012-02-07
K155270000,20,CHF,2014-02-25
K155290000,20,CHF,2014-06-25
K155370000,20,CHF,2015-08-18
K155560000,90,CHF,2011-09-19
K160080000,20,CHF,2015-12-03
K160120000,20,CHF,2015-12-16
K160140000,20,CHF,2015-12-18
K166810000,10,CHF,2006-08-06
K166860000,90,CHF,2006-08-07
K166870000,90,CHF,2007-03-12
K167990000,20,CHF,2006-10-20
K170060000,90,CHF,2007-10-15
K170090000,20,CHF,2008-04-10
K170130000,20,CHF,2007-11-14
K170190000,90,CHF,2007-11-21
K170220000,90,CHF,2007-11-30
K170240000,90,CHF,2007-12-10
K170310000,20,CHF,2008-01-17
K170320000,10,CHF,2008-01-17
K170350001,90,CHF,2012-03-29
K170350002,90,CHF,2012-06-08
K170420000,20,CHF,2008-02-14
K170480000,20,CHF,2008-02-28
K170590000,90,CHF,2008-04-07
K170620000,90,CHF,2008-04-11
K170630000,20,CHF,2008-04-11
K170730000,20,CHF,2009-03-17
K170790000,90,CHF,2010-12-08
K170820000,90,CHF,2012-01-03
K170880000,90,CHF,2010-02-08
K170950000,20,CHF,2012-06-04
K171040000,10,CHF,2008-04-23
K171080000,20,CHF,2008-04-23
K171170000,20,CHF,2009-05-04
K171230000,90,CHF,2008-04-23
K171330000,90,CHF,2011-09-07
K115510000,20,CHF,2006-07-24
K115900000,90,CHF,2012-10-12
K116040000,90,CHF,2006-07-24
K116050000,20,CHF,2006-08-01
K116110000,90,CHF,2006-07-24
K116230000,90,CHF,2007-11-22
K116270000,90,CHF,2009-04-06
K116320000,10,CHF,2006-07-24
K116340000,90,CHF,2006-07-24
K116480000,20,CHF,2006-07-24
K116500000,90,CHF,2006-07-24
K116540000,90,CHF,2006-08-01
K116570000,90,CHF,2009-01-08
K116700000,20,CHF,2006-10-26
K116780000,20,CHF,2006-07-24
K116880000,10,CHF,2006-07-24
K116900000,20,CHF,2010-09-23
K116920000,20,CHF,2009-03-05
K116930000,20,CHF,2009-09-17
K117080000,90,CHF,2006-07-24
K105600000,90,CHF,2015-05-18
K105700000,20,CHF,2006-07-24
K105940000,20,CHF,2007-08-21
K106100000,20,CHF,2011-01-19
K106210000,90,CHF,2006-07-24
K106250000,20,CHF,2006-09-05
K106300000,10,CHF,2007-09-17
K106310001,90,CHF,2008-05-07
K106480000,20,CHF,2006-07-24
K106580000,90,CHF,2006-07-24
K106610000,10,CHF,2006-07-24
K106620000,20,CHF,2006-07-24
K106830001,90,CHF,2008-04-24
K107030000,20,CHF,2006-07-24
K107150000,90,CHF,2006-07-24
K107170000,10,CHF,2007-04-03
K107180000,90,CHF,2007-08-08
K107190000,20,CHF,2006-07-24
K107440000,20,CHF,2007-02-07
K171410000,10,CHF,2008-04-23
K171450000,90,CHF,2008-04-23
K171540000,20,CHF,2013-02-04
K171560000,20,CHF,2013-04-22
K171600000,10,CHF,2013-03-21
K171680000,20,CHF,2008-04-23
K171690000,90,CHF,2014-02-12
K171720000,90,CHF,2013-10-07
K171730000,20,CHF,2014-05-12
K171850000,20,CHF,2014-12-15
K171930000,90,CHF,2008-04-23
K172070000,20,CHF,2008-04-23
K172080000,20,CHF,2009-05-11
K172090000,90,CHF,2009-05-11
K172120000,20,CHF,2008-04-23
K172280000,20,CHF,2008-04-23
K172360000,10,CHF,2008-04-23
K172380000,90,CHF,2008-04-23
K172440000,90,CHF,2010-01-04
K172500000,20,CHF,2008-04-23
K172540000,20,CHF,2008-04-23
K172670000,20,CHF,2008-04-23
K172690000,90,CHF,2008-04-23
K172710000,20,CHF,2008-04-23
K172740000,20,CHF,2011-12-19
K172870000,10,CHF,2008-04-23
K172920000,90,CHF,2008-04-23
K173030000,90,CHF,2008-04-23
K173160000,20,CHF,2008-04-23
K173180000,20,CHF,2008-04-23
K173260000,20,CHF,2008-04-23
K173440000,10,CHF,2011-09-29
K173450000,20,CHF,2008-04-23
K173490000,20,CHF,2008-04-23
K173570000,20,CHF,2008-04-23
K173590000,20,CHF,2008-04-23
K173600000,90,CHF,2008-04-23
K173640000,90,CHF,2008-04-23
K173680000,10,CHF,2008-04-23
K107490000,90,CHF,2006-07-24
K107650000,90,CHF,2006-07-24
K107710000,90,CHF,2011-04-26
K107820000,20,CHF,2006-07-24
K117670000,20,CHF,2010-10-05
K117750000,90,CHF,2006-07-24
K117790000,20,EUR,2007-03-09
K117800000,90,CHF,2010-11-02
K117810000,90,CHF,2006-07-24
K117980000,20,CHF,2006-07-24
K117990000,90,CHF,2006-07-24
K118000000,20,CHF,2008-04-18
K118130001,20,CHF,2009-05-26
K118560000,90,CHF,2011-09-06
K11864AAX0,20,CHF,2009-02-03
K11864ABB0,90,CHF,2009-02-20
K11864ABD0,90,CHF,2009-03-17
K11864ABN0,20,CHF,2009-11-10
K11864ABO0,90,CHF,2009-11-10
K11864ACA0,20,CHF,2010-01-12
K11864ACB0,20,CHF,2010-01-18
K11864ACD0,20,CHF,2010-01-20
K11864ACE0,20,CHF,2010-01-26
K11864AEY0,90,CHF,2010-06-17
K11864AEZ0,20,CHF,2010-06-17
K11864AFD0,90,CHF,2010-06-17
K11864AFN0,20,CHF,2010-06-17
K11864AGM0,20,CHF,2010-06-17
K11864AHD0,90,CHF,2010-06-17
K11864AHN0,90,CHF,2010-06-17
K11864AIV0,90,CHF,2010-06-17
K11864AJE0,20,CHF,2010-06-17
K11864AJG0,20,CHF,2010-06-17
K11864AJO0,20,CHF,2010-06-17
K11864AJZ0,90,CHF,2010-06-17
K11864AKD0,90,CHF,2010-11-03
K11864AKY0,20,CHF,2012-09-11
K11864AKZ0,20,CHF,2012-11-01
K11864ALB0,20,CHF,2013-07-04
K173710000,10,CHF,2008-04-23
K173750000,20,CHF,2008-04-23
K173840000,10,CHF,2008-04-23
K173850000,20,CHF,2008-04-23
K173930000,20,CHF,2008-04-23
K174010000,20,CHF,2012-06-25
K174060000,90,CHF,2008-04-23
K174080000,90,CHF,2008-04-23
K174240000,20,CHF,2008-04-23
K174300000,20,CHF,2008-04-23
K168160000,10,CHF,2006-11-27
K168240000,20,CHF,2006-12-14
K168270000,20,CHF,2006-12-20
K168320000,90,CHF,2007-01-05
K168330000,20,CHF,2007-01-10
K168350000,90,CHF,2007-01-15
K168390000,20,CHF,2007-01-17
K16845YYYY,90,CHF,2009-10-23
K168470000,90,CHF,2007-02-08
K168500000,10,CHF,2007-02-14
K168550000,20,CHF,2007-03-01
K168560000,90,CHF,2007-03-05
K168800001,20,CHF,2007-05-24
K175300000,20,CHF,2009-01-21
K175330000,90,CHF,2009-02-20
K175360000,20,CHF,2009-03-03
K175370000,20,CHF,2009-03-26
K175390000,20,CHF,2009-04-02
K175480000,10,CHF,2009-04-21
K175490000,20,CHF,2009-04-22
K175580000,20,CHF,2009-05-12
K17561ZZZZ,90,CHF,2009-07-01
K175680000,90,CHF,2009-07-01
K175760000,20,CHF,2009-08-12
K175770001,20,CHF,2010-11-03
K17580AAB0,90,CHF,2010-08-09
K176000000,90,CHF,2009-11-24
K176040000,90,CHF,2009-11-27
K176290000,20,CHF,2010-04-07
K11864ALC0,20,CHF,2013-11-05
K118650000,20,CHF,2006-07-24
K118750000,20,CHF,2009-05-29
K119230000,20,CHF,2006-07-24
K119270000,20,CHF,2006-07-24
K119380000,20,CHF,2006-08-01
K119880000,90,CHF,2006-07-24
K119920000,10,CHF,2006-07-24
K119940000,90,CHF,2006-07-24
K120060000,20,CHF,2006-07-24
K120070000,90,CHF,2006-07-24
K120330000,20,CHF,2006-07-24
K121180000,90,CHF,2006-07-24
K121240000,20,CHF,2006-07-24
K121260000,20,CHF,2006-07-24
K121320000,90,CHF,2006-08-01
K121410000,90,CHF,2006-07-24
K121420000,90,CHF,2006-07-24
K121520000,20,CHF,2006-07-24
K121610000,20,CHF,2006-11-16
K121860000,90,CHF,2006-07-24
K121880000,20,CHF,2006-07-24
K121990000,90,CHF,2008-02-15
K122220000,20,CHF,2006-12-04
K122340000,90,CHF,2010-07-23
K117330000,20,CHF,2007-07-10
K117340000,20,CHF,2008-01-08
K117460000,90,CHF,2011-03-07
K117480000,20,CHF,2006-07-24
K117550000,20,CHF,2006-07-24
K126850000,90,CHF,2007-03-22
K126960000,90,CHF,2006-07-24
K127110000,20,CHF,2006-07-24
K127190000,90,CHF,2006-07-24
K127450000,20,CHF,2006-07-24
K127480000,90,CHF,2006-07-24
K12766XXXX,90,CHF,2013-05-14
K127850000,20,CHF,2006-07-24
K127990000,20,CHF,2006-07-24
K176310001,90,EUR,2010-04-19
K176370000,20,CHF,2010-05-20
K176380000,10,CHF,2010-06-07
K176440000,20,CHF,2010-06-30
K176470000,20,CHF,2010-07-16
K176530000,20,CHF,2010-07-29
K176550000,20,CHF,2010-08-04
K176580000,20,CHF,2010-08-23
K176670000,90,CHF,2010-10-12
K176690000,10,CHF,2010-11-02
K176740000,20,CHF,2010-11-11
K176820000,90,CHF,2010-11-29
K176840000,20,CHF,2010-12-03
K177130000,20,CHF,2011-07-20
K177150000,20,CHF,2011-07-25
K17719AAC0,90,CHF,2011-09-14
K17719AAF0,20,CHF,2011-08-18
K17719AAS0,20,CHF,2011-10-17
K17719AAV0,20,CHF,2011-10-26
K17719ABJ0,90,CHF,2011-11-21
K17719ABK0,20,CHF,2011-11-21
K17719ABU0,20,CHF,2011-12-19
K17719ABV0,20,CHF,2011-12-23
K17719ACO0,90,CHF,2012-03-29
K17719ACT0,20,CHF,2012-04-17
K17719ADE0,90,CHF,2012-06-22
K17719ADF0,20,CHF,2012-06-22
K17719AEI0,20,CHF,2013-03-27
K17719AFB0,20,CHF,2012-12-19
K17719AFG0,20,CHF,2012-02-01
K17719AFQ0,20,CHF,2012-04-11
K17719AGU0,90,CHF,2013-12-10
K17719AGZ0,20,CHF,2014-01-30
K17719AIG0,20,CHF,2014-09-05
K17719AIM0,20,CHF,2014-10-01
K17719AIN0,20,CHF,2014-10-15
K17719AIR0,20,CHF,2014-11-14
K17719AIT0,20,CHF,2014-12-03
K17719AJF0,20,CHF,2015-02-12
K17719AJU0,90,CHF,2015-05-01
K17719AKD0,20,CHF,2015-06-10
K17719AKI0,20,CHF,2015-07-08
K17719AKR0,20,CHF,2015-08-24
K17719AKS0,20,CHF,2015-08-27
K17719AKW0,20,CHF,2015-10-22
K177250000,20,CHF,2011-09-15
K177310000,20,CHF,2011-10-17
K177440000,90,CHF,2011-12-16
K178080000,20,CHF,2014-02-12
K174490000,20,CHF,2008-04-23
K174550000,90,CHF,2008-04-23
K174630000,10,CHF,2008-04-23
K174660000,10,CHF,2008-04-23
K174820001,90,CHF,2010-03-01
K174940000,90,CHF,2008-07-11
K175100000,20,CHF,2008-10-20
K175110000,20,CHF,2008-10-21
K175210000,90,CHF,2008-11-28
K175240000,20,CHF,2008-12-23
K02151AQD0,20,CHF,2016-03-31
K052420000,20,CHF,2016-03-30
K052430000,10,CHF,2016-03-30
K160260000,20,CHF,2016-03-22
K02152AFD0,20,CHF,2016-04-05
K04370AHY0,20,CHF,2016-04-07
K01286DEX0,20,CHF,2016-04-20
K04370AEI0,20,CHF,2015-08-07
K10100CRO0,90,EUR,2014-08-05
K160380000,90,CHF,2016-04-28
K178550000,20,CHF,2016-04-29
K01286DFT0,90,CHF,2016-05-02
K088250000,10,CHF,2016-05-03
K054330001,20,CHF,2016-05-09
K000100000,20,CHF,2016-05-09
K020030000,10,CHF,2015-11-05
K01286DFV0,20,CHF,2016-05-18
K160470000,20,CHF,2016-05-19
K029120000,20,CHF,2016-05-23
K128430000,20,CHF,2011-05-27
K128650000,20,CHF,2006-07-24
K122770000,20,CHF,2006-07-24
K122810000,20,CHF,2006-07-24
K123090000,20,CHF,2006-07-24
K123210000,90,CHF,2006-07-24
K123300000,20,CHF,2006-10-20
K123420000,10,CHF,2008-08-28
K123630000,20,CHF,2006-07-24
K123640000,20,CHF,2012-01-06
K123890000,90,CHF,2009-10-27
K123920000,90,CHF,2006-07-24
K123940000,20,CHF,2006-07-24
K123960000,20,CHF,2006-07-24
K124180000,20,CHF,2006-07-24
K124210000,90,CHF,2006-07-24
K124510000,20,CHF,2006-07-24
K124850000,20,CHF,2006-07-24
K124870000,20,CHF,2013-07-04
K125090000,90,CHF,2006-07-24
K125140000,20,CHF,2009-04-30
K125300000,20,CHF,2006-07-24
K129140000,20,CHF,2009-02-09
K129560000,90,CHF,2008-09-11
K129570000,90,CHF,2009-04-24
K129660000,20,CHF,2006-07-24
K129870000,20,CHF,2006-07-24
K129980000,90,CHF,2006-07-24
K130010000,20,CHF,2007-03-05
K130110000,10,CHF,2015-12-16
K130280000,90,CHF,2006-07-24
K130330000,10,CHF,2006-07-24
K130360000,20,CHF,2006-07-24
K130400000,90,CHF,2008-10-08
K130460000,90,CHF,2006-07-24
K130560000,20,CHF,2006-07-24
K130560001,20,CHF,2008-12-11
K130810001,20,CHF,2013-08-15
K030060000,20,CHF,2010-09-01
K160490000,20,CHF,2016-05-27
K045250000,10,CHF,2016-05-31
K178240000,20,CHF,2014-11-21
K178260000,20,CHF,2015-01-06
K178360000,20,CHF,2015-09-01
K178420000,20,CHF,2015-11-11
K178430000,90,CHF,2015-11-13
K106120000,20,CHF,2016-04-13
K01286DET0,20,CHF,2016-04-13
K01286DEW0,90,CHF,2016-04-18
K04370AIM0,20,CHF,2016-05-09
K04370AIN0,20,CHF,2016-05-09
K17719AMA0,20,CHF,2016-04-18
K02151AQM0,20,CHF,2016-05-11
K01286DGR0,20,CHF,2016-06-07
K01286DGT0,20,CHF,2016-06-07
K07393ASX0,90,EUR,2016-06-08
K160560000,20,CHF,2016-06-08
K01286DGY0,20,CHF,2016-06-16
K004850000,10,CHF,2016-06-30
K01286DHT0,20,CHF,2016-06-30
K01286DHY0,20,CHF,2016-07-04
K11285AGQ0,20,CHF,2016-06-01
K005550000,20,CHF,2016-06-01
K079230000,20,CHF,2016-06-02
K160400001,20,CHF,2016-06-03
K01286DHA0,20,CHF,2016-06-16
K01286DHG0,20,CHF,2016-06-16
K065560000,10,CHF,2016-06-20
K00500AAI0,20,CHF,2016-06-21
K00500AAR0,20,CHF,2016-06-21
K00500AAT0,90,CHF,2016-06-21
K00500AAZ0,20,CHF,2016-06-21
K01286COW0,20,CHF,2014-12-23
K106440000,20,CHF,2016-06-21
K10100BWT0,90,EUR,2013-09-16
K10100CSO0,90,EUR,2014-09-15
K10100DCG0,90,EUR,2015-03-13
K00500ACR0,20,CHF,2016-06-21
K030070000,10,CHF,2013-01-11
K030080000,20,CHF,2014-01-09
K030140000,20,CHF,2014-07-18
K030330000,90,CHF,2009-02-09
K030610000,90,CHF,2009-09-11
K030630000,20,CHF,2007-12-07
K021750000,20,CHF,2007-11-12
K021870000,90,CHF,2013-10-15
K021930000,20,CHF,2013-11-05
K021970000,10,CHF,2006-07-24
K022030000,20,CHF,2014-03-17
K022220001,90,CHF,2006-07-27
K022220013,90,CHF,2006-07-27
K022440000,20,CHF,2015-05-18
K022450000,10,CHF,2006-07-24
K022720000,90,CHF,2007-09-26
K022780000,90,CHF,2006-07-24
K022810000,10,CHF,2011-03-29
K022830000,20,CHF,2011-11-28
K022860000,20,CHF,2013-01-08
K022870000,90,CHF,2006-07-24
K022890000,20,CHF,2013-09-02
K022940000,10,CHF,2015-06-24
K023000000,90,CHF,2008-06-06
K023260000,20,CHF,2008-12-09
K033330003,90,CHF,2006-07-28
K033330008,90,CHF,2006-07-28
K030780000,20,CHF,2012-11-15
K030850000,20,CHF,2015-02-16
K030940000,10,CHF,2006-07-24
K031000000,20,CHF,2006-07-24
K031150001,10,CHF,2006-08-30
K031300000,10,CHF,2006-10-30
K031450000,10,CHF,2010-10-19
K031500000,20,CHF,2013-01-08
K031880000,20,CHF,2006-07-24
K031920000,20,CHF,2006-10-18
K031950000,90,CHF,2009-11-23
K032300000,10,CHF,2006-07-24
K00500ACZ0,20,CHF,2016-06-21
K121370001,10,CHF,2016-06-22
K02152AGE0,90,CHF,2016-07-05
K02152AGB0,20,CHF,2016-07-05
K02152AGD0,20,CHF,2016-07-05
K07393ATE0,90,EUR,2016-07-08
K07393ATN0,90,EUR,2016-07-08
K160630000,20,CHF,2016-07-08
K01286DIK0,20,CHF,2016-07-18
K01286DIF0,20,CHF,2016-07-18
K01286DIM0,20,CHF,2016-07-18
K004860000,10,CHF,2016-07-20
K113430000,20,CHF,2016-07-26
K071670000,20,CHF,2016-07-26
K01286DIS0,20,CHF,2016-07-27
K150331168,90,CHF,2016-07-28
K005170000,20,CHF,2016-08-02
K02152AGH0,20,CHF,2016-08-02
K02152AGK0,20,CHF,2016-08-02
K160750000,20,CHF,2016-08-02
K07393ASP0,90,EUR,2016-05-10
K01286DJB0,20,CHF,2016-08-09
K01286DHI0,90,CHF,2016-06-27
K01286DHJ0,20,CHF,2016-06-27
K01286DHL0,20,CHF,2016-06-27
K01286DHM0,20,CHF,2016-06-27
K071320000,20,CHF,2016-06-27
K047520000,90,CHF,2016-08-22
K10100CAV0,90,EUR,2013-11-13
K10100CJA0,90,EUR,2014-03-19
K10100CJZ0,90,EUR,2014-04-09
K10100CMI0,90,EUR,2014-05-22
K10100CPH0,90,EUR,2014-07-14
K10100CRC0,90,EUR,2014-08-05
K10100CVK0,90,EUR,2014-11-12
K17719AMN0,20,CHF,2016-08-24
K150331170,90,CHF,2016-08-25
K01286DJW0,20,CHF,2016-08-29
K165340000,20,CHF,2018-09-28
K032350000,20,CHF,2006-07-24
K032360000,90,CHF,2009-06-17
K032830000,20,CHF,2008-04-08
K032840000,90,CHF,2008-08-19
K032880000,10,EUR,2012-12-18
K03288XXXX,10,EUR,2012-12-21
K03289ABC0,90,CHF,2014-07-28
K033330011,90,CHF,2007-03-05
K033500000,10,CHF,2006-07-24
K033520000,20,CHF,2015-04-30
K033560000,20,EUR,2009-07-10
K033860000,90,CHF,2006-07-24
K033890000,20,CHF,2008-04-17
K033950000,90,CHF,2006-07-24
K034230000,20,CHF,2008-08-13
K034480001,90,CHF,2009-10-01
K034710000,20,CHF,2014-09-10
K034950000,20,CHF,2007-01-09
K035020000,20,CHF,2010-12-13
K035040000,90,CHF,2015-07-21
K035050000,10,CHF,2016-01-04
K035130000,20,CHF,2013-10-22
K035350000,20,CHF,2006-07-24
K035550000,90,CHF,2006-07-24
K035570000,20,CHF,2006-07-24
K035600000,90,CHF,2010-11-05
K035880000,20,CHF,2012-08-08
K036040000,20,CHF,2008-06-09
K036130000,90,CHF,2006-07-24
K036150000,20,CHF,2014-09-25
K036220000,20,CHF,2006-07-24
K036730000,90,CHF,2007-09-17
K036860000,20,CHF,2012-06-14
K037090000,90,CHF,2006-07-24
K037170000,20,CHF,2007-01-04
K037180000,20,CHF,2014-03-28
K037460000,20,CHF,2006-07-24
K037470000,20,EUR,2006-07-24
K037600000,10,CHF,2008-02-15
K161850000,10,CHF,2018-10-12
K01286FHR0,20,CHF,2018-10-15
K01286FHS0,20,CHF,2018-10-15
K161870000,20,CHF,2018-10-16
K01286FIK0,20,CHF,2018-10-22
K002900000,20,CHF,2018-10-23
K17719AQI0,20,CHF,2018-10-25
K002930000,10,CHF,2018-10-26
K07393BIR0,90,EUR,2018-10-29
K01286FIU0,20,CHF,2018-11-05
K01286FIQ0,20,CHF,2018-11-05
K01286FJB0,20,CHF,2018-11-05
K01286FJG0,20,CHF,2018-11-05
K01286FJH0,20,CHF,2018-11-05
K01286FJK0,20,CHF,2018-11-05
K002970000,10,CHF,2018-11-07
K10100EVZ0,90,EUR,2018-11-09
K10100EVS0,90,EUR,2018-10-02
K10100EUV0,90,EUR,2018-10-02
K10100EUS0,90,EUR,2018-10-02
K07393BIP0,90,EUR,2018-10-04
K02151AVF0,20,CHF,2018-10-08
K003030000,20,CHF,2018-11-23
K034920004,20,CHF,2018-11-23
K01286FKY0,20,CHF,2018-11-26
K01286FLA0,20,CHF,2018-11-26
K005230000,10,CHF,2018-11-27
K005240000,20,CHF,2018-11-29
K005270000,20,CHF,2018-12-04
K10100EXK0,90,EUR,2018-12-04
K035580001,20,CHF,2018-12-04
K10100EXV0,90,EUR,2018-12-04
K10100EYJ0,90,EUR,2018-12-04
K10100EZD0,90,EUR,2018-12-05
K01286FLF0,20,CHF,2018-12-05
K01286FLS0,20,CHF,2018-12-05
K04370ALV0,20,CHF,2018-12-05
K04370ALX0,20,CHF,2018-12-05
K01286FJV0,20,CHF,2018-11-12
K037660000,20,CHF,2016-03-09
K037720000,90,CHF,2006-07-24
K037770000,20,CHF,2011-07-25
K038900000,90,CHF,2006-07-24
K039020000,20,CHF,2006-07-24
K039040000,20,CHF,2006-07-24
K039100000,20,CHF,2006-07-24
K039140000,20,CHF,2011-12-20
K039550002,20,CHF,2013-04-04
K040490000,20,CHF,2006-07-24
K041160000,90,CHF,2006-07-24
K041290000,90,CHF,2007-08-14
K03289ABL0,90,CHF,2014-11-19
K03289ACB0,90,CHF,2014-12-22
K03289ACI0,90,CHF,2014-12-22
K03289ACN0,90,CHF,2014-12-22
K03289ACO0,90,CHF,2014-12-22
K03289ADB0,90,CHF,2014-12-22
K03289ADK0,90,CHF,2014-12-22
K03289ADL0,90,CHF,2014-12-22
K03289AEB0,90,CHF,2014-12-22
K03289AEC0,90,CHF,2014-12-22
K03289AED0,90,CHF,2014-12-22
K03289AEE0,90,CHF,2014-12-22
K03289AEG0,90,CHF,2014-12-22
K03289AEI0,90,CHF,2014-12-22
K03289AEJ0,90,CHF,2014-12-22
K03289AEK0,90,CHF,2014-12-22
K03289AFB0,90,CHF,2015-05-18
K03289AFJ0,90,CHF,2015-08-07
K033000000,10,CHF,2006-07-24
K033330000,20,CHF,2006-07-27
K046320000,10,CHF,2006-07-24
K046530000,20,CHF,2006-07-24
K046550000,20,CHF,2015-03-19
K047270000,20,CHF,2006-07-24
K047740000,20,CHF,2006-07-24
K047760000,90,CHF,2006-07-24
K048100000,90,CHF,2006-07-24
K01286FJT0,20,CHF,2018-11-13
K01286FJZ0,20,CHF,2018-11-19
K01286FKA0,20,CHF,2018-11-19
K01286FKF0,20,CHF,2018-11-19
K07393BJG0,90,EUR,2018-12-06
K07393BJM0,90,EUR,2018-12-06
K005320000,20,CHF,2018-12-12
K01286FMH0,20,CHF,2018-12-12
SMCEE00000,20,EUR,2019-01-08
K162030000,20,CHF,2019-01-21
K01286FPK0,20,CHF,2019-02-05
K005660000,20,CHF,2019-02-07
K10100FAW0,90,EUR,2019-02-07
K10100FBT0,90,EUR,2019-02-07
K10100FAP0,90,EUR,2019-02-07
K02151AVZ0,20,CHF,2019-02-08
K01286BCI0,20,CHF,2019-02-12
K01286EJN0,20,CHF,2019-02-12
K01286FRF0,20,CHF,2019-03-04
K01286FRK0,20,CHF,2019-03-04
K056990000,10,CHF,2019-03-05
K10100FCC0,90,EUR,2019-03-05
K10100FCE0,90,EUR,2019-03-05
K10100FCH0,90,EUR,2019-03-05
K10100FCU0,90,EUR,2019-03-05
K10100FCR0,90,EUR,2019-03-05
K10100FCS0,90,EUR,2019-03-05
K10100FDB0,90,EUR,2019-03-05
K10100FDF0,90,EUR,2019-03-05
K10100FDG0,90,EUR,2019-03-05
K10100FDH0,90,EUR,2019-03-05
K10100FDI0,90,EUR,2019-03-05
K10100FDM0,90,EUR,2019-03-05
K10100FDR0,90,EUR,2019-03-05
K10100FDS0,90,EUR,2019-03-05
K10100FCA0,90,EUR,2019-03-05
K10100FCQ0,90,EUR,2019-03-05
K10100FCT0,90,EUR,2019-03-05
K01286FNA0,20,CHF,2018-12-17
K01286FNB0,20,CHF,2018-12-18
K048530000,10,CHF,2008-01-15
K048600000,20,CHF,2009-09-30
K049020000,90,CHF,2006-07-24
K049120000,90,CHF,2006-07-24
K049140000,20,CHF,2006-07-24
K049230000,20,CHF,2006-07-24
K049410000,20,CHF,2008-11-21
K049710000,20,CHF,2010-08-11
K049830000,20,CHF,2015-03-18
K050400000,90,CHF,2006-07-24
K041690000,20,CHF,2014-02-06
K041990000,20,CHF,2008-03-18
K042650000,90,CHF,2007-11-19
K043230000,20,CHF,2006-07-24
K043350000,20,CHF,2009-08-06
K043440000,10,CHF,2009-01-06
K043680000,20,CHF,2007-05-02
K04370AAH0,20,CHF,2013-04-04
K04370AAK0,90,CHF,2014-04-15
K04370AAP0,20,CHF,2014-07-28
K04370AAY0,20,CHF,2014-08-04
K04370ABD0,90,CHF,2014-08-04
K04370ACJ0,20,CHF,2014-08-05
K050460000,20,CHF,2010-02-01
K050690000,20,CHF,2011-09-02
K050830000,10,CHF,2006-07-24
K050970001,90,CHF,2008-06-20
K051340000,20,CHF,2006-07-24
K051680000,20,CHF,2006-07-24
K051930000,90,CHF,2006-07-24
K052190000,20,CHF,2006-07-24
K052350000,90,CHF,2009-07-20
K052370000,90,CHF,2015-01-29
K052690000,20,CHF,2014-05-06
K052950000,20,CHF,2009-03-24
K053380000,90,CHF,2014-06-23
K053540000,10,CHF,2006-07-24
K053660000,90,CHF,2006-07-24
K053700000,20,CHF,2006-08-01
K132510000,20,CHF,2018-12-19
K01286FBE0,20,CHF,2018-12-19
K005380000,20,CHF,2018-12-21
K005390000,20,CHF,2019-01-03
K10100EZF0,90,EUR,2019-01-03
K10100EZK0,90,EUR,2019-01-03
K10100EZZ0,90,EUR,2019-01-03
K10100EZS0,90,EUR,2019-01-04
K162060000,20,CHF,2019-01-25
K01286FPA0,20,CHF,2019-01-28
K01286FPF0,20,CHF,2019-01-28
K162110000,20,CHF,2019-01-28
K005690000,20,CHF,2019-02-14
K01286FQB0,20,CHF,2019-02-18
K01286FQC0,20,CHF,2019-02-18
K162190000,20,CHF,2019-02-27
K01286FRU0,20,CHF,2019-03-19
K01286FSD0,20,CHF,2019-03-19
K01286FTK0,20,CHF,2019-04-11
K007610004,90,CHF,2019-04-26
K01286FUV0,20,CHF,2019-05-02
K01286FUW0,20,CHF,2019-05-02
K005850000,20,CHF,2019-05-03
K005860000,20,CHF,2019-05-03
K01286FVI0,20,CHF,2019-05-06
K10100FFI0,90,EUR,2019-05-08
K10100FFK0,90,EUR,2019-05-08
K10100FGL0,90,EUR,2019-05-08
K10100FGU0,90,EUR,2019-05-08
K11285ALL0,20,CHF,2019-05-09
K01286FVY0,20,CHF,2019-05-13
K01286FSM0,20,CHF,2019-03-25
K162410000,90,CHF,2019-03-28
K10100FDY0,90,EUR,2019-04-04
K10100FEV0,90,EUR,2019-04-04
K10100FFH0,90,EUR,2019-04-04
K07393BKI0,90,EUR,2019-04-05
K117950000,20,CHF,2019-05-21
K162630000,90,CHF,2019-05-23
K01286FXQ0,20,CHF,2019-06-03
K054040000,90,CHF,2006-07-24
K04370ACU0,90,CHF,2014-08-15
K04370ACV0,20,CHF,2014-09-24
K04370ACZ0,90,CHF,2014-12-15
K04370ADK0,20,CHF,2014-12-22
K04370ADN0,20,CHF,2015-01-20
K04370AEC0,90,CHF,2015-07-08
K04370AEO0,20,CHF,2015-11-05
K04370AFI0,20,CHF,2016-03-09
K04370AFL0,20,CHF,2016-03-09
K04370AFP0,20,CHF,2016-03-09
K04370AGT0,20,CHF,2016-03-09
K04370AGZ0,20,CHF,2016-03-09
K04370AHD0,20,CHF,2016-03-09
K04370AHE0,20,CHF,2016-03-09
K04370AHF0,20,CHF,2016-03-09
K04370AHK0,20,CHF,2016-03-09
K04370AHL0,90,CHF,2016-03-09
K04370AHM0,20,CHF,2016-03-09
K04370AHO0,20,CHF,2016-03-09
K04370AHQ0,20,CHF,2016-03-21
K04370XXXX,20,CHF,2012-02-16
K043870000,20,CHF,2015-07-28
K043880000,20,CHF,2015-12-08
K043940000,20,CHF,2007-05-21
K043990000,90,CHF,2006-07-24
K044040000,20,CHF,2016-03-07
K044270000,20,CHF,2007-03-27
K044440003,90,CHF,2006-07-28
K044630000,90,CHF,2007-07-16
K044860000,10,EUR,2015-02-04
K045000000,20,CHF,2006-07-24
K045020000,20,CHF,2009-05-05
K04502ZZZZ,90,CHF,2009-05-05
K045050000,20,CHF,2015-09-29
K045350000,20,CHF,2007-06-29
K045560000,20,CHF,2006-07-24
K045590000,90,CHF,2010-04-22
K045620000,20,CHF,2009-01-20
K01286FXS0,20,CHF,2019-06-03
K10100FHA0,90,EUR,2019-06-04
K10100FHN0,90,EUR,2019-06-04
K10100FHY0,90,EUR,2019-06-04
K10100FHZ0,90,EUR,2019-06-04
K163020000,20,CHF,2019-06-19
K163040000,20,CHF,2019-06-20
K025220000,10,CHF,2019-06-24
K025230000,10,CHF,2019-06-25
K118150000,10,CHF,2019-06-27
K01286FYF0,20,CHF,2019-06-27
K01286FYN0,20,CHF,2019-07-02
K01286FYO0,20,CHF,2019-07-02
K01286FYQ0,20,CHF,2019-07-02
K01286FYW0,20,CHF,2019-07-02
K01286FYX0,20,CHF,2019-07-02
K01286FZA0,20,CHF,2019-07-02
K01286FZC0,20,CHF,2019-07-02
K01286FZN0,20,CHF,2019-07-02
K10100FJD0,90,EUR,2019-07-02
K10100FJM0,90,EUR,2019-07-02
K10100FJO0,90,EUR,2019-07-02
K025280000,20,CHF,2019-07-02
K07393BLK0,90,EUR,2019-07-03
K07393BLM0,90,EUR,2019-07-03
K00500AEU0,20,CHF,2019-07-08
K02151AWU0,20,CHF,2019-07-08
K01286FWF0,20,CHF,2019-05-13
K01286FWG0,20,CHF,2019-05-13
K02151AWL0,20,CHF,2019-05-14
K02151AWM0,20,CHF,2019-05-14
K01286FWR0,20,CHF,2019-05-20
K025110000,20,CHF,2019-06-06
K07393BKW0,90,EUR,2019-06-07
K07393BKX0,90,EUR,2019-06-07
K07393BLH0,90,EUR,2019-06-07
K163010000,20,CHF,2019-06-19
K01286GRW0,20,CHF,2020-05-11
K01286GRY0,20,CHF,2020-05-11
K162690000,20,CHF,2019-07-12
K045670000,90,CHF,2008-06-24
K045840000,90,CHF,2008-05-28
K046130000,90,CHF,2006-07-24
K046140000,20,CHF,2006-07-24
K046180000,90,CHF,2008-08-19
K062250000,90,CHF,2008-04-07
K062450000,20,CHF,2009-04-24
K062500000,90,CHF,2006-07-24
K062620000,90,CHF,2006-07-24
K062660000,90,CHF,2010-06-17
K062810000,20,CHF,2010-04-20
K063820000,20,CHF,2006-07-24
K064280000,90,CHF,2012-02-08
K064390000,90,CHF,2006-07-24
K064580000,90,CHF,2006-07-24
K064600000,20,CHF,2014-04-25
K064750001,90,CHF,2013-07-11
K065040000,90,CHF,2007-09-18
K065060000,90,CHF,2006-07-24
K065520000,20,CHF,2006-07-24
K065680000,20,CHF,2006-10-23
K065690000,20,CHF,2006-07-24
K065750000,10,CHF,2006-07-24
K065820000,90,CHF,2007-02-14
K066200000,90,CHF,2007-06-05
K066220000,90,CHF,2009-02-11
K066300000,90,CHF,2006-07-24
K066390000,90,CHF,2007-08-22
K066520000,10,CHF,2006-07-24
K066650000,90,CHF,2006-07-24
K066700000,10,CHF,2008-02-14
K067090000,90,CHF,2006-07-24
K067100001,90,CHF,2008-01-25
K067140000,20,CHF,2006-07-24
K067150000,90,CHF,2006-10-16
K067410000,90,CHF,2011-04-14
K067440000,10,CHF,2006-07-24
K067550000,20,EUR,2015-06-19
K067630000,90,CHF,2006-07-24
K01111KJ03,20,CHF,2019-07-16
K01111KL01,20,CHF,2019-07-16
K01286FZR0,20,CHF,2019-07-17
K01286FZW0,20,CHF,2019-07-17
K01286FZX0,20,CHF,2019-07-17
K150331191,90,CHF,2019-08-30
K10100FKY0,90,EUR,2019-09-03
K10100FLO0,90,EUR,2019-09-03
K162750000,20,CHF,2019-07-24
K162760000,20,CHF,2019-07-24
K01286GAL0,20,CHF,2019-07-31
K01286GAE0,20,CHF,2019-07-31
K01286GAN0,20,CHF,2019-07-31
K01286GAP0,20,CHF,2019-07-31
K022270000,20,CHF,2019-07-31
K01286GAQ0,20,CHF,2019-08-05
K01286GAR0,20,CHF,2019-08-05
K01286GBA0,20,CHF,2019-08-05
K01286GBL0,20,CHF,2019-08-05
K10100FKD0,90,EUR,2019-08-05
K10100FKJ0,90,EUR,2019-08-05
K10100FKP0,90,EUR,2019-08-05
K023340000,20,CHF,2019-08-06
K055290000,20,CHF,2019-08-07
K025360000,20,CHF,2019-08-07
K04370AMI0,20,CHF,2019-08-07
K04370AMJ0,90,CHF,2019-08-07
K07393BLU0,90,EUR,2019-08-07
K01286GBO0,20,CHF,2019-08-12
K01286GBU0,20,CHF,2019-08-19
K01286GBV0,20,CHF,2019-08-19
K01286GBZ0,20,CHF,2019-08-19
K101110002,90,CHF,2019-08-22
K10100FLZ0,90,EUR,2019-09-03
K119150000,20,CHF,2019-09-05
K01286GDJ0,20,CHF,2019-09-10
K01286GDN0,20,CHF,2019-09-10
K10100FMI0,90,EUR,2019-10-02
K10100FMQ0,90,EUR,2019-10-02
K119390000,20,CHF,2019-10-07
K067690000,90,CHF,2006-07-24
K067740000,90,CHF,2008-03-17
K067810000,90,CHF,2006-07-24
K067840000,90,CHF,2006-07-24
K067850000,20,CHF,2006-07-24
K068040000,90,CHF,2006-07-24
K054310000,20,CHF,2006-07-24
K054360000,10,CHF,2006-07-24
K054440000,20,CHF,2013-02-21
K054450000,20,CHF,2010-09-07
K054620000,90,CHF,2008-05-13
K054640000,90,CHF,2015-01-28
K055070002,90,CHF,2011-03-22
K055120000,90,CHF,2006-07-24
K055330000,20,CHF,2006-07-24
K055370000,90,CHF,2006-07-24
K055380000,20,CHF,2009-07-08
K055720000,10,CHF,2006-07-24
K056160000,10,CHF,2006-07-24
K056170000,20,CHF,2006-07-24
K056260000,20,CHF,2008-03-19
K056500000,20,CHF,2006-07-24
K056700000,20,CHF,2006-07-24
K056720000,20,CHF,2010-01-20
K056770000,20,CHF,2006-07-24
K056930000,10,CHF,2006-07-24
K056950000,20,CHF,2007-04-12
K057110000,10,CHF,2015-09-14
K057140000,20,CHF,2006-07-24
K057520000,10,CHF,2006-07-24
K057580000,10,CHF,2012-08-30
K057730000,90,CHF,2010-09-29
K057770000,90,CHF,2008-02-05
K057790000,90,CHF,2013-03-07
K057880000,20,CHF,2006-07-24
K058070000,10,CHF,2006-07-24
K058220000,90,CHF,2006-07-24
K058270000,20,CHF,2006-07-24
K058480000,90,CHF,2006-07-24
K11285ALO0,20,CHF,2019-10-10
K164220000,20,CHF,2019-10-11
K164230000,20,CHF,2019-10-14
K01286GGB0,20,CHF,2019-10-14
K01286GDS0,20,CHF,2019-09-17
K119240000,20,CHF,2019-09-20
K025840000,20,CHF,2019-09-25
K01286GEY0,20,CHF,2019-09-30
K01286GFB0,20,CHF,2019-09-30
K01286GFH0,20,CHF,2019-09-30
K163120000,90,CHF,2019-09-30
K163350000,20,CHF,2019-10-30
K163380000,10,CHF,2019-11-04
K01286GGT0,20,CHF,2019-11-04
K10100FNO0,90,EUR,2019-11-05
K10100FOH0,90,EUR,2019-11-05
K163410000,90,CHF,2019-11-05
K02151AXF0,20,CHF,2019-11-05
K02151AXH0,20,CHF,2019-11-05
K02151AXI0,20,CHF,2019-11-05
K07393BMD0,90,EUR,2019-11-06
K07393BME0,90,EUR,2019-11-06
K163430000,10,CHF,2019-11-08
K01286GII0,20,CHF,2019-11-25
K012870008,20,CHF,2019-12-10
K163570000,20,CHF,2019-12-10
K01286GGE0,20,CHF,2019-10-22
K01286GGI0,20,CHF,2019-10-22
K119440000,20,CHF,2019-10-23
K150331194,90,CHF,2019-10-29
K11285ALR0,20,CHF,2019-11-13
K11285ALS0,20,CHF,2019-11-13
K054690000,20,CHF,2019-11-14
K163460000,20,CHF,2019-11-15
K163470000,20,CHF,2019-11-18
K01286GHZ0,20,CHF,2019-11-18
K119560000,20,CHF,2019-11-21
K091420000,20,CHF,2019-11-22
K01286GIR0,20,CHF,2019-12-02
K01286GIS0,20,CHF,2019-12-02
K01286GIW0,20,CHF,2019-12-02
K091670000,20,CHF,2019-12-02
K091740000,20,CHF,2019-12-05
K091820000,20,CHF,2019-12-06
K01286GJD0,20,CHF,2019-12-09
K01286GJH0,20,CHF,2019-12-09
K026050000,20,CHF,2019-12-18
K11285ALT0,20,CHF,2019-12-23
K01286GJY0,20,CHF,2019-12-23
K01286GJX0,20,CHF,2019-12-23
K01286GKI0,20,CHF,2019-12-23
K01286GKO0,20,CHF,2019-12-23
K01286GKW0,20,CHF,2019-12-23
K150331199,90,CHF,2020-01-07
K11285AMB0,20,CHF,2020-02-06
K07393BMT0,90,EUR,2020-02-06
K01286GJL0,20,CHF,2019-12-12
K025910000,20,CHF,2019-12-12
K165310002,90,CHF,2020-01-09
K01286GLB0,20,CHF,2020-01-13
K11285ALU0,20,CHF,2020-01-15
K11285ALV0,90,CHF,2020-01-15
K01286GLP0,20,CHF,2020-01-20
K118420000,20,CHF,2020-01-21
K080330000,20,CHF,2020-01-27
K01286GME0,20,CHF,2020-01-29
K01286GMK0,20,CHF,2020-02-03
K01286GMM0,20,CHF,2020-02-03
K01286GMU0,20,CHF,2020-02-03
K02151AXV0,20,CHF,2020-02-04
K051640000,20,CHF,2020-03-09
K01286GOJ0,20,CHF,2020-03-10
K051720000,10,CHF,2020-03-10
K051740000,10,CHF,2020-03-11
K01286GOT0,20,CHF,2020-03-16
K051870000,20,CHF,2020-03-16
K01286GOW0,20,CHF,2020-03-17
K01286GNM0,20,CHF,2020-02-17
K01286GNN0,20,CHF,2020-02-17
K051190000,20,CHF,2020-02-21
K131730002,20,EUR,2020-02-28
K051570000,20,CHF,2020-03-04
K01286GOH0,20,CHF,2020-03-04
K150331201,90,CHF,2020-03-05
K11285AMI0,20,CHF,2020-03-18
K017920000,20,CHF,2020-03-23
K043110000,20,CHF,2020-03-23
K01286GPM0,20,CHF,2020-03-24
K00500AFN0,20,CHF,2020-03-27
K00500AFT0,20,CHF,2020-03-27
K01286GPR0,20,CHF,2020-03-30
K00500AGJ0,20,CHF,2020-04-01
K021580000,20,CHF,2020-04-22
K036450000,90,CHF,2020-05-28
K017960000,20,CHF,2020-04-02
K00500AGQ0,20,CHF,2020-04-06
K00500AGS0,20,CHF,2020-04-06
K07393BMZ0,90,EUR,2020-04-08
K07393BNB0,90,EUR,2020-04-08
K164320000,20,CHF,2020-04-14
K021160000,90,CHF,2020-04-14
K01286GQM0,20,CHF,2020-04-14
K021180000,90,CHF,2020-04-15
K11285AMK0,20,CHF,2020-04-30
K01286GRD0,20,CHF,2020-04-30
K029190000,20,CHF,2020-05-04
K01286GRK0,20,CHF,2020-05-04
K01286GRU0,20,CHF,2020-05-05
K083890000,20,CHF,2020-05-05
K17719AUG0,20,CHF,2021-07-29
K07393BND0,90,EUR,2020-05-08
K01286GSJ0,20,CHF,2020-05-18
K037020000,20,CHF,2020-06-16
K037030000,20,CHF,2020-06-18
K037080000,10,CHF,2020-06-21
K037140000,10,CHF,2020-06-21
K036580000,20,CHF,2020-06-05
K01286GTU0,20,CHF,2020-06-09
K058850000,90,CHF,2010-07-05
K059650000,20,CHF,2012-06-13
K060090000,20,CHF,2006-07-24
K060160000,90,CHF,2006-07-24
K060410000,90,CHF,2009-12-07
K060490000,20,CHF,2006-07-24
K060590000,20,CHF,2008-11-10
K068250000,90,CHF,2006-07-24
K068500000,90,CHF,2008-04-29
K068950000,20,CHF,2007-06-18
K068970000,20,CHF,2010-04-27
K069020000,90,CHF,2009-10-09
K069160000,20,CHF,2006-07-24
K069190000,90,CHF,2006-07-24
K069270000,20,CHF,2012-04-26
K069760000,90,CHF,2006-07-24
K070580000,90,CHF,2008-10-06
K070600000,20,CHF,2006-10-24
K070670000,20,CHF,2014-05-08
K070930000,90,CHF,2007-04-30
K070940000,90,CHF,2007-05-15
K071120000,20,CHF,2006-07-24
K07112AAL0,20,CHF,2010-08-30
K07112AAX0,20,CHF,2010-08-30
K07112ABA0,20,CHF,2010-08-30
K060900001,20,CHF,2008-02-29
K061010000,90,CHF,2007-08-22
K061020000,90,CHF,2008-03-05
K061200000,20,CHF,2006-08-01
K061210000,90,CHF,2006-07-24
K061270000,20,CHF,2006-07-24
K061460000,90,CHF,2006-07-24
K061540000,10,CHF,2006-07-24
K061620000,90,CHF,2006-07-24
K061780000,20,CHF,2012-03-22
K061850005,20,CHF,2011-01-31
K061930000,90,CHF,2006-09-29
K072570000,90,CHF,2006-07-24
K072590000,90,CHF,2006-07-24
K037230000,20,CHF,2020-06-25
K037380000,20,CHF,2020-06-29
K17719AQU0,20,CHF,2020-07-03
K01286GVE0,20,CHF,2020-07-06
K17719AQV0,20,CHF,2020-07-06
K109290000,20,CHF,2020-07-07
K11285AMU0,20,CHF,2020-08-06
K020780000,20,CHF,2020-09-08
K020920000,20,CHF,2020-09-08
K021010000,10,CHF,2020-09-09
K17719AQZ0,20,CHF,2020-09-14
K021630000,20,CHF,2020-09-16
K077510000,10,CHF,2020-10-06
K077520000,90,CHF,2020-10-06
K02151AYK0,20,CHF,2020-10-07
K109330000,20,CHF,2020-07-13
K01286GVL0,20,CHF,2020-07-13
K01286GVO0,20,CHF,2020-07-13
K01286GVR0,20,CHF,2020-07-13
K01286GVS0,20,CHF,2020-07-13
K01286GVT0,20,CHF,2020-07-13
K109940000,20,CHF,2020-07-15
K110030000,20,CHF,2020-07-16
K01286GVX0,20,CHF,2020-07-20
K164410000,20,CHF,2020-07-23
K01286GWJ0,20,CHF,2020-07-27
K01286GWL0,20,CHF,2020-07-27
K11285AMW0,20,CHF,2020-08-26
K01286GXO0,20,CHF,2020-08-26
K01286GXP0,20,CHF,2020-08-26
K01286GXS0,20,CHF,2020-08-26
K01286GYB0,20,CHF,2020-08-31
K020640000,20,CHF,2020-09-04
K02151AYI0,20,CHF,2020-09-23
K11285ANB0,20,CHF,2020-09-23
K118520000,20,CHF,2020-10-22
K121620000,20,EUR,2020-10-23
K041380000,20,CHF,2020-10-26
K01286HBR0,20,CHF,2020-11-03
K02503AAF0,20,CHF,2020-11-05
K072660000,90,CHF,2007-03-07
K072670000,20,CHF,2007-04-12
K072700000,90,EUR,2009-02-06
K072740000,90,CHF,2008-10-06
K072790000,20,CHF,2015-03-12
K073090000,90,CHF,2006-07-24
K073150000,20,CHF,2006-07-24
K073270000,20,CHF,2006-07-24
K073460000,90,CHF,2009-02-19
K073580000,90,CHF,2006-07-24
K073900000,20,CHF,2006-07-24
K07112ABG0,20,CHF,2010-08-30
K07112ABH0,20,CHF,2010-08-30
K07112ABI0,20,CHF,2010-08-30
K07112ABN0,20,CHF,2010-08-30
K07112ABY0,20,CHF,2010-08-30
K07112ACJ0,20,CHF,2010-08-30
K07112ACL0,20,CHF,2010-08-30
K07112ACN0,20,CHF,2010-08-30
K07112ACT0,20,CHF,2010-08-30
K07112ACU0,20,CHF,2010-08-30
K07112ACV0,20,CHF,2010-08-30
K07112ADK0,20,CHF,2011-07-18
K07112ADP0,20,CHF,2011-07-18
K07112ADT0,20,CHF,2011-07-18
K07112ADZ0,20,CHF,2011-07-19
K07112AFE0,20,CHF,2011-07-19
K07112AFI0,20,CHF,2011-09-12
K07112AGA0,20,CHF,2011-10-04
K07112AGB0,90,CHF,2011-10-04
K07112AGN0,20,CHF,2012-07-02
K07112AHJ0,20,CHF,2012-09-06
K07112AHP0,20,CHF,2012-09-06
K07112AIH0,20,CHF,2012-12-05
K07112AJC0,20,CHF,2013-06-05
K07112AJJ0,90,CHF,2013-07-24
K07112AKJ0,20,CHF,2014-08-07
K07112ALT0,20,CHF,2015-07-06
K07112AMC0,20,CHF,2015-11-30
K01286HCY0,20,CHF,2020-11-25
K01286HCZ0,20,CHF,2020-11-26
K037510000,20,CHF,2020-11-27
K01286HDJ0,20,CHF,2020-11-30
K17719ARL0,20,CHF,2020-11-30
K019850000,20,CHF,2020-12-02
K11285ANT0,20,CHF,2021-01-06
K11285ANZ0,20,CHF,2021-01-06
K11285AOL0,20,CHF,2021-01-06
K01286HEV0,20,CHF,2021-01-07
K01286HEW0,20,CHF,2021-01-07
K01286HFI0,20,CHF,2021-01-07
K02503AAC0,20,CHF,2020-10-07
K01286HAQ0,20,CHF,2020-10-13
K02151AYL0,20,CHF,2020-10-14
K02151AYN0,20,CHF,2020-10-14
K077740000,10,CHF,2020-10-16
K150330852,90,CHF,2010-09-06
K150330860,90,CHF,2010-09-06
K150330868,90,CHF,2010-09-06
K150330872,90,CHF,2010-09-06
K150330877,90,CHF,2010-09-06
K150330887,90,CHF,2010-09-06
K150330892,90,CHF,2010-09-06
K150330895,90,CHF,2010-09-06
K150330909,90,CHF,2010-11-01
K01795CLM0,20,EUR,2024-04-06
K01795CLS0,20,EUR,2024-04-06
K01795CMA0,20,EUR,2024-04-08
K01286JIO0,20,CHF,2024-04-10
K01111KH04,20,CHF,2024-04-12
K01286JHB0,20,CHF,2024-03-11
K04230ARN0,20,CHF,2024-03-18
K04605AAM0,20,CHF,2024-03-18
K04605AAN0,20,CHF,2024-03-18
K01286JHL0,20,CHF,2024-03-18
K01286JHM0,20,CHF,2024-03-18
K01286JHS0,20,CHF,2024-03-18
K028970000,20,CHF,2024-03-19
K022290000,20,EUR,2024-03-21
K022600000,20,EUR,2024-03-21
K02151BCX0,20,CHF,2024-03-21
K01286JJV0,20,CHF,2024-04-23
K02151BDL0,20,CHF,2024-04-24
K01286JIZ0,20,CHF,2024-04-15
K110210000,20,CHF,2024-04-16
K115840000,20,CHF,2024-04-16
K01286JJL0,20,CHF,2024-04-16
K17719BFQ0,20,CHF,2024-04-17
K045330000,10,CHF,2024-04-17
K00500AIA0,20,CHF,2024-04-22
K01286JKQ0,20,CHF,2024-05-22
K01286JKS0,20,CHF,2024-05-22
K01286JKT0,20,CHF,2024-05-22
K01286JKW0,20,CHF,2024-05-22
K04605AAY0,20,CHF,2024-05-23
K11285BHB0,20,CHF,2024-05-24
K046120000,20,CHF,2024-05-28
K13600ACB0,20,CHF,2024-06-03
K04230ATR0,20,CHF,2024-06-03
K02384AAE0,20,CHF,2024-06-04
K02384AAF0,20,CHF,2024-06-04
K17719BGN0,20,CHF,2024-06-04
K01795COO0,20,EUR,2024-06-05
K01795COU0,20,EUR,2024-06-05
K01795COW0,20,EUR,2024-06-05
K01795COX0,20,EUR,2024-06-05
K01795COZ0,20,EUR,2024-06-05
K04230ASP0,20,CHF,2024-05-02
K04230ASQ0,20,CHF,2024-05-02
K04230ATJ0,20,CHF,2024-05-02
K04230ATN0,20,CHF,2024-05-03
K02503AEJ0,20,CHF,2024-05-03
K01795CMD0,20,EUR,2024-05-03
K01795CMO0,20,EUR,2024-05-03
K01795CMP0,20,EUR,2024-05-03
K01795CMQ0,20,EUR,2024-05-03
K01795CMV0,20,EUR,2024-05-03
K01795CMZ0,20,EUR,2024-05-03
K01795CND0,20,EUR,2024-05-03
K07112AMD0,20,CHF,2015-11-30
K071170000,20,CHF,2008-04-11
K071190000,90,CHF,2006-07-24
K071200000,20,CHF,2009-01-20
K071290000,10,CHF,2006-07-24
K071470000,90,CHF,2007-07-05
K07393AAE0,90,EUR,2012-04-11
K07393AAG0,90,EUR,2012-06-06
K07393AAK0,90,EUR,2012-06-11
K07393AAV0,90,EUR,2012-06-11
K07393AAX0,90,EUR,2012-07-06
K07393ABM0,90,EUR,2012-10-26
K07393ABR0,90,EUR,2012-11-20
K07393ABS0,90,EUR,2012-11-22
K07393ACJ0,90,EUR,2013-04-05
K07393ADA0,90,EUR,2013-07-16
K07393ADU0,90,EUR,2013-11-07
K07393AEC0,90,EUR,2013-11-26
K07393AEM0,90,EUR,2014-01-15
K07393AFL0,90,EUR,2014-03-13
K07393AFT0,90,EUR,2014-03-27
K07393AFW0,90,EUR,2014-04-02
K07393AGA0,90,EUR,2014-04-08
K07393AGN0,90,EUR,2014-05-20
K07393AGZ0,90,EUR,2014-06-18
K07393AIM0,90,EUR,2014-10-10
K07393AIQ0,90,EUR,2014-10-15
K07393AJG0,90,EUR,2014-10-15
K07393AJL0,90,EUR,2014-10-29
K07393AJW0,90,EUR,2014-10-30
K07393AKG0,90,EUR,2014-11-27
K07393AKJ0,90,EUR,2014-12-05
K01448FAY0,90,CHF,2015-03-17
K01448FBB0,90,CHF,2015-03-20
K01448FBD0,90,CHF,2015-03-31
K01448FBG0,90,CHF,2015-03-31
K01448FBH0,90,CHF,2015-04-16
K01448FBK0,90,CHF,2015-04-16
K01448FBR0,90,CHF,2015-05-26
K01795CNF0,20,EUR,2024-05-03
K01795CNK0,20,EUR,2024-05-03
K01795CNM0,20,EUR,2024-05-03
K17719BFY0,20,CHF,2024-05-06
K155810000,20,CHF,2024-05-13
K17719BGE0,20,CHF,2024-05-15
K11285BHD0,20,CHF,2024-06-11
K01286JLV0,20,CHF,2024-06-17
K01286JLX0,20,CHF,2024-06-17
K01286JLY0,20,CHF,2024-06-17
K01286JMD0,20,CHF,2024-06-17
K01286JMT0,20,CHF,2024-06-20
K01286JMV0,20,CHF,2024-06-20
K01286JNA0,20,CHF,2024-06-21
K01286JNC0,20,CHF,2024-06-21
K01286JNF0,20,CHF,2024-06-21
K01286JNQ0,20,CHF,2024-06-21
K01286EFH0,20,CHF,2017-09-18
K01286EFK0,20,CHF,2017-09-18
K000890000,20,CHF,2017-09-19
K000920000,20,CHF,2017-09-20
K000950000,90,CHF,2017-09-22
K020360000,10,CHF,2017-09-22
K01286EFW0,20,CHF,2017-09-25
K01286EGG0,20,CHF,2017-09-25
K003630000,20,CHF,2017-09-26
K138330000,20,CHF,2017-09-26
K01286EGI0,20,CHF,2017-10-03
K01286EEE0,20,CHF,2017-09-04
K01286EEF0,20,CHF,2017-09-04
K07393BEH0,90,EUR,2017-10-04
K07393BEI0,90,EUR,2017-10-04
K02152AJK0,20,CHF,2017-10-05
K02152AJL0,20,CHF,2017-10-05
K02152AJM0,20,CHF,2017-10-05
K02152AJN0,20,CHF,2017-10-05
K02152AJO0,90,CHF,2017-10-05
K10100ECL0,90,EUR,2017-10-09
K10100ECN0,90,EUR,2017-10-09
K10100ECQ0,90,EUR,2017-10-09
K01448FBU0,90,CHF,2015-05-26
K01448FBZ0,90,CHF,2015-05-27
K01448FCG0,90,CHF,2015-05-27
K01448FDW0,90,CHF,2015-08-04
K01448FEN0,90,CHF,2015-09-21
K01448FEY0,90,CHF,2015-10-12
K01448FFI0,90,CHF,2015-11-19
K01448FFJ0,90,CHF,2015-11-19
K014540000,20,CHF,2011-11-18
K01448ECA0,90,CHF,2013-07-15
K01448ECI0,90,CHF,2013-07-15
K01448ECS0,90,CHF,2013-07-15
K01530AIR0,90,CHF,2011-09-15
K01530AIU0,90,CHF,2011-09-15
K01530AIV0,90,CHF,2011-09-15
K01530AJC0,90,CHF,2011-09-15
K01530AJD0,90,CHF,2011-09-15
K01530AJU0,90,CHF,2011-09-15
K01530AJV0,90,CHF,2011-09-15
K01530AKF0,90,CHF,2011-09-15
K01530AKP0,90,CHF,2011-09-15
K01530ALG0,90,CHF,2011-09-15
K01530ALQ0,90,CHF,2011-09-15
K01530AMH0,90,CHF,2011-09-15
K01530ANA0,90,CHF,2011-09-15
K01530ANJ0,90,CHF,2011-09-15
K01530ANQ0,90,CHF,2011-09-15
K01530ANS0,90,CHF,2011-09-15
K01530ANU0,90,CHF,2011-09-15
K01530ANZ0,90,CHF,2011-09-15
K01530AOI0,90,CHF,2011-11-07
K01530AOY0,90,CHF,2012-11-30
K01530APJ0,90,CHF,2013-09-02
K01530APT0,90,CHF,2014-07-17
K01530APV0,90,CHF,2014-07-17
K01530AQI0,90,CHF,2015-02-25
K01530AQM0,90,CHF,2015-03-10
K01530AQP0,90,CHF,2015-03-23
K01530AQX0,90,CHF,2015-04-09
K10100EDD0,90,EUR,2017-10-09
K10100EDE0,90,EUR,2017-10-09
K10100EDI0,90,EUR,2017-10-09
K10100EDM0,90,EUR,2017-10-09
K178700000,20,CHF,2017-10-09
K01286EHG0,20,CHF,2017-10-10
K01286EHK0,90,CHF,2017-10-10
K001170000,20,CHF,2017-10-16
K01286EHV0,20,CHF,2017-10-16
K027440000,20,CHF,2017-10-16
K001190000,20,CHF,2017-10-17
K066590000,20,CHF,2017-10-17
K178710000,20,CHF,2017-10-19
K01286EIP0,20,CHF,2017-10-23
K001300000,20,CHF,2017-10-25
K001320000,90,CHF,2017-10-26
K001350000,20,CHF,2017-10-27
K063790000,20,CHF,2017-11-01
K17719AOJ0,20,CHF,2017-11-01
K11285AJC0,20,CHF,2017-11-02
K10100EEG0,90,EUR,2017-11-02
K10100EEJ0,90,EUR,2017-11-02
K10100EEN0,90,EUR,2017-11-02
K10100EEO0,90,EUR,2017-11-02
K10100EER0,90,EUR,2017-11-02
K10100EEV0,90,EUR,2017-11-02
K10100EFI0,90,EUR,2017-11-02
K01286EJX0,20,CHF,2017-11-03
K01286EJY0,20,CHF,2017-11-03
K01286EKA0,20,CHF,2017-11-06
K01286EKG0,20,CHF,2017-11-06
K001400000,20,CHF,2017-11-07
K034610000,20,CHF,2017-11-30
K10100EFJ0,90,EUR,2017-12-04
K10100EFK0,90,EUR,2017-12-04
K02152AJP0,20,CHF,2017-11-08
K02152AJU0,20,CHF,2017-11-08
K049220000,20,CHF,2017-11-09
K01286EKQ0,20,CHF,2017-11-13
K01286EKT0,20,CHF,2017-11-13
K01530ARI0,90,CHF,2015-06-12
K01530ARL0,90,CHF,2015-06-18
K01530ARP0,90,CHF,2015-07-14
K01530ARR0,90,CHF,2015-08-03
K01530ARS0,90,CHF,2015-08-04
K01530ASH0,90,CHF,2016-01-13
K015430000,90,CHF,2009-03-30
K015550000,20,CHF,2014-04-22
K015590000,20,CHF,2006-07-24
K015790000,20,CHF,2014-04-29
K015880001,20,CHF,2012-01-24
K015980000,90,CHF,2014-09-15
K016010000,20,CHF,2008-05-23
K016160000,20,CHF,2014-12-09
K016260000,90,CHF,2006-07-24
K01627AAH0,90,CHF,2010-01-12
K01627AAJ0,90,CHF,2010-03-19
K01627YYYY,90,CHF,2009-10-05
K01627ZZZZ,90,CHF,2008-12-09
K016310000,20,CHF,2006-07-24
K016400000,90,CHF,2009-01-08
K014660000,90,CHF,2008-06-09
K014690000,10,CHF,2006-07-24
K014800000,20,CHF,2011-09-07
K014810000,20,CHF,2012-02-17
K014970000,10,CHF,2006-07-24
K015020000,20,CHF,2014-05-16
K015110000,20,CHF,2009-04-29
K015130000,10,CHF,2006-07-24
K015180000,90,CHF,2006-07-24
K015240000,10,CHF,2010-08-19
K01526AAE0,90,CHF,2010-07-12
K01526AAM0,90,CHF,2010-07-12
K01526AAP0,90,CHF,2010-07-12
K01526ABF0,90,CHF,2010-07-12
K01526ABZ0,90,CHF,2010-07-12
K01526ACC0,90,CHF,2010-07-12
K01526ACR0,90,CHF,2010-07-12
K01526ADE0,90,CHF,2010-07-12
K01286EKX0,20,CHF,2017-11-13
K11285AJE0,20,CHF,2017-11-15
K17719AOO0,20,CHF,2017-11-17
K07393ANK0,90,EUR,2015-07-13
K10100BSE0,90,EUR,2013-07-09
K10100BVN0,90,EUR,2013-08-13
K10100BVQ0,90,EUR,2013-08-13
K10100BVY0,90,EUR,2013-09-11
K10100BYR0,90,EUR,2013-10-24
K10100BYT0,90,EUR,2013-10-24
K10100CDC0,90,EUR,2013-12-06
K10100CDI0,90,EUR,2013-12-09
K10100CGZ0,90,EUR,2014-02-19
K10100CIB0,90,EUR,2014-03-19
K10100CIH0,90,EUR,2014-03-19
K10100CII0,90,EUR,2014-03-19
K10100CIX0,90,EUR,2014-03-19
K10100CKD0,90,EUR,2014-04-09
K10100CKG0,90,EUR,2014-04-09
K10100CKH0,90,EUR,2014-04-09
K10100CKL0,90,EUR,2014-04-09
K10100CKU0,90,EUR,2014-04-09
K10100CME0,90,EUR,2014-05-22
K10100CMK0,90,EUR,2014-05-22
K10100CNR0,90,EUR,2014-06-18
K10100CNS0,90,EUR,2014-06-18
K10100CNZ0,90,EUR,2014-06-18
K10100CPX0,90,EUR,2014-07-17
K10100CQF0,90,EUR,2014-07-17
K10100CRP0,90,EUR,2014-08-05
K10100CSS0,90,EUR,2014-09-15
K10100CXD0,90,EUR,2014-12-01
K10100CXF0,90,EUR,2014-12-01
K10100CYX0,90,EUR,2015-01-15
K10100DIM0,90,EUR,2015-07-08
K10100EFV0,90,EUR,2017-12-04
K10100EGX0,90,EUR,2017-12-04
K10100EGY0,90,EUR,2017-12-04
K02152AKH0,90,CHF,2017-12-05
K02152AKE0,20,CHF,2017-12-05
K02152AKG0,20,CHF,2017-12-05
K07393BFK0,90,EUR,2017-12-06
K01448FDE0,90,CHF,2015-07-10
K01286ELL0,20,CHF,2017-12-08
K01286EMI0,20,CHF,2017-12-08
K01286EMP0,20,CHF,2017-12-08
K01286EMQ0,20,CHF,2017-12-08
K02152AKJ0,20,CHF,2018-01-04
K02152AKR0,20,CHF,2018-01-04
K10100EHL0,90,EUR,2018-01-04
K10100EHT0,90,EUR,2018-01-04
K10100EHW0,90,EUR,2018-01-04
K10100EIB0,90,EUR,2018-01-04
K01286EMX0,20,CHF,2018-01-04
K01286ENK0,20,CHF,2018-01-05
K10100DKM0,90,EUR,2015-08-04
K10100DKP0,90,EUR,2015-08-04
K01111KG01,20,CHF,2016-02-04
K01111KG08,20,CHF,2016-08-08
K01111KH09,20,CHF,2015-07-01
K01286CJO0,20,CHF,2014-09-17
K01286CLR0,20,CHF,2014-10-28
K01286CLS0,20,CHF,2014-10-28
K01286CPM0,20,CHF,2015-01-22
K01286CRK0,20,CHF,2015-03-09
K01286CUN0,20,CHF,2015-06-19
K01286CYE0,20,CHF,2015-09-22
K01286CZVT,20,CHF,2015-11-16
K017140000,10,CHF,2016-01-21
K02152ADV0,20,CHF,2015-11-06
K001560000,20,CHF,2017-12-11
K003540000,20,CHF,2017-12-19
K001600000,20,CHF,2017-12-20
K00500AEE0,20,CHF,2017-12-21
K01286EOK0,20,CHF,2018-01-15
K01286ENM0,20,CHF,2018-01-05
K01286ENO0,20,CHF,2018-01-05
K01286ENQ0,20,CHF,2018-01-05
K01286ENH0,20,CHF,2018-01-05
K01286ENZ0,20,CHF,2018-01-05
K01526ADF0,90,CHF,2010-07-12
K016670000,20,CHF,2015-07-08
K016740000,90,EUR,2012-08-20
K016880000,20,CHF,2006-07-24
K016900000,20,CHF,2006-07-24
K017080000,20,CHF,2008-10-02
K017260000,10,CHF,2016-02-04
K017320000,20,CHF,2007-10-17
K017370000,20,CHF,2006-07-24
K017530000,20,CHF,2015-05-26
K017540000,20,CHF,2006-07-24
K017620002,90,CHF,2006-07-27
K017630000,20,CHF,2006-07-24
K01763XXXX,20,CHF,2012-05-24
K017760000,90,CHF,2012-05-10
K017790000,20,CHF,2008-08-27
K017800000,90,CHF,2012-09-06
K017890000,90,CHF,2006-07-24
K018030007,90,CHF,2006-07-29
K018030010,90,CHF,2006-07-29
K018030012,90,CHF,2006-07-29
K018030025,90,CHF,2006-07-29
K018030028,90,CHF,2006-07-29
K018030032,90,CHF,2006-07-29
K018030040,90,CHF,2006-07-29
K01526ADR0,90,CHF,2010-07-12
K01526AER0,90,CHF,2010-07-12
K01526AFH0,90,CHF,2010-07-12
K01526AFI0,90,CHF,2010-07-12
K01526AFM0,90,CHF,2010-07-12
K01526AFW0,90,CHF,2010-07-12
K01526AGB0,90,CHF,2010-07-12
K01526AGE0,90,CHF,2010-07-12
K01526AGV0,90,CHF,2010-07-12
K01526AHI0,90,CHF,2010-07-12
K01530AAH0,90,CHF,2011-09-15
K01530AAJ0,90,CHF,2011-09-15
K01530AAR0,90,CHF,2011-09-15
K01530AAS0,90,CHF,2011-09-15
K07393BFS0,90,EUR,2018-01-09
K10100EIH0,90,EUR,2018-02-05
K10100EIO0,90,EUR,2018-02-05
K10100EIW0,90,EUR,2018-02-05
K10100EJB0,90,EUR,2018-02-05
K10100EJM0,90,EUR,2018-02-05
K02152AKV0,20,CHF,2018-02-05
K02152AKY0,20,CHF,2018-02-05
K019090002,20,CHF,2018-02-12
K161400000,90,CHF,2018-02-13
K994450000,20,CHF,2018-02-13
K07393BGF0,90,EUR,2018-03-05
K001850000,20,CHF,2018-03-07
K01286EON0,20,CHF,2018-01-23
K01286EPK0,20,CHF,2018-01-30
K01286EPT0,20,CHF,2018-01-30
K11285AJM0,20,CHF,2018-02-21
K075170000,20,CHF,2018-03-01
K161410000,20,CHF,2018-03-12
K01286ESO0,20,CHF,2018-03-12
K01286ESS0,20,CHF,2018-03-12
K01286EST0,20,CHF,2018-03-12
K01286ESU0,20,CHF,2018-03-12
K161430000,20,CHF,2018-03-12
K02151ATX0,20,CHF,2018-03-14
K02151AUB0,20,CHF,2018-03-14
K003410000,20,CHF,2018-03-19
K01286ETB0,20,CHF,2018-03-19
K01286ETJ0,90,CHF,2018-03-19
K001950000,20,CHF,2018-03-20
K01286ETL0,20,CHF,2018-03-20
K002000000,20,CHF,2018-03-22
K002010000,20,CHF,2018-03-23
K01286ETW0,20,CHF,2018-03-27
K01286ETX0,20,CHF,2018-03-27
K01286ETZ0,20,CHF,2018-03-27
K002020000,20,CHF,2018-03-27
K01286EUO0,20,CHF,2018-04-03
K10100EMD0,90,EUR,2018-04-04
K10100EMG0,90,EUR,2018-04-04
K01530ABB0,90,CHF,2011-09-15
K01530ABC0,90,CHF,2011-09-15
K01530ABD0,90,CHF,2011-09-15
K01530ABJ0,90,CHF,2011-09-15
K01530ACM0,90,CHF,2011-09-15
K01530ADA0,90,CHF,2011-09-15
K01530ADR0,90,CHF,2011-09-15
K01530ADY0,90,CHF,2011-09-15
K01530AEM0,90,CHF,2011-09-15
K01530AEV0,90,CHF,2011-09-15
K01530AEW0,90,CHF,2011-09-15
K01530AFH0,90,CHF,2011-09-15
K01530AFI0,90,CHF,2011-09-15
K01530AFU0,90,CHF,2011-09-15
K01530AGA0,90,CHF,2011-09-15
K01530AHA0,90,CHF,2011-09-15
K01530AHC0,90,CHF,2011-09-15
K01530AHE0,90,CHF,2011-09-15
K01530AHN0,90,CHF,2011-09-15
K01530AHO0,90,CHF,2011-09-15
K01530AHP0,90,CHF,2011-09-15
K01530AHU0,90,CHF,2011-09-15
K01530AIE0,90,CHF,2011-09-15
K01530AIL0,90,CHF,2011-09-15
K018030542,90,CHF,2011-05-02
K018030552,90,CHF,2011-07-11
K018050000,20,CHF,2006-07-24
K018060000,90,CHF,2007-03-27
K018150000,10,CHF,2006-07-24
K018170000,10,CHF,2007-05-23
K018190000,20,CHF,2007-07-16
K018210000,90,CHF,2007-08-07
K018310000,20,CHF,2014-08-20
K018430000,20,CHF,2006-07-24
K018690001,90,CHF,2013-04-08
K018850000,90,CHF,2006-07-24
K018870000,20,CHF,2008-05-16
K018900000,90,CHF,2013-12-10
K018980000,90,CHF,2006-07-24
K10100EMI0,90,EUR,2018-04-04
K10100EMN0,90,EUR,2018-04-04
K10100EMQ0,90,EUR,2018-04-04
K10100EMR0,90,EUR,2018-04-04
K10100ENC0,90,EUR,2018-04-04
K10100ENN0,90,EUR,2018-04-04
K07393BGO0,90,EUR,2018-04-05
K07393BGR0,90,EUR,2018-04-05
K002110000,90,CHF,2018-04-06
K01286EVJ0,20,CHF,2018-04-09
K105040000,20,CHF,2018-04-25
K11285AKA0,20,CHF,2018-04-30
K01286EWE0,20,CHF,2018-04-30
K01286EWJ0,20,CHF,2018-04-30
K01286EWL0,20,CHF,2018-04-30
K01286EWV0,20,CHF,2018-04-30
K01286EWW0,20,CHF,2018-04-30
K01286EWX0,20,CHF,2018-04-30
K01286EXH0,20,CHF,2018-04-30
K002230000,10,CHF,2018-05-02
K10100ENX0,90,EUR,2018-05-03
K10100EOB0,90,EUR,2018-05-03
K10100EOH0,90,EUR,2018-05-03
K10100EOI0,90,EUR,2018-05-03
K10100EOR0,90,EUR,2018-05-03
K10100EOS0,90,EUR,2018-05-03
K10100EOU0,90,EUR,2018-05-03
K10100EOW0,90,EUR,2018-05-03
K10100EPC0,90,EUR,2018-05-03
K11285AKC0,20,CHF,2018-05-03
K04370ALM0,20,CHF,2018-05-04
K01286EXO0,20,CHF,2018-05-07
K069370000,20,CHF,2018-05-22
K069500000,20,CHF,2018-05-23
K069520000,20,CHF,2018-05-23
K001880000,20,CHF,2018-03-08
K10100ELK0,90,EUR,2018-03-09
K02151AUE0,20,CHF,2018-03-27
K002050000,20,CHF,2018-03-28
K17719APM0,20,CHF,2018-04-11
K019030000,90,CHF,2008-11-26
K019070000,20,CHF,2012-06-01
K019080000,20,CHF,2012-07-20
K019150000,10,CHF,2015-04-28
K019170000,90,CHF,2015-08-03
K019180000,20,CHF,2015-10-14
K019460000,20,CHF,2006-07-24
K019490000,10,CHF,2015-05-20
K019620000,20,CHF,2006-07-24
K019720000,90,CHF,2006-07-24
K019810000,20,CHF,2014-06-26
K018030048,90,CHF,2006-07-29
K018030049,90,CHF,2006-07-29
K018030053,90,CHF,2006-07-29
K018030056,90,CHF,2006-07-29
K018030063,90,CHF,2006-07-29
K018030076,90,CHF,2006-07-29
K018030088,90,CHF,2006-07-29
K018030090,90,CHF,2006-07-29
K018030097,90,CHF,2006-07-29
K018030104,90,CHF,2006-07-29
K018030109,90,CHF,2006-07-29
K018030132,90,CHF,2006-07-29
K018030159,90,CHF,2006-07-29
K018030161,90,CHF,2006-08-05
K018030167,90,CHF,2006-08-09
K018030171,90,CHF,2006-08-11
K018030187,90,CHF,2006-08-22
K018030191,90,CHF,2006-08-22
K018030200,90,CHF,2006-08-22
K018030204,90,CHF,2006-08-22
K018030215,90,CHF,2006-08-22
K018030223,90,CHF,2006-08-22
K018030229,90,CHF,2006-08-22
K018030230,90,CHF,2006-08-22
K018030232,90,CHF,2006-08-22
K018030235,90,CHF,2006-08-22
K018030240,90,CHF,2006-08-22
K018030242,90,CHF,2006-08-22
K178750000,20,CHF,2018-04-12
K01286EVY0,20,CHF,2018-04-16
K02151AUG0,20,CHF,2018-04-16
K002160000,10,CHF,2018-04-18
K07393BGX0,90,EUR,2018-05-09
K003380000,20,CHF,2018-05-14
K069710000,20,CHF,2018-05-28
K069800000,20,CHF,2018-05-28
K069920000,20,CHF,2018-05-29
K178780000,20,CHF,2018-05-24
K01286EYN0,20,CHF,2018-05-29
K069820000,20,CHF,2018-05-29
K002400000,20,CHF,2018-05-29
K024990000,20,CHF,2018-05-29
K069830000,20,CHF,2018-05-29
K115700000,20,CHF,2018-06-14
K040550000,20,CHF,2018-06-19
K02151AUS0,20,CHF,2018-06-21
K003290000,10,CHF,2018-06-21
K01286FAL0,20,CHF,2018-06-25
K070980000,20,CHF,2018-07-02
K01286FAZ0,20,CHF,2018-07-02
K10100EQR0,90,EUR,2018-07-03
K10100EQV0,90,EUR,2018-07-03
K10100EQX0,90,EUR,2018-07-03
K10100ERJ0,90,EUR,2018-07-03
K10100ERK0,90,EUR,2018-07-03
K161520000,20,CHF,2018-06-01
K01286EZC0,20,CHF,2018-06-05
K04370ALO0,20,CHF,2018-06-05
K10100EPR0,90,EUR,2018-06-06
K10100EQB0,90,EUR,2018-06-06
K07393BHG0,90,EUR,2018-06-07
K07393BHJ0,90,EUR,2018-06-07
K020560000,20,CHF,2018-06-12
K01286FBD0,20,CHF,2018-07-12
K17719APV0,20,CHF,2018-07-13
K870400000,20,CHF,2018-07-13
K02151AUV0,20,CHF,2018-07-16
K01286FBJ0,20,CHF,2018-07-16
K018030247,90,CHF,2006-08-22
K018030260,90,CHF,2006-08-22
K018030268,90,CHF,2006-08-22
K018030271,90,CHF,2006-08-22
K018030272,90,CHF,2006-08-22
K018030281,90,CHF,2006-08-22
K018030284,90,CHF,2006-08-22
K018030296,90,CHF,2006-08-22
K018030306,90,CHF,2006-08-22
K018030307,90,CHF,2006-08-22
K018030311,90,CHF,2006-08-22
K018030343,90,CHF,2006-08-22
K018030346,90,CHF,2006-08-22
K018030356,90,CHF,2006-08-22
K018030361,90,CHF,2006-08-22
K018030373,90,CHF,2006-08-22
K018030408,90,CHF,2006-08-22
K018030418,90,CHF,2006-08-22
K018030437,90,CHF,2006-08-22
K018030441,90,CHF,2006-08-22
K018030443,90,CHF,2006-08-22
K018030457,90,CHF,2006-08-22
K018030464,90,CHF,2006-08-22
K018030467,90,CHF,2006-08-22
K018030476,90,CHF,2006-08-22
K018030480,90,CHF,2006-08-22
K018030483,90,CHF,2006-08-22
K018030490,90,CHF,2006-09-08
K018030496,90,CHF,2006-12-07
K018030497,90,CHF,2006-12-07
K018030522,90,CHF,2008-01-07
K018030532,90,CHF,2010-12-14
K023720000,20,CHF,2015-06-18
K024020000,20,CHF,2012-01-23
K024040000,20,CHF,2013-03-08
K024050000,20,EUR,2006-07-24
K024120000,20,CHF,2006-07-24
K024150000,20,CHF,2006-07-24
K024180000,20,CHF,2013-12-11
K024430000,20,CHF,2008-10-02
K01286FBS0,20,CHF,2018-07-16
K01286FBZ0,20,CHF,2018-07-16
K11285AKJ0,20,CHF,2018-07-17
K002590000,20,CHF,2018-07-17
K003270000,20,CHF,2018-07-25
K088700000,20,CHF,2018-07-26
K10100ERP0,90,EUR,2018-07-03
K161650000,20,CHF,2018-07-06
K07393BHT0,90,EUR,2018-08-08
K07393BHZ0,90,EUR,2018-08-08
K07393BIA0,90,EUR,2018-08-08
K161770000,20,CHF,2018-08-08
K058430000,20,CHF,2018-08-13
K002620000,20,CHF,2018-08-14
K01286FDW0,20,CHF,2018-08-14
K01286FEM0,20,CHF,2018-08-20
K01286FET0,20,CHF,2018-08-20
K164200000,20,CHF,2018-08-20
K003250000,20,CHF,2018-08-23
K02151AUX0,20,CHF,2018-08-27
K049610000,20,CHF,2018-08-28
K019310000,90,CHF,2018-08-29
K003160000,20,CHF,2018-09-13
K150331184,90,CHF,2018-09-14
K01286FFU0,20,CHF,2018-09-19
K01286FGF0,20,CHF,2018-09-19
K061710000,10,CHF,2018-09-20
K11285AKV0,20,CHF,2018-09-24
K002840000,10,CHF,2018-09-24
K01286FGM0,90,CHF,2018-09-25
K01286FGK0,20,CHF,2018-09-25
K10100ESL0,90,EUR,2018-08-02
K10100EST0,90,EUR,2018-08-02
K10100ETC0,90,EUR,2018-08-02
K01286FDT0,20,CHF,2018-08-06
K567890000,20,CHF,2018-08-07
K02151AVA0,20,CHF,2018-08-29
K002730000,20,CHF,2018-08-31
K10100ETK0,90,EUR,2018-09-03
K10100ETQ0,90,EUR,2018-09-04
K024490000,10,CHF,2012-01-13
K024530000,20,CHF,2012-12-04
K024590000,20,CHF,2010-06-24
K024620000,90,CHF,2012-03-22
K024760000,20,CHF,2013-09-20
K025480000,20,CHF,2007-07-05
K025490000,20,CHF,2007-07-05
K025530000,20,CHF,2008-11-26
K025540000,90,CHF,2009-06-03
K025570000,90,CHF,2009-08-31
K025610000,20,CHF,2012-04-20
K025950000,90,CHF,2007-08-03
K026000000,10,CHF,2008-07-08
K026100000,90,CHF,2008-08-19
K019990000,20,CHF,2015-10-27
K020190000,20,CHF,2007-03-30
K020260000,20,CHF,2008-08-13
K020320000,90,CHF,2008-07-17
K020500000,20,CHF,2014-06-18
K020670000,20,CHF,2006-07-24
K020700000,10,CHF,2006-07-24
K020850000,10,EUR,2015-11-19
K020980000,10,CHF,2011-10-04
K020990000,90,CHF,2014-08-05
K021310000,90,CHF,2012-06-12
K021370000,10,CHF,2006-07-24
K021430000,90,CHF,2006-07-24
K021470000,90,CHF,2012-03-30
K02151AAA0,20,CHF,2009-06-09
K02151AAH0,20,CHF,2009-06-09
K02151AAJ0,20,CHF,2009-06-09
K02151AAS0,20,CHF,2009-06-09
K02151AAV0,20,CHF,2009-06-09
K02151ABI0,90,CHF,2009-06-09
K02151ABJ0,20,CHF,2009-06-09
K02151ABN0,20,CHF,2009-06-09
K02151ABP0,90,CHF,2009-06-09
K02151ABQ0,20,CHF,2009-06-09
K02151ABR0,20,CHF,2009-06-09
K10100ETR0,90,EUR,2018-09-04
K14542AEQ0,20,CHF,2018-09-05
K17719APZ0,20,CHF,2018-09-07
K01286FFG0,20,CHF,2018-09-10
K01286FFK0,20,CHF,2018-09-10
K01286FFS0,20,CHF,2018-09-10
K025850000,20,CHF,2018-09-11
K10100EUX0,90,EUR,2018-10-02
K01286FGR0,20,CHF,2018-09-25
K11285AKY0,20,CHF,2018-09-27
K150331206,90,CHF,2020-10-19
K01286HAT0,20,CHF,2020-10-21
K078570000,20,CHF,2020-11-13
K01286HCL0,20,CHF,2020-11-17
K078780000,20,CHF,2020-11-23
K00500AGZ0,20,CHF,2020-12-09
K01286HEE0,20,CHF,2020-12-16
K01286HEH0,20,CHF,2020-12-16
K01286HEL0,20,CHF,2020-12-16
K17719ARN0,20,CHF,2020-12-16
K01286HEM0,20,CHF,2020-12-16
K057330000,20,CHF,2020-12-22
K165390000,90,CHF,2021-01-19
K01286HFL0,20,CHF,2021-01-19
K057470000,90,CHF,2021-01-11
K165530000,20,CHF,2021-01-28
K165540000,20,CHF,2021-01-28
K01286HGW0,20,CHF,2021-02-01
K01286HGX0,20,CHF,2021-02-01
K07393BOA0,90,EUR,2021-02-04
K04370AMP0,20,CHF,2021-02-09
K165670000,20,CHF,2021-02-09
K11285API0,20,CHF,2021-03-01
K165770000,20,CHF,2021-03-01
K11285AQU0,20,CHF,2021-03-04
K11285ARD0,20,CHF,2021-03-05
K11285ARE0,20,CHF,2021-03-05
K11285ARL0,20,CHF,2021-03-05
K11285ARN0,20,CHF,2021-03-05
K11285ARS0,20,CHF,2021-03-05
K02151ABY0,20,CHF,2009-06-09
K02151ACA0,90,CHF,2009-06-09
K02151ACG0,90,CHF,2009-06-09
K02151ACJ0,90,CHF,2009-06-09
K02151ACL0,20,CHF,2009-06-09
K02151ACO0,20,CHF,2009-06-09
K02151ACT0,20,CHF,2009-06-09
K02151ACY0,20,CHF,2010-03-12
K02151ADJ0,20,CHF,2010-11-17
K02151ADQ0,20,CHF,2011-08-29
K02151ADZ0,20,CHF,2011-09-14
K02151AEP0,90,CHF,2011-09-14
K02151AFP0,20,CHF,2011-09-14
K02151AFQ0,20,CHF,2011-09-14
K02151AFV0,20,CHF,2011-09-14
K02151AFZ0,90,CHF,2011-10-05
K02151AGD0,20,CHF,2011-10-05
K02151AGM0,20,CHF,2011-10-05
K02151AGR0,20,CHF,2011-10-05
K02151AGS0,20,CHF,2011-10-05
K02151AHF0,20,CHF,2011-10-05
K02151AHR0,90,CHF,2011-11-01
K02151AIW0,20,CHF,2012-05-14
K02151AIX0,20,CHF,2012-05-15
K02151AJG0,20,CHF,2012-06-27
K02151AJU0,20,CHF,2012-09-17
K02151AJY0,90,CHF,2012-09-26
K02151AKC0,20,CHF,2012-10-15
K02151AKE0,20,CHF,2012-10-17
K02151AKF0,90,CHF,2012-10-22
K02151AKY0,20,CHF,2013-02-22
K02151AKZ0,20,CHF,2013-02-28
K02151ALH0,20,CHF,2013-05-08
K02151ALI0,20,CHF,2013-05-22
K02151ALJ0,20,CHF,2013-06-07
K02151AME0,20,CHF,2014-02-04
K02151AMH0,20,CHF,2014-02-12
K02151AMK0,20,CHF,2014-03-18
K02151AMN0,20,CHF,2014-03-20
K02151AYU0,20,CHF,2021-03-23
K167110000,20,CHF,2021-03-23
K083400000,90,CHF,2021-03-26
K02151AYY0,20,CHF,2021-03-26
K17719ARY0,20,CHF,2021-03-29
K165400000,20,CHF,2021-01-20
K01286HHF0,20,CHF,2021-02-16
K01286HHG0,20,CHF,2021-02-16
K01286HHI0,20,CHF,2021-02-16
K01286HHM0,20,CHF,2021-02-16
K127710000,20,CHF,2021-02-17
K11285APC0,20,CHF,2021-02-19
K083010000,20,CHF,2021-02-23
K11285APH0,20,CHF,2021-02-24
K11285ASB0,20,CHF,2021-03-05
K11285ASJ0,20,CHF,2021-03-08
K00500YYYY,20,CHF,2021-03-08
K01286HHX0,20,CHF,2021-03-09
K01286HHY0,20,CHF,2021-03-09
K01286HIG0,20,CHF,2021-03-09
K07393BOG0,90,EUR,2021-03-09
K11285ASY0,20,CHF,2021-03-09
K11285AUV0,20,CHF,2021-03-29
K062330000,10,CHF,2021-03-29
K01286HJT0,20,CHF,2021-03-30
K01286HJU0,20,CHF,2021-03-30
K02151AZB0,20,CHF,2021-03-30
K11285AVG0,20,CHF,2021-03-30
K062390000,20,CHF,2021-03-30
K123820001,20,CHF,2021-04-01
K01286HKB0,20,CHF,2021-04-06
K062420000,20,CHF,2021-04-09
K062520000,20,CHF,2021-04-13
K17719ASE0,20,CHF,2021-04-14
K01286HKT0,20,CHF,2021-04-19
K01286HMC0,20,CHF,2021-05-10
K01286HMD0,20,CHF,2021-05-10
K11285ATF0,20,CHF,2021-03-09
K11285ATI0,20,CHF,2021-03-10
K11285ATR0,20,CHF,2021-03-16
K01286HKZ0,20,CHF,2021-04-26
K01286HLG0,20,CHF,2021-04-26
K01286HLH0,20,CHF,2021-04-26
K07393BOK0,90,EUR,2021-04-28
K063810000,20,CHF,2021-04-28
K11285AWT0,20,CHF,2021-04-28
K063850000,20,EUR,2021-04-29
K063860000,20,CHF,2021-04-29
K063900000,20,CHF,2021-04-30
K17719ASN0,20,CHF,2021-05-04
K063940000,20,CHF,2021-05-04
K064020000,20,CHF,2021-05-05
K064030000,20,CHF,2021-05-05
K040020000,20,CHF,2021-06-01
K07393BOQ0,90,EUR,2021-06-02
K039690000,10,CHF,2021-06-02
K039730000,20,CHF,2021-06-03
K01286HNJ0,20,CHF,2021-06-07
K01286HNK0,20,CHF,2021-06-07
K039760000,20,CHF,2021-06-07
K164690000,20,CHF,2021-05-11
K11285AXA0,20,CHF,2021-05-11
K064190000,20,CHF,2021-05-12
K064210000,20,CHF,2021-05-12
K01286HMI0,20,CHF,2021-05-18
K11285AXE0,20,CHF,2021-05-18
K01286HMZ0,20,CHF,2021-05-27
K17719ASU0,20,CHF,2021-05-28
K01286HND0,20,CHF,2021-05-31
K01286HNE0,20,CHF,2021-05-31
K039670000,20,CHF,2021-05-31
K035850000,20,CHF,2021-06-09
K04370AMU0,20,CHF,2021-06-10
K01286HNQ0,20,CHF,2021-06-15
K035920000,10,CHF,2021-06-18
K17719ATC0,20,CHF,2021-06-22
K01286HNS0,20,CHF,2021-06-28
K140820000,20,CHF,2021-06-30
K17719ATP0,90,CHF,2021-07-01
K17719ATQ0,20,CHF,2021-07-01
K17719ATY0,20,CHF,2021-07-01
K01286HOH0,20,CHF,2021-07-05
K11285AXP0,20,CHF,2021-06-09
K035820000,20,CHF,2021-06-09
K040280000,20,CHF,2021-07-16
K057620000,20,CHF,2021-07-16
K057650000,20,CHF,2021-07-16
K01286HPF0,20,CHF,2021-07-21
K01286HPG0,20,CHF,2021-07-21
K080650000,20,CHF,2021-07-21
K01286HPR0,20,CHF,2021-07-26
K01286HQE0,20,CHF,2021-07-28
K17719AUP0,20,CHF,2021-07-29
K17719AUS0,20,CHF,2021-07-29
K17719AVD0,20,CHF,2021-07-30
K17719AVF0,20,CHF,2021-07-30
K17719AVG0,20,CHF,2021-07-30
K036510000,20,CHF,2021-07-30
K17719AVL0,20,CHF,2021-08-02
K17719AVQ0,20,CHF,2021-08-02
K17719AWB0,20,CHF,2021-08-02
K01286HQK0,20,CHF,2021-08-03
K01286HQP0,20,CHF,2021-08-03
K17719AWU0,20,CHF,2021-08-03
K02503ABL0,20,CHF,2021-08-04
K01286HOP0,20,CHF,2021-07-05
K01286HOR0,20,CHF,2021-07-05
K040210000,20,CHF,2021-07-09
K11285AYP0,20,CHF,2021-08-23
K11285AYT0,20,CHF,2021-08-24
K01286HQS0,20,CHF,2021-08-24
K01286HQT0,20,CHF,2021-08-24
K01286HQZ0,20,CHF,2021-08-24
K030420000,20,CHF,2021-08-27
K01286HRD0,20,CHF,2021-08-30
K030440000,20,CHF,2021-08-31
K17719AWW0,20,CHF,2021-09-01
K073250000,90,CHF,2021-08-06
K073320000,20,CHF,2021-08-11
K01286HRO0,20,CHF,2021-09-07
K02151AZM0,20,CHF,2021-09-08
K17719AWY0,20,CHF,2021-09-13
K060200000,20,CHF,2021-09-14
K060210000,20,CHF,2021-09-15
K17719AWZ0,20,CHF,2021-09-15
K01286HRV0,20,CHF,2021-09-21
K02151AZO0,20,CHF,2021-10-11
K039840000,20,CHF,2021-10-12
K039850000,20,CHF,2021-10-13
K11285AZB0,20,CHF,2021-10-13
K11285AZC0,20,CHF,2021-10-13
K035150000,90,CHF,2021-10-15
K01286HSR0,20,CHF,2021-10-19
K01286HST0,20,CHF,2021-10-19
K107310000,20,CHF,2021-10-21
K039960000,10,CHF,2021-10-28
K11285AZG0,20,CHF,2021-10-29
K01286HSV0,20,CHF,2021-11-02
K109780000,20,CHF,2021-11-23
K01286HUD0,20,CHF,2021-11-30
K01286HUE0,20,CHF,2021-11-30
K135610000,20,CHF,2022-01-10
K01286HVP0,20,CHF,2022-01-17
K01286HVR0,20,CHF,2022-01-18
K11285AZY0,20,CHF,2022-01-20
K135830000,20,CHF,2022-01-20
K135850000,20,CHF,2022-01-21
K163600000,20,CHF,2022-02-24
K01286HWQ0,20,CHF,2022-03-01
K01286HXD0,20,CHF,2022-03-01
K11285BAM0,20,CHF,2022-03-02
K060810000,20,CHF,2022-03-04
K01286HXN0,20,CHF,2022-03-07
K058870000,20,CHF,2021-11-08
K044190000,20,CHF,2021-11-08
K01286HTT0,20,CHF,2021-11-18
K01286HTU0,20,CHF,2021-11-18
K019590000,20,CHF,2021-11-18
K126700000,20,CHF,2021-12-16
K01286HUX0,20,CHF,2021-12-20
K01286HUY0,20,CHF,2021-12-20
K11285AZS0,20,CHF,2022-01-04
K17719AXK0,20,CHF,2022-01-31
K134070000,20,CHF,2022-02-02
K060620000,20,CHF,2022-02-02
K17719AXM0,20,CHF,2022-02-08
K01286HWM0,20,CHF,2022-02-08
K060690000,20,CHF,2022-02-09
K17719AXW0,20,CHF,2022-03-22
K01286HYD0,20,CHF,2022-03-28
K01286HYK0,20,CHF,2022-03-28
K17719AXZ0,20,CHF,2022-03-31
K04370ANB0,20,CHF,2022-04-04
K059250000,20,EUR,2022-04-04
K01795AAN0,20,EUR,2022-03-11
K01795ABD0,20,EUR,2022-03-15
K01795ABM0,20,EUR,2022-03-15
K01795ABR0,20,EUR,2022-03-15
K064650000,20,EUR,2022-03-15
K01795ACD0,20,EUR,2022-03-15
K01795ACF0,20,EUR,2022-03-15
K01795ACP0,90,EUR,2022-03-15
K092080000,20,EUR,2022-03-16
K01795ACR0,20,EUR,2022-03-16
K01795ACY0,20,EUR,2022-03-16
K01795ADH0,20,EUR,2022-03-16
K01795ADO0,20,EUR,2022-03-16
K01795ADY0,20,EUR,2022-03-16
K01795AEB0,20,EUR,2022-03-16
K01795AEC0,20,EUR,2022-03-16
K01795AEG0,20,EUR,2022-03-16
K01795AEN0,20,EUR,2022-03-16
K01795AET0,20,EUR,2022-03-16
K01795AFE0,20,EUR,2022-03-16
K01795AFK0,20,EUR,2022-03-16
K081200000,20,CHF,2022-03-16
K01795AFQ0,20,EUR,2022-03-16
K01795AFT0,20,EUR,2022-03-16
K01795AFU0,20,EUR,2022-03-16
K01795AFZ0,20,EUR,2022-03-16
K02151AMO0,90,CHF,2014-03-25
K02151AMY0,20,CHF,2014-09-10
K02151ANA0,90,CHF,2014-09-11
K02151ANI0,20,CHF,2014-10-28
K02151ANK0,90,CHF,2014-11-07
K02151ANN0,20,CHF,2015-01-28
K02151ANW0,20,CHF,2015-05-07
K02151AOC0,20,CHF,2015-06-23
K02151AOL0,20,CHF,2015-08-17
K02151AOP0,90,CHF,2015-08-31
K02151AOW0,20,CHF,2015-09-02
K02151AOZ0,20,CHF,2015-09-29
K02151APA0,20,CHF,2015-09-29
K02151APF0,20,CHF,2015-10-29
K02151APG0,20,CHF,2015-11-09
K02151APV0,20,CHF,2016-02-22
K02152AAB0,20,CHF,2014-06-18
K02152AAJ0,20,CHF,2014-06-18
K02152AAL0,20,CHF,2014-07-17
K02152AAM0,90,CHF,2014-07-17
K02152ADK0,90,CHF,2015-09-10
K02152ADL0,20,CHF,2015-09-10
K02152ADS0,20,CHF,2015-10-02
K02152AEC0,20,CHF,2015-12-02
K02152AEM0,20,CHF,2016-02-09
K02152AEN0,20,CHF,2016-02-09
K02152AES0,20,CHF,2016-02-09
K02152AEU0,90,CHF,2016-03-08
K026190000,20,CHF,2012-11-20
K026200001,10,CHF,2015-06-02
K026470000,20,CHF,2014-07-10
K026590000,20,CHF,2012-01-06
K026680000,90,CHF,2007-08-06
K026690000,20,CHF,2006-07-24
K026710001,90,CHF,2008-08-11
K026960000,10,CHF,2006-07-24
K027000000,90,CHF,2006-07-24
K027080000,90,CHF,2007-10-09
K027210000,20,CHF,2013-04-26
K073530000,20,CHF,2022-04-04
K01795AGC0,20,EUR,2022-04-05
K01795AGW0,20,EUR,2022-04-05
K059270000,20,CHF,2022-04-06
K01795AIR0,20,EUR,2022-04-06
K01795AIB0,20,EUR,2022-04-06
K01795AJH0,20,EUR,2022-04-06
K17719AYB0,20,CHF,2022-04-07
K085650002,20,CHF,2022-04-07
K01795AJR0,20,EUR,2022-04-08
K059300000,20,CHF,2022-04-08
K01286HZO0,20,CHF,2022-05-03
K01286HZP0,20,CHF,2022-05-03
K01795AKS0,20,EUR,2022-05-03
K01286HXO0,20,CHF,2022-03-21
K01286HYB0,20,CHF,2022-03-21
K118070003,20,EUR,2022-03-22
K01286HYW0,20,CHF,2022-04-13
K17719AYD0,20,CHF,2022-04-20
K11285BBB0,20,CHF,2022-04-21
K11285BBC0,20,CHF,2022-04-21
K17719AYF0,20,CHF,2022-04-21
K11864ALJ0,20,CHF,2022-04-22
K049930000,10,CHF,2022-04-22
K01286HYZ0,20,CHF,2022-04-25
K01286HZA0,20,CHF,2022-04-25
K01286HZB0,20,CHF,2022-04-25
K01286HZE0,20,CHF,2022-04-25
K029300000,20,CHF,2022-04-25
K11285BBI0,20,CHF,2022-05-20
K11285BBK0,20,CHF,2022-05-20
K17719AYQ0,20,CHF,2022-06-02
K17719AYR0,20,CHF,2022-06-02
K17719AYS0,20,CHF,2022-06-02
K17719AYT0,20,CHF,2022-06-02
K17719AYX0,20,CHF,2022-06-02
K17719AZA0,20,CHF,2022-06-02
K01795ANW0,20,EUR,2022-06-03
K01795AOI0,20,EUR,2022-06-03
K01795ALA0,20,EUR,2022-05-03
K01795ALE0,20,EUR,2022-05-03
K01795ALJ0,20,EUR,2022-05-03
K01795ALL0,20,EUR,2022-05-04
K01795ALX0,20,EUR,2022-05-04
K01795AMD0,20,EUR,2022-05-04
K01795AME0,20,EUR,2022-05-04
K01795AMF0,20,EUR,2022-05-04
K01795AMN0,20,EUR,2022-05-04
K01795AMP0,20,EUR,2022-05-04
K01795AMX0,20,EUR,2022-05-05
K01795ANC0,20,EUR,2022-05-05
K01795ANR0,20,EUR,2022-05-05
K01795ANT0,20,EUR,2022-05-05
K01795ANV0,20,EUR,2022-05-05
K040650000,20,CHF,2022-05-12
K040660000,20,CHF,2022-05-12
K041180000,20,CHF,2022-05-13
K039970001,20,CHF,2022-05-16
K041190000,20,CHF,2022-05-17
K01286IAD0,20,CHF,2022-05-18
K01286IAK0,20,CHF,2022-05-18
K01286IBE0,20,CHF,2022-06-20
K109840000,20,CHF,2022-06-22
K109900000,20,CHF,2022-06-22
K04230AAK0,20,CHF,2022-06-23
K042220000,20,CHF,2022-06-24
K042230000,20,CHF,2022-06-24
K04230AAN0,20,CHF,2022-06-24
K01795AON0,20,EUR,2022-06-03
K01795AOX0,20,EUR,2022-06-03
K01795API0,20,EUR,2022-06-07
K01795APK0,20,EUR,2022-06-07
K01795APL0,90,EUR,2022-06-07
K01795APO0,20,EUR,2022-06-07
K01795AQC0,20,EUR,2022-06-07
K01795AQG0,20,EUR,2022-06-07
K01795AQL0,20,EUR,2022-06-07
K01286IAW0,20,CHF,2022-06-07
K042290000,20,CHF,2022-07-01
K11285BCC0,20,CHF,2022-07-04
K021500000,20,CHF,2022-07-04
K042320000,20,CHF,2022-07-07
K02503ACM0,20,CHF,2022-07-08
K01795ASG0,20,EUR,2022-07-08
K01795ASN0,20,EUR,2022-07-08
K01795ASQ0,20,EUR,2022-07-08
K04230AAW0,20,CHF,2022-06-24
K01286IBZ0,20,CHF,2022-06-27
K04230ABG0,20,CHF,2022-06-27
K052130000,20,CHF,2022-06-29
K023530000,20,CHF,2022-07-21
K01286ICG0,20,CHF,2022-08-02
K01286ICH0,20,CHF,2022-08-02
K01286ICS0,20,CHF,2022-08-03
K900080000,20,CHF,2022-08-03
K01286IDB0,20,CHF,2022-08-03
K01286IDI0,20,CHF,2022-08-03
K01286IDM0,20,CHF,2022-08-04
K01795ATG0,20,EUR,2022-08-05
K01795ATQ0,20,EUR,2022-08-05
K01795ATW0,20,EUR,2022-08-08
K01795ATZ0,20,EUR,2022-08-08
K01795AUC0,20,EUR,2022-08-08
K01795AUH0,20,EUR,2022-08-08
K01795AUX0,20,EUR,2022-08-08
K01795AVE0,20,EUR,2022-08-08
K01795AVF0,20,EUR,2022-08-08
K01795AVG0,20,EUR,2022-08-08
K17719AZI0,20,CHF,2022-07-11
K11285BCS0,20,CHF,2022-08-24
K11285BCX0,20,CHF,2022-08-24
K104990000,20,CHF,2022-08-26
K01286IEL0,20,CHF,2022-09-01
K01286IEM0,20,CHF,2022-09-01
K04230ADJ0,20,CHF,2022-09-02
K01795AWW0,20,EUR,2022-09-02
K01286IEQ0,20,CHF,2022-09-05
K01286IEV0,20,CHF,2022-09-05
K027250000,20,CHF,2006-07-24
K027270000,10,CHF,2012-07-19
K027320000,90,CHF,2006-07-24
K027330000,10,CHF,2012-07-26
K027640000,20,CHF,2009-11-03
K027720000,20,CHF,2015-01-09
K027810000,90,CHF,2007-08-15
K028340000,90,CHF,2007-11-26
K028390000,90,CHF,2006-07-24
K028460000,10,CHF,2006-07-24
K028510000,20,CHF,2008-02-11
K028640000,10,CHF,2006-07-24
K028710000,20,CHF,2016-02-26
K028860000,20,CHF,2016-02-11
K02892AAE0,90,CHF,2008-10-13
K02892AAY0,90,CHF,2010-01-25
K02892AAZ0,20,CHF,2010-02-11
K029070000,20,CHF,2009-02-20
K029460000,20,CHF,2011-08-10
K029570000,90,CHF,2006-07-24
K029710000,10,CHF,2006-07-24
K029810000,90,CHF,2006-07-24
K029850000,20,CHF,2008-05-23
K029900000,20,CHF,2009-04-03
K029940000,90,CHF,2013-07-10
K006260000,90,CHF,2009-06-12
K006320000,90,CHF,2009-06-12
K006470000,10,CHF,2009-06-12
K006510000,10,CHF,2009-06-12
K006550000,10,CHF,2009-06-12
K006640000,20,CHF,2009-06-12
K006730000,90,CHF,2009-06-12
K006750000,90,CHF,2009-06-12
K006980000,20,CHF,2009-06-12
K007090000,90,CHF,2009-06-12
K007120000,90,CHF,2009-06-12
K007150000,90,CHF,2009-06-12
K007200000,20,CHF,2009-06-12
K007210000,10,CHF,2009-06-12
K01286IEW0,20,CHF,2022-09-05
K01795AXH0,20,EUR,2022-09-05
K01795AXL0,20,EUR,2022-09-05
K01795AVI0,20,EUR,2022-08-08
K01795AVV0,20,EUR,2022-08-08
K01795AVW0,20,EUR,2022-08-08
K01795AWB0,20,EUR,2022-08-08
K04230ABJ0,20,CHF,2022-08-08
K04230ABK0,20,CHF,2022-08-08
K04230ABL0,20,CHF,2022-08-08
K04230ABM0,20,CHF,2022-08-08
K04230ABX0,20,CHF,2022-08-08
K04230ABY0,20,CHF,2022-08-08
K04230ACB0,20,CHF,2022-08-08
K033410000,10,CHF,2022-08-12
K01286IDP0,20,CHF,2022-08-15
K045860000,10,CHF,2022-09-20
K11285BDG0,20,CHF,2022-09-22
K01286IFS0,20,CHF,2022-10-03
K01286IFZ0,20,CHF,2022-10-03
K01795BAB0,20,EUR,2022-10-05
K01795BAM0,20,EUR,2022-10-05
K01795BAQ0,20,EUR,2022-10-05
K01795BAU0,20,EUR,2022-10-05
K01795BCC0,20,EUR,2022-10-05
K04230ADS0,20,CHF,2022-10-06
K04230AEB0,20,CHF,2022-10-06
K04230AEK0,20,CHF,2022-10-06
K046050000,20,CHF,2022-10-06
K01286IGX0,20,CHF,2022-11-07
K04230AES0,20,CHF,2022-11-08
K04230AET0,20,CHF,2022-11-08
K04230AFA0,20,CHF,2022-11-08
K04230AFB0,20,CHF,2022-11-08
K04230AFH0,20,CHF,2022-11-08
K01286IGZ0,20,CHF,2022-11-08
K01286IHB0,20,CHF,2022-11-08
K01795BDH0,20,EUR,2022-11-09
K01795BDI0,20,EUR,2022-11-09
K01795BDN0,20,EUR,2022-11-09
K007220000,20,CHF,2009-06-12
K007360000,20,CHF,2009-06-12
K007470000,90,CHF,2009-06-12
K007540000,90,CHF,2009-06-12
K007590000,90,CHF,2009-06-12
K000490000,20,CHF,2006-09-26
K000550000,20,CHF,2011-12-07
K000600000,10,CHF,2014-06-04
K001080000,90,CHF,2015-10-27
K001230000,90,CHF,2015-03-03
K004500000,20,CHF,2015-07-20
K004800000,90,CHF,2008-03-31
K006020000,20,CHF,2009-06-12
K006060000,10,CHF,2009-06-12
K006070000,20,CHF,2009-06-12
K006140000,90,CHF,2009-06-12
K006170000,20,CHF,2009-06-12
K006190000,90,CHF,2009-06-12
K012580000,10,CHF,2013-03-21
K012620000,90,CHF,2006-07-24
K012690000,20,CHF,2006-07-24
K012740000,20,CHF,2006-07-24
K01286AAB0,90,CHF,2008-08-11
K01286AAN0,90,CHF,2010-03-11
K01286ABC0,20,CHF,2010-04-26
K01286ABD0,20,CHF,2010-04-26
K01286ACH0,20,CHF,2010-04-26
K007790000,20,CHF,2009-06-12
K007880000,20,CHF,2009-06-12
K007920000,20,CHF,2009-06-12
K008220000,20,CHF,2009-06-12
K008400000,20,CHF,2009-06-12
K008460000,20,CHF,2009-06-12
K008580000,20,CHF,2009-06-12
K008630000,20,CHF,2009-06-12
K008720000,20,CHF,2009-06-12
K008730000,20,CHF,2009-06-12
K008760000,20,CHF,2009-06-12
K008800000,90,CHF,2009-08-27
K01795AXQ0,20,EUR,2022-09-05
K01795AXS0,20,EUR,2022-09-05
K01795AXU0,20,EUR,2022-09-05
K01795AYB0,20,EUR,2022-09-06
K01795AYC0,20,EUR,2022-09-06
K01795AYD0,20,EUR,2022-09-06
K01795AYM0,20,EUR,2022-09-06
K01795AYN0,20,EUR,2022-09-06
K01795AYO0,20,EUR,2022-09-06
K01795AYP0,20,EUR,2022-09-06
K01795AYU0,20,EUR,2022-09-06
K01795AYV0,20,EUR,2022-09-06
K01795AZD0,20,EUR,2022-09-06
K01795AZF0,20,EUR,2022-09-06
K01795AZM0,20,EUR,2022-09-06
K17719AZX0,20,CHF,2022-09-07
K11285BDC0,20,CHF,2022-09-15
K128960000,20,CHF,2022-09-16
K11285BDI0,20,CHF,2022-10-17
K040810000,90,CHF,2022-10-17
K040840000,20,CHF,2022-10-18
K01286IGM0,20,CHF,2022-10-18
K01286IGN0,20,CHF,2022-10-18
K041010000,20,CHF,2022-11-18
K01286IIB0,20,CHF,2022-11-21
K01286IIK0,20,CHF,2022-11-21
K04370AND0,20,CHF,2022-11-22
K17719BAK0,20,CHF,2022-11-28
K01286IIT0,20,CHF,2022-11-30
K04230AFI0,20,CHF,2022-12-01
K04230AFJ0,20,CHF,2022-12-01
K04230AFW0,20,CHF,2022-12-01
K068770000,20,CHF,2022-12-02
K915010000,20,CHF,2022-12-02
K01286IJA0,20,CHF,2022-12-05
K01286IJB0,20,CHF,2022-12-05
K01795BFW0,20,EUR,2022-12-06
K01795BFX0,20,EUR,2022-12-06
K01795BGA0,20,EUR,2022-12-06
K01795BGB0,20,EUR,2022-12-06
K008870000,10,CHF,2009-06-12
K008880000,20,CHF,2009-06-12
K008940000,20,CHF,2009-06-12
K009230000,20,CHF,2009-06-12
K009350000,20,CHF,2009-06-12
K009390000,20,CHF,2009-06-12
K009430000,20,CHF,2009-06-12
K01286ACM0,90,CHF,2010-04-26
K01286ADC0,20,CHF,2010-04-26
K01286ADE0,90,CHF,2010-04-26
K01286ADR0,90,CHF,2011-04-29
K01286AET0,20,CHF,2012-07-30
K01286AFI0,20,CHF,2012-07-31
K01286AFM0,20,CHF,2012-08-07
K01286AGG0,20,CHF,2012-08-07
K01286AGJ0,20,CHF,2012-08-07
K01286AGX0,20,CHF,2012-08-07
K01286AGZ0,20,CHF,2012-08-07
K01286AHC0,20,CHF,2012-08-07
K01286AHO0,20,CHF,2012-08-07
K01286AIN0,20,CHF,2012-08-27
K01286AIO0,20,CHF,2012-08-27
K01286AIR0,20,CHF,2012-08-27
K01286AJB0,20,CHF,2012-08-27
K01286AJE0,20,CHF,2012-08-27
K01286AJM0,20,CHF,2012-08-27
K01286AJN0,20,CHF,2012-08-27
K01286AJR0,20,CHF,2012-08-27
K01286AJX0,20,CHF,2012-08-27
K01286AKA0,20,CHF,2012-08-27
K01286AKD0,20,CHF,2012-08-27
K01286AKI0,20,CHF,2012-08-27
K01286AKM0,20,CHF,2012-08-27
K01286AKO0,20,CHF,2012-08-27
K01286AKQ0,90,CHF,2012-08-27
K01286AKY0,20,CHF,2012-08-27
K01286ALG0,20,CHF,2012-08-27
K01286ALH0,20,CHF,2012-08-27
K01286ALI0,20,CHF,2012-08-27
K01795BGJ0,20,EUR,2022-12-06
K01795BGQ0,20,EUR,2022-12-06
K01795BGV0,90,EUR,2022-12-06
K01795BHA0,20,EUR,2022-12-06
K01795BHO0,20,EUR,2022-12-06
K01795BII0,20,EUR,2022-12-06
K01795BDT0,20,EUR,2022-11-09
K01795BDV0,20,EUR,2022-11-09
K01795BFF0,20,EUR,2022-11-09
K040970000,20,CHF,2022-11-10
K01795BFN0,20,EUR,2022-11-10
K01795BFO0,20,EUR,2022-11-10
K01286IJO0,20,CHF,2022-12-13
K01286IJP0,20,CHF,2022-12-13
K17719BAL0,20,CHF,2022-12-19
K086780000,20,CHF,2022-12-19
K13600AAF0,20,CHF,2022-12-20
K00500AHQ0,20,CHF,2022-12-22
K13600AAG0,20,CHF,2022-12-22
K00500AHT0,20,CHF,2022-12-22
K04230AGO0,20,CHF,2023-01-03
K04230AHF0,20,CHF,2023-01-03
K01795BJQ0,20,EUR,2023-01-04
K01795BJZ0,20,EUR,2023-01-04
K01795BKR0,20,EUR,2023-01-05
K01286IKC0,20,CHF,2023-01-06
K01286IKJ0,20,CHF,2023-01-06
K01286IKN0,20,CHF,2023-01-06
K01286ILB0,20,CHF,2023-01-30
K01286ILC0,20,CHF,2023-01-30
K01286ILD0,20,CHF,2023-01-30
K17719BAQ0,20,CHF,2023-01-30
K04230AHK0,20,CHF,2023-02-01
K04230AHN0,20,CHF,2023-02-01
K04230AHV0,20,CHF,2023-02-01
K04370ANE0,20,CHF,2023-02-02
K01795BLD0,20,EUR,2023-02-06
K01795BLH0,20,EUR,2023-02-06
K01795BLI0,20,EUR,2023-02-06
K01795BLJ0,20,EUR,2023-02-06
K01286ANC0,90,CHF,2012-08-27
K01286ANK0,20,CHF,2012-08-27
K01286AOE0,20,CHF,2012-08-27
K01286AOF0,20,CHF,2012-08-27
K01286AOG0,20,CHF,2012-08-27
K01286AOR0,20,CHF,2012-08-27
K01286APD0,20,CHF,2012-08-27
K009500000,10,CHF,2009-06-12
K009540000,20,CHF,2009-06-12
K009600000,90,CHF,2009-06-12
K009630000,20,CHF,2009-06-23
K009770000,90,EUR,2010-05-20
K009940000,10,CHF,2011-08-26
K010040000,20,CHF,2011-11-29
K010430000,20,CHF,2011-02-02
K010470000,90,CHF,2008-12-05
K010560000,20,CHF,2011-05-19
K010590000,20,CHF,2012-04-17
K010660000,20,CHF,2012-06-26
K010690000,90,CHF,2012-08-16
K010840000,90,CHF,2008-10-17
K010920000,20,CHF,2010-03-11
K010970000,90,CHF,2009-11-06
K010990001,90,CHF,2006-07-27
K01286AQF0,20,CHF,2012-10-08
K01286AQG0,20,CHF,2012-10-08
K01286AQM0,20,CHF,2012-10-08
K01286AQU0,20,CHF,2012-10-08
K01286ARA0,20,CHF,2012-10-08
K01286ARI0,20,CHF,2012-10-08
K01286ARJ0,20,CHF,2012-10-08
K01286ARO0,20,CHF,2012-10-08
K01286ASF0,20,CHF,2012-10-08
K01286ASM0,20,CHF,2012-10-08
K01286AST0,20,CHF,2012-10-08
K01286ATA0,20,CHF,2012-10-08
K01286ATJ0,20,CHF,2012-10-08
K01286ATK0,20,CHF,2012-10-08
K01286ATQ0,20,CHF,2012-10-08
K01795BLL0,20,EUR,2023-02-06
K01795BMD0,20,EUR,2023-02-06
K01795BMK0,20,EUR,2023-02-06
K01795BML0,20,EUR,2023-02-06
K01795BMM0,20,EUR,2023-02-06
K01795BMY0,20,EUR,2023-02-07
K01286IKQ0,20,CHF,2023-01-16
K092200000,20,EUR,2023-01-18
K17719BAO0,20,CHF,2023-01-19
K17719BAP0,20,CHF,2023-01-23
K092310000,20,CHF,2023-01-24
K092430000,20,CHF,2023-01-24
K01286ILV0,20,CHF,2023-02-13
K01286IMA0,20,CHF,2023-02-13
K035320000,20,CHF,2023-02-15
K17719BAY0,20,CHF,2023-02-24
K01286IMO0,20,CHF,2023-02-27
K01286IMP0,20,CHF,2023-02-27
K01286IMT0,20,CHF,2023-02-27
K17719BBA0,20,CHF,2023-02-28
K04230AIC0,20,CHF,2023-03-01
K04230AIG0,20,CHF,2023-03-01
K04230AIH0,20,CHF,2023-03-01
K04230AII0,20,CHF,2023-03-01
K04230AIN0,20,CHF,2023-03-01
K042530000,90,CHF,2023-03-02
K01795BNJ0,20,EUR,2023-03-02
K01795BNM0,20,EUR,2023-03-02
K01795BNW0,20,EUR,2023-03-03
K01795BOP0,20,EUR,2023-03-06
K01286INH0,20,CHF,2023-03-21
K01286INI0,20,CHF,2023-03-21
K01286INM0,20,CHF,2023-03-21
K090750000,20,CHF,2023-03-27
K01286INT0,20,CHF,2023-04-03
K01795BPT0,20,EUR,2023-04-05
K01795BQT0,20,EUR,2023-04-05
K04230AIQ0,20,CHF,2023-04-06
K04230AJC0,20,CHF,2023-04-06
K04230AJH0,20,CHF,2023-04-06
K01286ATR0,20,CHF,2012-10-08
K01286AUE0,20,CHF,2012-10-08
K01286AUK0,90,CHF,2012-10-08
K01286AUQ0,20,CHF,2012-10-08
K01286AVA0,20,CHF,2012-10-08
K011090000,20,CHF,2006-07-24
K011100000,20,CHF,2008-12-09
K011110007,90,CHF,2008-01-07
K011110010,90,CHF,2006-07-27
K011110013,90,CHF,2006-07-27
K01111KA01,20,CHF,2013-01-07
K01111KI02,20,CHF,2013-01-07
K01111KN00,20,CHF,2013-01-07
K011310000,90,CHF,2012-04-13
K011400000,20,CHF,2006-07-24
K011530000,90,CHF,2013-06-25
K011620000,20,CHF,2006-07-24
K011660000,20,CHF,2008-06-10
K011800000,10,CHF,2008-04-02
K011810000,90,CHF,2009-03-03
K011940000,90,CHF,2008-04-30
K011950000,10,CHF,2012-12-05
K011990000,10,CHF,2009-09-22
K012010000,10,CHF,2012-03-02
K012100000,20,CHF,2006-07-24
K012140000,90,CHF,2006-07-24
K012300000,90,CHF,2006-07-24
K012410000,20,CHF,2009-07-10
K01286BUK0,20,CHF,2013-10-25
K01286BUX0,20,CHF,2013-10-28
K01286BVT0,20,CHF,2013-11-20
K01286BVU0,20,CHF,2013-11-20
K01286BWB0,20,CHF,2013-11-20
K01286BWF0,20,CHF,2013-11-20
K01286BWY0,20,CHF,2013-12-03
K01286BWZ0,20,CHF,2013-12-03
K01286BXC0,20,CHF,2013-12-03
K01286BXN0,20,CHF,2013-12-16
K01286BXS0,20,CHF,2013-12-16
K01286BXX0,90,CHF,2013-12-16
K01286BXY0,20,CHF,2013-12-18
K01286BYM0,20,CHF,2014-01-13
K01286BYO0,20,CHF,2014-01-13
K01286BYY0,90,CHF,2014-01-20
K01286BZA0,20,CHF,2014-01-22
K01286BZL0,20,CHF,2014-02-03
K01286BZV0,20,CHF,2014-02-13
K01286BZW0,20,CHF,2014-02-17
K01286CAY0,90,CHF,2014-03-14
K01286CBE0,90,CHF,2014-03-21
K01286CBG0,90,CHF,2014-03-21
K01286CBW0,20,CHF,2014-04-01
K01286CCL0,20,CHF,2014-04-10
K01286CCM0,90,CHF,2014-04-10
K01286CCV0,20,CHF,2014-04-17
K01286CCW0,20,CHF,2014-04-24
K01286CDA0,20,CHF,2014-05-05
K01286CDN0,90,CHF,2014-05-20
K01286AVN0,20,CHF,2012-10-08
K01286AVV0,20,CHF,2012-10-08
K01286AVW0,20,CHF,2012-10-08
K01286AWC0,20,CHF,2012-10-08
K01286AWG0,20,CHF,2012-10-08
K01286AWL0,20,CHF,2012-10-08
K01286AXB0,20,CHF,2012-10-08
K01286AXF0,20,CHF,2012-10-08
K01286AYJ0,20,CHF,2012-10-08
K01286AYL0,20,CHF,2012-10-08
K01286AYS0,20,CHF,2012-10-08
K01286AYW0,20,CHF,2012-10-08
K01286AYX0,20,CHF,2012-10-08
K01286AZA0,20,CHF,2012-10-08
K01286AZJ0,20,CHF,2012-10-08
K01286AZM0,20,CHF,2012-10-08
K01286AZP0,20,CHF,2012-10-08
K01286BAL0,90,CHF,2012-10-08
K01286BAS0,20,CHF,2012-10-08
K01286BAZ0,20,CHF,2012-10-08
K01286CDT0,20,CHF,2014-05-20
K17719BBR0,20,CHF,2023-04-06
K04370ANF0,20,CHF,2023-05-08
K01286IPG0,20,CHF,2023-05-09
K04370ANG0,20,CHF,2023-05-09
K11285BEY0,20,CHF,2023-05-10
K01286IPH0,20,CHF,2023-05-10
K01286IPL0,20,CHF,2023-05-10
K02151BBA0,20,CHF,2023-05-10
K13600AAO0,20,CHF,2023-05-15
K11285BEA0,20,CHF,2023-02-08
K11285BEB0,20,CHF,2023-02-08
K11285BEF0,20,CHF,2023-02-08
K04611XXXX,20,CHF,2023-02-10
K054740000,20,CHF,2023-02-10
K01286ILQ0,20,CHF,2023-02-13
K01795BPG0,20,EUR,2023-03-06
K01286IOM0,20,CHF,2023-04-18
K01286IOZ0,20,CHF,2023-05-02
K01286IPE0,20,CHF,2023-05-02
K01286IPF0,20,CHF,2023-05-02
K01795BRW0,20,EUR,2023-05-02
K01795BSB0,20,EUR,2023-05-03
K01795BSF0,20,EUR,2023-05-03
K01795BSL0,20,EUR,2023-05-03
K01795BSM0,20,EUR,2023-05-03
K01795BSQ0,20,EUR,2023-05-03
K01795BSZ0,20,EUR,2023-05-03
K01795BTD0,20,EUR,2023-05-03
K023920000,20,CHF,2023-06-16
K17719BCR0,20,CHF,2023-06-21
K023980000,20,CHF,2023-06-23
K055590000,20,CHF,2023-06-23
K01286IRB0,20,CHF,2023-06-27
K01286IQW0,20,CHF,2023-06-27
K070370000,20,CHF,2023-05-22
K023880000,10,CHF,2023-05-25
K04230AJM0,20,CHF,2023-05-30
K04230AKF0,20,CHF,2023-06-02
K04230AKJ0,20,CHF,2023-06-02
K04230AKR0,20,CHF,2023-06-02
K01286CEA0,20,CHF,2014-05-21
K01286CEP0,20,CHF,2014-06-05
K01286CEZ0,90,CHF,2014-06-10
K01286CFD0,20,CHF,2014-06-18
K01286CFK0,20,CHF,2014-06-26
K01286CFP0,20,CHF,2014-06-30
K01286CFR0,20,CHF,2014-07-02
K01286CFS0,20,CHF,2014-07-10
K01286CFT0,20,CHF,2014-07-14
K01286CFU0,20,CHF,2014-07-14
K01286CFV0,20,CHF,2014-07-14
K01286CFX0,20,CHF,2014-07-14
K01286CGC0,20,CHF,2014-07-22
K01286CHM0,90,CHF,2014-09-09
K01286CHQ0,90,CHF,2014-09-09
K01286CHX0,20,CHF,2014-09-09
K01286CIK0,90,CHF,2014-09-09
K01286CIP0,90,CHF,2014-09-09
K01286CIT0,20,CHF,2014-09-16
K01286CIU0,20,CHF,2014-09-16
K01286CJU0,90,CHF,2014-09-17
K01286CJV0,90,CHF,2014-09-19
K01286CJW0,20,CHF,2014-09-22
K01286BBY0,20,CHF,2012-10-23
K01286BCK0,90,CHF,2012-10-29
K01286BCL0,20,CHF,2012-10-29
K01286BCM0,90,CHF,2012-10-29
K01286BCQ0,20,CHF,2012-10-29
K01286BCT0,20,CHF,2012-10-29
K01286BCU0,90,CHF,2012-10-29
K01286BDC0,90,CHF,2012-10-29
K01286BDJ0,20,CHF,2012-11-08
K01286BDN0,20,CHF,2012-11-12
K01286BDO0,20,CHF,2012-11-12
K01286BDP0,90,CHF,2012-11-12
K01286BDQ0,90,CHF,2012-11-12
K01286BDS0,20,CHF,2012-11-12
K01286BDT0,20,CHF,2012-11-12
K01286BDX0,20,CHF,2012-11-12
K01286IQE0,20,CHF,2023-06-05
K01795BTI0,20,EUR,2023-06-05
K01795BTK0,20,EUR,2023-06-05
K01795BTT0,20,EUR,2023-06-05
K01795BUC0,20,EUR,2023-06-05
K01795BUO0,20,EUR,2023-06-05
K01795BUV0,20,EUR,2023-06-06
K053170000,20,CHF,2023-06-06
K02503ADI0,20,CHF,2023-06-06
K034580000,20,CHF,2023-07-13
K01286ISE0,20,CHF,2023-07-14
K01286IRD0,20,CHF,2023-06-27
K01286IRK0,20,CHF,2023-06-27
K02384AAA0,20,CHF,2023-06-27
K17719BCT0,20,CHF,2023-06-28
K13600ABF0,20,CHF,2023-07-03
K01286IRY0,20,CHF,2023-07-03
K01286IRZ0,20,CHF,2023-07-03
K04230ALC0,20,CHF,2023-07-04
K042750000,20,CHF,2023-07-04
K04230ALI0,20,CHF,2023-07-04
K01795BVB0,20,EUR,2023-07-04
K01795BVE0,20,EUR,2023-07-04
K01795BVL0,20,EUR,2023-07-05
K01795BVN0,20,EUR,2023-07-05
K01795BVO0,20,EUR,2023-07-05
K01795BVP0,20,EUR,2023-07-05
K01795BVR0,20,EUR,2023-07-05
K01795BVU0,20,EUR,2023-07-05
K01795BWV0,20,EUR,2023-07-05
K01286ISS0,20,CHF,2023-07-24
K01286ISV0,20,CHF,2023-07-24
K04611AAI0,20,CHF,2023-07-26
K04611AAJ0,20,CHF,2023-07-26
K04611AAV0,20,CHF,2023-07-27
K01286ISI0,20,CHF,2023-07-14
K02151BBB0,20,CHF,2023-07-14
K02151BBH0,20,CHF,2023-07-14
K049110000,20,CHF,2023-07-19
K01286ISL0,20,CHF,2023-07-24
K01286BDY0,20,CHF,2012-11-12
K01286BED0,20,CHF,2012-11-15
K01286BEF0,20,CHF,2012-11-16
K01286BEI0,20,CHF,2012-11-26
K01286BEJ0,20,CHF,2012-11-26
K01286BEN0,20,CHF,2012-11-26
K01286BEW0,20,CHF,2012-12-04
K01286BFY0,20,CHF,2012-12-21
K01286BGA0,90,CHF,2012-12-21
K01286BGI0,20,CHF,2012-12-21
K01286BGM0,20,CHF,2013-01-04
K01286BGT0,90,CHF,2013-01-11
K01286BHQ0,90,CHF,2013-01-25
K01286BIF0,90,CHF,2013-02-12
K01286BIY0,20,CHF,2013-02-19
K01286BJA0,20,CHF,2013-02-19
K01286BJB0,20,CHF,2013-02-19
K01286BJC0,90,CHF,2013-02-19
K01286BJJ0,20,CHF,2013-02-22
K01286BJK0,20,CHF,2013-02-22
K01286BJL0,20,CHF,2013-02-22
K01286BJT0,20,CHF,2013-02-22
K01286BJV0,20,CHF,2013-02-25
K01286BKR0,90,CHF,2013-03-25
K01286BLP0,20,CHF,2013-04-02
K01286BLQ0,90,CHF,2013-04-02
K01286BMR0,20,CHF,2013-05-13
K01286BMX0,20,CHF,2013-05-13
K01286BNA0,20,CHF,2013-05-13
K01286BNM0,90,CHF,2013-05-14
K01286BNW0,20,CHF,2013-05-22
K01286BNX0,20,CHF,2013-05-22
K01286BOR0,20,CHF,2013-06-20
K01286BOX0,20,CHF,2013-06-20
K01286BPB0,20,CHF,2013-07-03
K01286BPD0,20,CHF,2013-07-03
K01286BPM0,20,CHF,2013-07-03
K01286BQJ0,20,CHF,2013-07-18
K01286BQL0,20,CHF,2013-07-18
K01286ISO0,20,CHF,2023-07-24
K124370000,20,CHF,2023-08-14
K01286ITO0,20,CHF,2023-08-16
K124420000,20,CHF,2023-08-21
K124430000,10,CHF,2023-08-22
K01286ITP0,20,CHF,2023-08-28
K01286ITT0,20,CHF,2023-08-28
K01286IUJ0,20,CHF,2023-08-28
K01286IUL0,20,CHF,2023-08-28
K01286IUO0,20,CHF,2023-08-28
K17719BDB0,20,CHF,2023-08-30
K13600ABK0,20,CHF,2023-09-01
K04230AMH0,20,CHF,2023-09-01
K04230AMG0,20,CHF,2023-09-01
K04230AML0,20,CHF,2023-09-01
K04230AMR0,20,CHF,2023-09-01
K04230AMU0,20,CHF,2023-09-01
K04230AMV0,20,CHF,2023-09-01
K01795BYT0,20,EUR,2023-09-04
K01795BZE0,20,EUR,2023-09-04
K04611AAW0,20,CHF,2023-07-27
K11285BFF0,20,CHF,2023-07-31
K01795BYI0,20,EUR,2023-08-02
K01286ITM0,20,CHF,2023-08-08
K11285BFP0,20,CHF,2023-09-06
K04611ABW0,20,CHF,2023-09-07
K04611YYYY,20,CHF,2023-09-07
K02151BBJ0,20,CHF,2023-09-08
K01286IVI0,20,CHF,2023-09-18
K051860000,10,CHF,2023-09-22
K037830000,20,CHF,2023-09-26
K075980000,20,CHF,2023-09-27
K17719BDK0,20,CHF,2023-09-28
K01286IVS0,20,CHF,2023-10-02
K01795BZK0,20,EUR,2023-09-04
K01795CAD0,20,EUR,2023-09-05
K01795CAJ0,20,EUR,2023-09-05
K038860000,20,CHF,2023-10-19
K01286IWX0,20,CHF,2023-10-23
K01286IWZ0,20,CHF,2023-10-25
K01286BQN0,20,CHF,2013-07-18
K01286BQP0,20,CHF,2013-07-22
K01286BQX0,20,CHF,2013-07-23
K01286BRQ0,90,CHF,2013-08-06
K01286BRX0,90,CHF,2013-08-15
K01286BSK0,20,CHF,2013-09-16
K01286BST0,20,CHF,2013-09-26
K01286BTE0,20,CHF,2013-10-17
K01286BTV0,20,CHF,2013-10-23
K01286BTX0,20,CHF,2013-10-23
K01286BUE0,20,CHF,2013-10-23
K01286CKK0,20,CHF,2014-09-29
K01286CLA0,20,CHF,2014-10-13
K01286CMS0,90,CHF,2014-11-25
K01286CMU0,20,CHF,2014-11-25
K01286CMV0,20,CHF,2014-11-25
K01286CNB0,20,CHF,2014-12-01
K01286CNC0,20,CHF,2014-12-01
K01286CNL0,20,CHF,2014-12-01
K01286CPJ0,20,CHF,2015-01-20
K01286CPU0,20,CHF,2015-01-26
K01286CQJ0,20,CHF,2015-01-30
K01286CQP0,20,CHF,2015-02-09
K01286CQQ0,90,CHF,2015-02-09
K01286CQU0,20,CHF,2015-02-24
K01286CRB0,20,CHF,2015-02-25
K01286CRF0,20,CHF,2015-02-25
K01286CSL0,20,CHF,2015-04-07
K01286CSX0,20,CHF,2015-04-29
K01286CSY0,90,CHF,2015-05-04
K01286CTP0,20,CHF,2015-05-27
K01286CUD0,20,CHF,2015-06-19
K01286CUH0,90,CHF,2015-06-19
K01286CUJ0,90,CHF,2015-06-19
K01286CVC0,20,CHF,2015-07-07
K01286CVI0,90,CHF,2015-07-07
K01286CVQ0,20,CHF,2015-07-08
K01286CWL0,20,CHF,2015-07-29
K01286CWP0,20,CHF,2015-08-13
K01286IXL0,20,CHF,2023-10-25
K01286IXN0,20,CHF,2023-10-25
K01286IXP0,20,CHF,2023-10-25
K01286IXT0,20,CHF,2023-10-25
K01286IXU0,20,CHF,2023-10-25
K01286IYG0,20,CHF,2023-10-25
K17719BDN0,20,CHF,2023-10-25
K17719BDR0,20,CHF,2023-10-27
K13600ABM0,20,CHF,2023-10-30
K01286IYP0,20,CHF,2023-10-31
K01286IYX0,20,CHF,2023-11-01
K02151BBR0,20,CHF,2023-11-01
K038980000,20,CHF,2023-11-03
K027590000,20,CHF,2023-11-07
K06728AAB0,20,CHF,2023-10-02
K06728AAH0,20,CHF,2023-10-02
K06728AAJ0,20,CHF,2023-10-02
K06728AAY0,20,CHF,2023-10-02
K04230ANF0,20,CHF,2023-10-02
K04230ANP0,20,CHF,2023-10-02
K04230ANQ0,20,CHF,2023-10-02
K01795CAO0,20,EUR,2023-10-03
K01795CAV0,20,EUR,2023-10-03
K01795CAX0,20,EUR,2023-10-04
K01795CBR0,20,EUR,2023-10-04
K01795CBS0,20,EUR,2023-10-04
K01795CBU0,20,EUR,2023-10-04
K01795CBZ0,20,EUR,2023-10-04
K04611ACA0,20,CHF,2023-10-05
K038840000,20,CHF,2023-10-12
K11285BGA0,20,CHF,2023-10-16
K01286IWG0,20,CHF,2023-10-16
K01286IWM0,20,CHF,2023-10-17
K17719BDX0,20,CHF,2023-11-28
K17719BEE0,20,CHF,2023-11-29
K17719BEG0,20,CHF,2023-11-29
K02503ADS0,20,CHF,2023-11-30
K01286IZE0,20,CHF,2023-12-01
K04230ANY0,20,CHF,2023-12-01
K04230AOB0,20,CHF,2023-12-01
K01286CWQ0,20,CHF,2015-08-13
K01286CWY0,20,CHF,2015-08-20
K01286CXH0,20,CHF,2015-09-01
K01286CXT0,20,CHF,2015-09-08
K01286CYT0,20,CHF,2015-10-14
K01286CZM0,20,CHF,2015-11-04
K01286CZST,20,CHF,2015-11-16
K01286CZXT,20,CHF,2015-11-19
K01286DAB0,20,CHF,2015-11-30
K01286DAE0,20,CHF,2015-12-01
K01286DBI0,20,CHF,2016-01-25
K01286DBJ0,20,CHF,2016-01-25
K01286DBO0,20,CHF,2016-02-08
K01286DBP0,20,CHF,2016-02-08
K01286DBT0,20,CHF,2016-02-08
K01286DBU0,20,CHF,2016-02-08
K01286DCB0,20,CHF,2016-02-16
K01286DCQ0,20,CHF,2016-02-17
K01286DDI0,20,CHF,2016-03-07
K01286DDU0,20,CHF,2016-03-14
K01286DEB0,20,CHF,2016-03-22
K012880000,90,EUR,2010-11-08
K012930000,20,CHF,2006-07-24
K012950000,10,CHF,2006-07-24
K013180000,90,CHF,2012-09-18
K013220000,90,CHF,2010-08-11
K013240000,90,CHF,2011-06-22
K013400000,10,CHF,2014-08-13
K013430000,90,CHF,2012-03-16
K013440000,20,CHF,2006-07-24
K013510000,90,CHF,2006-07-24
K013560000,20,EUR,2007-10-26
K013580001,10,CHF,2014-09-22
K013590000,90,CHF,2007-05-04
K013600000,90,CHF,2007-11-27
K013620000,90,CHF,2006-07-24
K013690000,20,CHF,2008-03-27
K013740000,20,CHF,2008-05-22
K013910000,10,CHF,2006-07-24
K04230AOI0,20,CHF,2023-12-01
K04230AOK0,20,CHF,2023-12-01
K04230APC0,20,CHF,2023-12-01
K04230APD0,20,CHF,2023-12-01
K04230APF0,20,CHF,2023-12-01
K01286JAJ0,20,CHF,2023-12-04
K01795CCF0,20,EUR,2023-12-04
K01795CCM0,20,EUR,2023-12-04
K01795CDD0,20,EUR,2023-12-04
K01795CDF0,20,EUR,2023-12-04
K01795CDO0,20,EUR,2023-12-04
K01795CDQ0,20,EUR,2023-12-04
K01795CDY0,20,EUR,2023-12-05
K01795CEC0,20,EUR,2023-12-05
K01795CEF0,20,EUR,2023-12-05
K04611ACQ0,20,CHF,2023-12-06
K01286JAY0,20,CHF,2023-12-07
K01286JBB0,20,CHF,2023-12-07
K067790000,20,CHF,2023-12-07
K02503ADU0,20,CHF,2023-12-08
K02503ADW0,20,CHF,2023-12-08
K02151BBY0,20,CHF,2024-01-12
K01286JDH0,20,CHF,2024-01-12
K01286JDI0,20,CHF,2024-01-12
K01286JDK0,20,CHF,2024-01-12
K17719BEQ0,20,CHF,2024-01-15
K11285BGK0,20,CHF,2024-01-16
K11285BGL0,20,CHF,2024-01-16
K095990000,20,CHF,2024-01-16
K028630000,20,CHF,2024-01-19
K01286JDT0,20,CHF,2024-01-22
K178810000,20,CHF,2024-01-22
K17719BEU0,20,CHF,2024-01-25
K125370000,20,CHF,2024-01-30
K028780000,20,CHF,2024-02-02
K04230AQM0,20,CHF,2024-02-02
K04611ACW0,20,CHF,2024-02-02
K01795CGY0,20,EUR,2024-02-05
K01795CHA0,20,EUR,2024-02-05
K01795CHE0,20,EUR,2024-02-05
K039050000,20,CHF,2023-11-17
K042340000,20,CHF,2023-11-22
K042350000,10,CHF,2023-11-23
K061090000,20,CHF,2023-12-20
K01795CFX0,20,EUR,2024-01-03
K01795CFZ0,20,EUR,2024-01-03
K01795CGJ0,20,EUR,2024-01-03
K01795CGK0,20,EUR,2024-01-03
K04230APQ0,20,CHF,2024-01-05
K04230APR0,20,CHF,2024-01-05
K04230APW0,20,CHF,2024-01-05
K04230APZ0,20,CHF,2024-01-05
K01286JCL0,20,CHF,2024-01-08
K01286JCM0,20,CHF,2024-01-08
K01286JCS0,20,CHF,2024-01-08
K01286JCU0,20,CHF,2024-01-08
K01286JCV0,20,CHF,2024-01-08
K01286JDD0,20,CHF,2024-01-08
K01286JEF0,20,CHF,2024-02-14
K01286JEJ0,20,CHF,2024-02-14
K028790000,10,CHF,2024-02-16
K028800000,10,CHF,2024-02-16
K01286JEV0,20,CHF,2024-02-19
K01286JEX0,20,CHF,2024-02-19
K17719BFE0,20,CHF,2024-02-20
K01286JFM0,20,CHF,2024-02-23
K01286JFO0,20,CHF,2024-02-23
K04230AQS0,20,CHF,2024-02-23
K02151BCI0,20,CHF,2024-02-23
K11285BGN0,20,CHF,2024-02-23
K01286JGI0,20,CHF,2024-02-26
K17719BFH0,20,CHF,2024-02-27
K088560000,20,CHF,2024-02-28
K04230ARE0,20,CHF,2024-03-01
K04230ARK0,20,CHF,2024-03-01
K01286JGO0,20,CHF,2024-03-04
K01286JGY0,20,CHF,2024-03-04
K01795CIX0,20,EUR,2024-03-05
K01795CJB0,20,EUR,2024-03-05
K01795CJP0,20,EUR,2024-03-09
K013930000,20,CHF,2009-01-21
K013960000,20,CHF,2009-08-21
K01448AIK0,90,CHF,2008-10-24
K01448AIZ0,90,CHF,2008-10-24
K01448AJJ0,90,CHF,2008-10-24
K01448AJQ0,90,CHF,2008-10-24
K01448AJV0,90,CHF,2008-10-24
K01448AJW0,90,CHF,2008-10-24
K01448AJY0,90,CHF,2008-10-24
K01448AKD0,90,CHF,2008-10-24
K01448AKH0,90,CHF,2008-10-24
K01448AKK0,90,CHF,2008-10-24
K01448AKO0,90,CHF,2008-10-24
K01448AKP0,90,CHF,2008-10-24
K01448ALN0,90,CHF,2008-10-24
K01448ALY0,90,CHF,2008-10-24
K01448AMN0,90,CHF,2008-10-24
K01448AMO0,90,CHF,2008-10-24
K01448AMR0,90,CHF,2008-10-24
K01448AMX0,90,CHF,2008-10-24
K01448ANC0,90,CHF,2008-10-24
K01448AND0,90,CHF,2008-10-24
K01448ANF0,90,CHF,2008-10-24
K01448ANI0,90,CHF,2008-10-24
K01448ANO0,90,CHF,2008-10-24
K01448ANX0,90,CHF,2008-10-24
K01448AOB0,90,CHF,2008-10-24
K014030000,20,CHF,2012-01-25
K014180000,90,CHF,2011-07-26
K014220000,20,CHF,2012-11-14
K014250000,90,CHF,2006-07-24
K014290000,90,CHF,2008-03-03
K014310000,10,CHF,2006-07-24
K014350000,10,CHF,2006-07-24
K01448AAAA,90,CHF,2008-04-22
K01448ACK0,90,CHF,2008-10-24
K01448ADO0,90,CHF,2008-10-24
K01448ADP0,90,CHF,2008-10-24
K01448ADU0,90,CHF,2008-10-24
K01448ADV0,90,CHF,2008-10-24
K01448ADW0,90,CHF,2008-10-24
K01448ADY0,90,CHF,2008-10-24
K01448AOU0,90,CHF,2008-10-24
K01448APG0,90,CHF,2008-10-24
K01448APH0,90,CHF,2008-10-24
K01448APJ0,90,CHF,2008-10-24
K01448APK0,90,CHF,2008-10-24
K01448APM0,90,CHF,2008-10-24
K01448APQ0,90,CHF,2008-10-24
K01448APT0,90,CHF,2008-10-24
K01448APZ0,90,CHF,2008-10-24
K01448AQP0,90,CHF,2008-10-24
K01448AQU0,90,CHF,2008-10-24
K01448AQW0,90,CHF,2008-10-24
K01448ARY0,90,CHF,2008-10-24
K01448ARZ0,90,CHF,2008-10-24
K01448ASQ0,90,CHF,2008-10-24
K01448ASW0,90,CHF,2008-10-24
K01448ATK0,90,CHF,2008-10-24
K01448ATU0,90,CHF,2008-10-24
K01448AUH0,90,CHF,2008-10-24
K01448AUN0,90,CHF,2008-10-24
K01448AUO0,90,CHF,2008-10-24
K01448AUX0,90,CHF,2008-10-24
K01448AUY0,90,CHF,2008-10-24
K01448AVK0,90,CHF,2008-10-24
K01448AVL0,90,CHF,2008-10-24
K01448AWC0,90,CHF,2008-10-24
K01448AWE0,90,CHF,2008-10-24
K01448AWO0,90,CHF,2008-10-24
K01448AWR0,90,CHF,2008-10-24
K01448AWW0,90,CHF,2008-10-24
K01448AXF0,90,CHF,2008-10-24
K01448AXR0,90,CHF,2008-10-24
K01448AXT0,90,CHF,2008-10-24
K01448AYJ0,90,CHF,2008-10-24
K01448AYN0,90,CHF,2008-10-24
K01448AYS0,90,CHF,2008-10-24
K01448AYV0,90,CHF,2008-10-24
K01448AYY0,90,CHF,2008-10-24
K01795CJQ0,20,EUR,2024-03-09
K01795CJR0,20,EUR,2024-03-09
K01795CHF0,20,EUR,2024-02-05
K01795CHG0,20,EUR,2024-02-05
K01795CHP0,20,EUR,2024-02-05
K01795CHQ0,20,EUR,2024-02-05
K01795CIH0,20,EUR,2024-02-05
K17719BEY0,20,CHF,2024-02-12
K02151BCG0,20,CHF,2024-02-12
K086530000,20,CHF,2024-02-14
K04230ARX0,20,CHF,2024-04-05
K04230ARY0,20,CHF,2024-04-05
K04230ARZ0,20,CHF,2024-04-05
K04230ASB0,20,CHF,2024-04-05
K04230ASD0,20,CHF,2024-04-05
K04611ADO0,20,CHF,2024-04-05
K01795CKE0,20,EUR,2024-04-06
K01795CKV0,20,EUR,2024-04-06
K01795CLE0,20,EUR,2024-04-06
K01795CLG0,20,EUR,2024-04-06
K062440000,90,CHF,2006-07-24
K062460000,10,CHF,2006-07-24
K063100000,90,CHF,2007-11-29
K063350000,20,CHF,2006-07-24
K063380000,20,CHF,2006-07-24
K063460000,10,CHF,2014-06-19
K063560000,20,CHF,2006-07-24
K063830000,20,CHF,2014-10-10
K063880000,20,CHF,2006-11-22
K064260000,90,CHF,2006-07-24
K064510000,20,CHF,2006-07-24
K064560000,20,CHF,2006-07-24
K064610000,90,CHF,2015-03-09
K065100000,20,CHF,2006-07-24
K065110000,20,CHF,2006-07-24
K065120000,90,CHF,2006-10-12
K052630000,90,CHF,2006-07-24
K052670000,20,CHF,2013-05-23
K052760000,10,CHF,2009-07-14
K052900000,90,CHF,2006-07-24
K01448AZF0,90,CHF,2008-10-24
K01448AZK0,90,CHF,2008-10-24
K01448AZV0,90,CHF,2008-10-24
K01448BAE0,90,CHF,2008-10-24
K01448BAF0,90,CHF,2008-10-24
K01448BBG0,90,CHF,2008-10-24
K01448BBK0,90,CHF,2008-10-24
K01448BBL0,90,CHF,2008-10-24
K01448BBW0,90,CHF,2008-10-24
K01448BBX0,90,CHF,2008-10-24
K01448BBY0,90,CHF,2008-10-24
K01448BCC0,90,CHF,2008-10-24
K01448BCD0,90,CHF,2008-10-24
K01448BCJ0,90,CHF,2008-10-24
K01448BCK0,90,CHF,2008-10-24
K01448BCW0,90,CHF,2008-10-24
K01448BDA0,90,CHF,2008-10-24
K01448BDC0,90,CHF,2008-10-24
K01448BDM0,90,CHF,2008-10-24
K01448BDN0,90,CHF,2008-10-24
K01448BDO0,90,CHF,2008-10-24
K01448BDR0,90,CHF,2008-10-24
K01448BDY0,90,CHF,2008-10-24
K01448BEA0,90,CHF,2008-10-24
K01448BFB0,90,CHF,2008-10-24
K01448BGO0,90,CHF,2008-10-24
K01448BGZ0,90,CHF,2008-10-24
K01448BHI0,90,CHF,2008-10-24
K01448AEI0,90,CHF,2008-10-24
K01448AEQ0,90,CHF,2008-10-24
K01448AEX0,90,CHF,2008-10-24
K01448AGS0,90,CHF,2008-10-24
K01448CFP0,90,CHF,2009-12-10
K01448CFR0,90,CHF,2009-12-17
K01448CGE0,90,CHF,2010-02-09
K01448CGN0,90,CHF,2010-02-09
K01448CGO0,90,CHF,2010-02-09
K01448CHL0,90,CHF,2010-04-23
K01448CIG0,90,CHF,2010-04-23
K052910000,20,CHF,2007-10-16
K053280000,20,CHF,2008-07-29
K053350000,10,CHF,2006-07-24
K053410000,90,CHF,2008-06-05
K053480001,90,CHF,2006-08-29
K053500000,90,CHF,2006-11-24
K053560000,10,CHF,2006-07-24
K053600000,20,CHF,2012-09-12
K053680000,10,CHF,2006-07-24
K053900000,90,CHF,2007-04-24
K054390000,90,CHF,2006-10-09
K054420000,20,CHF,2008-10-22
K054500000,90,CHF,2006-07-24
K054650000,20,CHF,2006-07-24
K055070001,20,CHF,2009-06-22
K055210000,90,CHF,2013-03-18
K055320000,90,CHF,2006-07-24
K055350000,90,CHF,2008-05-29
K065130000,90,CHF,2007-04-24
K065270000,90,CHF,2006-07-24
K065470000,90,CHF,2006-07-24
K065500000,20,CHF,2006-07-24
K065670000,90,CHF,2006-08-01
K066360000,90,CHF,2006-07-24
K066380000,20,CHF,2006-07-24
K066400000,10,CHF,2008-07-08
K066440000,90,CHF,2010-04-30
K066480000,90,CHF,2008-02-26
K066820000,20,CHF,2006-07-24
K066870000,20,CHF,2014-06-16
K067040000,90,CHF,2006-07-24
K067160000,20,CHF,2009-11-25
K006250000,20,CHF,2009-06-12
K006300000,20,CHF,2009-06-12
K006650000,90,CHF,2009-06-12
K006660000,90,CHF,2009-06-12
K006760000,90,CHF,2009-06-12
K006780000,90,CHF,2009-06-12
K006810000,20,CHF,2009-06-12
K01448CII0,90,CHF,2010-04-23
K01448CIP0,90,CHF,2010-05-18
K01448CJF0,90,CHF,2010-05-26
K01448CJP0,90,CHF,2010-05-26
K01448CJW0,90,CHF,2010-05-26
K01448CJZ0,90,CHF,2010-05-26
K01448CKE0,90,CHF,2010-05-26
K01448CKF0,90,CHF,2010-05-26
K01448CKK0,90,CHF,2010-05-26
K01448CKR0,90,CHF,2010-05-31
K01448CKV0,90,CHF,2010-06-04
K01448CLN0,90,CHF,2010-07-02
K01448CME0,90,CHF,2010-08-19
K01448CMF0,90,CHF,2010-08-19
K01448CMJ0,90,CHF,2010-08-19
K01448CMK0,90,CHF,2010-08-19
K01448CMY0,90,CHF,2010-09-06
K01448CMZ0,90,CHF,2010-09-06
K01448CNG0,90,CHF,2010-09-20
K01448CNH0,90,CHF,2010-09-20
K01448CNK0,90,CHF,2010-09-27
K01448CNR0,90,CHF,2010-09-27
K01448COG0,90,CHF,2010-10-26
K01448CPI0,90,CHF,2010-11-18
K01448CQB0,90,CHF,2010-12-14
K01448CQL0,20,CHF,2011-04-01
K01448CQP0,90,CHF,2011-04-12
K01448CRE0,90,CHF,2011-05-18
K01448CRY0,90,CHF,2011-05-18
K01448CSM0,90,CHF,2011-05-18
K01448CSP0,90,CHF,2011-05-18
K01448CSW0,90,CHF,2011-05-18
K01448CTA0,90,CHF,2011-05-18
K01448CTC0,90,CHF,2011-05-18
K01448CTI0,90,CHF,2011-05-18
K01448CTL0,90,CHF,2011-05-18
K01448CTV0,90,CHF,2011-05-18
K01448CUD0,90,CHF,2011-05-18
K01448CVD0,90,CHF,2011-06-20
K006840000,90,CHF,2009-06-12
K006950000,20,CHF,2009-06-12
K006960000,10,CHF,2009-06-12
K007110000,90,CHF,2009-06-12
K007190000,20,CHF,2009-06-12
K007480000,90,CHF,2009-06-12
K007570000,90,CHF,2009-06-12
K007620000,90,CHF,2009-06-12
K007630000,90,CHF,2009-06-12
K007650000,90,CHF,2009-06-12
K007740000,90,CHF,2009-06-12
K007940000,90,CHF,2009-06-12
K000470000,10,CHF,2006-07-24
K001010000,20,CHF,2006-07-24
K001060000,90,CHF,2011-03-03
K001080001,20,CHF,2015-10-27
K005590000,90,CHF,2012-02-21
K006030000,10,CHF,2009-06-12
K006160000,90,CHF,2009-06-12
K012480000,90,CHF,2014-02-06
K012590000,90,CHF,2013-04-23
K012670000,90,CHF,2013-06-13
K012800000,90,CHF,2006-07-24
K012820000,20,CHF,2006-07-24
K012850000,20,CHF,2006-07-24
K01286AAA0,90,CHF,2008-08-11
K01286ABB0,90,CHF,2010-04-26
K01286ABN0,90,CHF,2010-04-26
K01286ABR0,20,CHF,2010-04-26
K01286ABS0,20,CHF,2010-04-26
K01286ABT0,20,CHF,2010-04-26
K01286ABY0,20,CHF,2010-04-26
K01286ACJ0,20,CHF,2010-04-26
K01286ACS0,20,CHF,2010-04-26
K01286ACX0,90,CHF,2010-04-26
K01286ADJ0,20,CHF,2010-05-31
K01286ADN0,20,CHF,2010-10-26
K01286ADO0,20,CHF,2011-02-15
K01286ADV0,20,CHF,2011-05-04
K01448CVF0,90,CHF,2011-06-20
K01448CVQ0,90,CHF,2011-06-20
K01448CVT0,90,CHF,2011-06-20
K01448BHS0,90,CHF,2008-10-24
K01448BHT0,90,CHF,2008-10-24
K01448BHU0,90,CHF,2008-10-24
K01448BHZ0,90,CHF,2008-10-24
K01448BIA0,90,CHF,2008-10-24
K01448BIF0,90,CHF,2008-10-24
K01448BII0,90,CHF,2008-10-24
K01448BJA0,90,CHF,2008-10-24
K01448BJG0,90,CHF,2008-10-24
K01448BJI0,90,CHF,2008-10-24
K01448BJK0,90,CHF,2008-10-24
K01448BJL0,90,CHF,2008-10-24
K01448BJP0,90,CHF,2008-10-24
K01448BKC0,90,CHF,2008-10-24
K01448BKI0,90,CHF,2008-10-24
K01448BKM0,90,CHF,2008-10-24
K01448BLB0,90,CHF,2008-10-24
K01448BLG0,90,CHF,2008-10-24
K01448BLJ0,90,CHF,2008-10-24
K01448BLN0,90,CHF,2008-10-24
K01448BLS0,90,CHF,2008-10-24
K01448BMV0,90,CHF,2008-10-24
K01448BNB0,90,CHF,2008-10-24
K01448CWF0,90,CHF,2011-06-21
K01448CWH0,90,CHF,2011-06-21
K01448CYE0,90,CHF,2011-07-01
K01448CYI0,90,CHF,2011-07-01
K01448CYS0,90,CHF,2011-07-01
K01448CYZ0,90,CHF,2011-08-08
K01448CZF0,90,CHF,2011-08-08
K01448CZM0,90,CHF,2011-08-08
K01448DAD0,90,CHF,2012-03-19
K01448DAE0,90,CHF,2011-09-12
K01448DAH0,90,CHF,2012-03-19
K01448DAM0,90,CHF,2012-03-19
K01448DAP0,90,CHF,2011-09-12
K01448DBA0,90,CHF,2012-03-19
K01286AEE0,20,CHF,2011-12-15
K01286AEM0,20,CHF,2012-07-30
K01286AEQ0,20,CHF,2012-07-30
K01286AER0,20,CHF,2012-07-30
K01286AEW0,20,CHF,2012-07-30
K01286AFH0,20,CHF,2012-07-31
K01286AFW0,20,CHF,2012-08-07
K01286AGC0,90,CHF,2012-08-07
K01286AGD0,20,CHF,2012-08-07
K01286AGF0,20,CHF,2012-08-07
K01286AGK0,20,CHF,2012-08-07
K01286AGL0,90,CHF,2012-08-07
K01286AHB0,20,CHF,2012-08-07
K01286AHE0,90,CHF,2012-08-07
K01286AHL0,90,CHF,2012-08-07
K01286AHU0,20,CHF,2012-08-07
K008040000,20,CHF,2009-06-12
K008110000,20,CHF,2009-06-12
K008240000,10,CHF,2009-06-12
K008300000,90,CHF,2009-06-12
K008330000,20,CHF,2009-06-12
K008510000,90,CHF,2009-06-12
K008590000,20,CHF,2009-06-12
K008770000,90,CHF,2009-09-28
K008830000,20,CHF,2009-06-12
K008960000,20,CHF,2009-06-12
K009000000,20,CHF,2009-06-12
K009100000,20,CHF,2009-06-12
K009120000,20,CHF,2009-06-12
K009150000,20,CHF,2009-06-12
K009290000,20,CHF,2009-06-12
K01286AIF0,20,CHF,2012-08-07
K01286AIG0,20,CHF,2012-08-07
K01286AIP0,20,CHF,2012-08-27
K01286AJP0,20,CHF,2012-08-27
K01286AJQ0,20,CHF,2012-08-27
K01286AKK0,20,CHF,2012-08-27
K01286ALO0,20,CHF,2012-08-27
K01286AMD0,20,CHF,2012-08-27
K01286AMJ0,20,CHF,2012-08-27
K01448DBO0,90,CHF,2011-11-23
K01448DBZ0,90,CHF,2011-11-23
K01448DCK0,90,CHF,2011-11-23
K01448DCO0,90,CHF,2011-11-23
K01448DCP0,90,CHF,2011-11-23
K01448DCT0,90,CHF,2011-11-23
K01448BNX0,90,CHF,2008-10-24
K01448BOB0,90,CHF,2008-10-24
K01448BOF0,90,CHF,2008-10-24
K01448BPB0,90,CHF,2008-10-24
K01448BPH0,90,CHF,2008-10-24
K01448BPI0,90,CHF,2008-10-24
K01448BPK0,90,CHF,2008-10-24
K01448BPV0,90,CHF,2008-10-24
K01448BQF0,90,CHF,2008-10-24
K01448BQK0,90,CHF,2008-10-24
K01448BQL0,90,CHF,2008-10-24
K01448BQO0,90,CHF,2008-10-24
K01448BQU0,90,CHF,2008-10-24
K01448BQZ0,90,CHF,2008-10-24
K01448BRO0,90,CHF,2008-10-24
K01448BSC0,90,CHF,2008-10-24
K01448BSD0,90,CHF,2008-10-24
K01448BSE0,90,CHF,2008-10-24
K01448BSN0,90,CHF,2008-10-24
K01448BST0,90,CHF,2008-10-24
K01448BSY0,90,CHF,2008-10-24
K01448BTG0,90,CHF,2008-10-24
K01448BTI0,90,CHF,2008-10-24
K01448BTR0,90,CHF,2008-10-24
K01448BTS0,90,CHF,2008-10-24
K01448BUI0,90,CHF,2008-10-24
K01448BUM0,90,CHF,2008-10-31
K01448BUP0,90,CHF,2008-10-31
K01448BVI0,90,CHF,2008-10-31
K01448BVS0,90,CHF,2008-12-01
K01448BVT0,90,CHF,2008-12-01
K01448BVU0,90,CHF,2008-12-01
K01448BVW0,90,CHF,2008-12-01
K01448BWQ0,90,CHF,2009-01-19
K01286AMR0,90,CHF,2012-08-27
K01286AMT0,20,CHF,2012-08-27
K01286AMU0,20,CHF,2012-08-27
K01286AMV0,20,CHF,2012-08-27
K01286AMY0,90,CHF,2012-08-27
K01286ANB0,20,CHF,2012-08-27
K01286ANE0,20,CHF,2012-08-27
K01286ANN0,20,CHF,2012-08-27
K01286ANO0,90,CHF,2012-08-27
K01286ANS0,20,CHF,2012-08-27
K01286ANU0,20,CHF,2012-08-27
K009480000,20,CHF,2009-06-12
K009490000,90,CHF,2009-06-12
K009520000,90,CHF,2009-06-12
K009530000,90,CHF,2009-06-12
K009610000,20,CHF,2009-06-12
K009640000,20,CHF,2009-09-09
K009790000,20,CHF,2010-06-07
K009800000,90,CHF,2010-06-10
K009810000,90,CHF,2010-06-22
K010140000,20,CHF,2010-04-22
K010170000,20,EUR,2006-07-24
K010200000,20,CHF,2011-08-08
K010290000,20,CHF,2012-03-12
K010570000,20,CHF,2012-02-22
K010900000,90,CHF,2006-07-24
K01286AOB0,90,CHF,2012-08-27
K01286AOS0,20,CHF,2012-08-27
K01286AOT0,20,CHF,2012-08-27
K01286AOX0,20,CHF,2012-08-27
K01286AOZ0,20,CHF,2012-08-27
K01286APE0,20,CHF,2012-08-27
K01286AQN0,90,CHF,2012-10-08
K01286AQO0,20,CHF,2012-10-08
K01286AQP0,90,CHF,2012-10-08
K01286AQQ0,20,CHF,2012-10-08
K01286AQS0,90,CHF,2012-10-08
K01286ARF0,20,CHF,2012-10-08
K01286ASB0,20,CHF,2012-10-08
K01286ASE0,20,CHF,2012-10-08
K01286ASH0,90,CHF,2012-10-08
K01286ASQ0,20,CHF,2012-10-08
K01286ASX0,20,CHF,2012-10-08
K01286ATD0,20,CHF,2012-10-08
K01286ATE0,20,CHF,2012-10-08
K01286ATS0,90,CHF,2012-10-08
K01286AUB0,20,CHF,2012-10-08
K010960000,20,CHF,2006-07-24
K011010000,90,CHF,2006-07-24
K011110004,90,CHF,2006-07-27
K011110015,90,CHF,2007-05-30
K01111KA00,20,CHF,2013-01-07
K01111KB01,20,CHF,2013-01-07
K01111KB05,20,CHF,2013-01-07
K01111KC03,20,CHF,2013-01-07
K01111KH02,20,CHF,2015-05-22
K01111KI04,20,CHF,2013-01-07
K011120000,90,CHF,2009-03-17
K011170000,20,EUR,2012-05-02
K011440000,90,CHF,2006-07-24
K011480000,90,CHF,2013-02-25
K011520000,20,CHF,2006-07-24
K011610000,90,CHF,2006-07-24
K011640000,20,CHF,2008-08-27
K011710000,10,CHF,2012-04-19
K011760000,20,CHF,2013-10-23
K011830000,20,CHF,2007-06-26
K01286AUN0,20,CHF,2012-10-08
K01286AUT0,20,CHF,2012-10-08
K01286AVH0,20,CHF,2012-10-08
K01286AVM0,20,CHF,2012-10-08
K01286AVS0,20,CHF,2012-10-08
K01286AVT0,20,CHF,2012-10-08
K01286AVY0,20,CHF,2012-10-08
K01286AWB0,20,CHF,2012-10-08
K01286AWK0,20,CHF,2012-10-08
K01286AWP0,20,CHF,2012-10-08
K01286AWW0,20,CHF,2012-10-08
K01286AXE0,20,CHF,2012-10-08
K01286AYG0,20,CHF,2012-10-08
K01448BWV0,90,CHF,2009-01-19
K01448BWZ0,90,CHF,2009-01-19
K01448BXC0,90,CHF,2009-01-21
K01448BXE0,90,CHF,2009-01-26
K01448BXL0,90,CHF,2009-03-17
K01448BXQ0,90,CHF,2009-03-17
K01448BYJ0,90,CHF,2009-03-17
K01448BYM0,90,CHF,2009-03-18
K01448BYR0,90,CHF,2009-04-02
K01448BZA0,90,CHF,2009-04-27
K01448BZB0,90,CHF,2009-04-27
K01448BZD0,90,CHF,2009-04-27
K01448BZF0,90,CHF,2009-04-27
K01448CAC0,90,CHF,2009-05-05
K01448CAD0,90,CHF,2009-05-07
K01448CAH0,90,CHF,2009-05-25
K01448CAJ0,90,CHF,2009-05-25
K01448CAR0,90,CHF,2009-05-25
K01448CBJ0,90,CHF,2009-08-13
K01448CBR0,90,CHF,2009-08-13
K01448CBV0,90,CHF,2009-08-13
K01448CCB0,90,CHF,2009-08-13
K01448CCH0,90,CHF,2009-08-13
K01448CCO0,90,CHF,2009-08-13
K01448CCS0,90,CHF,2009-08-13
K01448CDC0,90,CHF,2009-09-15
K01448CDD0,90,CHF,2009-09-15
K01448CDM0,90,CHF,2009-09-15
K01448CEL0,90,CHF,2009-11-12
K01448CER0,90,CHF,2009-11-12
K01448CES0,90,CHF,2009-11-12
K01448CEY0,90,CHF,2009-12-10
K01448EDF0,90,CHF,2013-08-12
K01448EDH0,90,CHF,2013-08-12
K01448EDO0,90,CHF,2013-08-12
K01448EDX0,90,CHF,2013-08-12
K01448EDZ0,90,CHF,2013-08-12
K01448DDL0,90,CHF,2012-01-30
K01448DDO0,90,CHF,2012-01-30
K01448DDZ0,90,CHF,2012-01-30
K01286AYM0,20,CHF,2012-10-08
K01286AYT0,90,CHF,2012-10-08
K01286AYZ0,90,CHF,2012-10-08
K01286AZT0,90,CHF,2012-10-08
K01286AZV0,20,CHF,2012-10-08
K01286BAG0,20,CHF,2012-10-08
K011970000,90,CHF,2008-02-01
K012160000,20,CHF,2013-05-27
K012210000,90,CHF,2008-02-04
K012220000,90,CHF,2008-07-22
K012260000,90,CHF,2014-02-06
K012270000,20,CHF,2006-07-24
K01234AAG0,90,CHF,2010-03-12
K01234AAK0,20,CHF,2011-11-22
K012370000,20,CHF,2014-02-06
K01286BUL0,20,CHF,2013-10-25
K01286BVJ0,20,CHF,2013-10-28
K01286BVR0,90,CHF,2013-11-20
K01286BVY0,90,CHF,2013-11-20
K01286BWM0,20,CHF,2013-11-27
K01286BXI0,20,CHF,2013-12-09
K01286BXK0,20,CHF,2013-12-09
K01286BXV0,20,CHF,2013-12-16
K01286BYI0,90,CHF,2014-01-07
K01286BZJ0,20,CHF,2014-02-03
K01286BZN0,20,CHF,2014-02-03
K01286BZX0,90,CHF,2014-02-17
K01286BZY0,20,CHF,2014-02-17
K01286CAF0,20,CHF,2014-02-18
K01286CAK0,90,CHF,2014-02-20
K01286CAL0,90,CHF,2014-02-24
K01286CAP0,20,CHF,2014-02-24
K01286CAR0,20,CHF,2014-03-05
K01286CAV0,20,CHF,2014-03-12
K01286CAW0,20,CHF,2014-03-12
K01286CCP0,20,CHF,2014-04-14
K01286CDG0,90,CHF,2014-05-16
K01286CDL0,90,CHF,2014-05-20
K01286CDR0,20,CHF,2014-05-20
K01448DEE0,90,CHF,2012-01-30
K01448DEF0,90,CHF,2012-01-30
K01448DES0,90,CHF,2012-01-30
K01448DFA0,90,CHF,2012-01-30
K01448DFC0,90,CHF,2012-01-30
K01448DFG0,90,CHF,2012-01-30
K01448DFT0,90,CHF,2012-01-30
K01448DGF0,90,CHF,2012-03-19
K01448DHE0,90,CHF,2012-05-03
K01448DHI0,90,CHF,2012-05-03
K01448DHK0,90,CHF,2012-05-03
K01448DHZ0,90,CHF,2012-05-03
K01448DID0,90,CHF,2012-05-03
K01448DIL0,90,CHF,2012-07-18
K01448DIW0,90,CHF,2012-07-20
K01448DJB0,90,CHF,2012-07-20
K01448DKG0,90,CHF,2012-07-23
K01448DKJ0,90,CHF,2012-07-20
K01448DLB0,90,CHF,2012-09-17
K01448DLD0,90,CHF,2012-09-17
K01448DLF0,90,CHF,2012-09-17
K01448DMA0,90,CHF,2012-09-17
K01448DMF0,90,CHF,2012-09-17
K01448DMH0,90,CHF,2012-09-17
K01448DMK0,90,CHF,2012-09-17
K01448DML0,90,CHF,2012-09-17
K01448DNL0,90,CHF,2012-10-10
K01448DNN0,90,CHF,2012-10-10
K01448DNO0,90,CHF,2012-10-10
K01448DNP0,90,CHF,2012-10-10
K01448DNT0,90,CHF,2012-10-10
K01448DOK0,90,CHF,2012-11-13
K01448DPB0,90,CHF,2012-11-13
K01448DPC0,90,CHF,2012-11-13
K01448DPD0,90,CHF,2012-11-13
K01448DPI0,90,CHF,2012-11-13
K01448DPQ0,90,CHF,2012-11-13
K01448DPS0,90,CHF,2012-11-13
K01448DPV0,90,CHF,2012-11-13
K01448DQE0,90,CHF,2012-11-13
K01286CEI0,90,CHF,2014-05-26
K01286CEJ0,20,CHF,2014-05-26
K01286CEX0,20,CHF,2014-06-10
K01286BAQ0,20,CHF,2012-10-08
K01286BAT0,90,CHF,2012-10-08
K01286BBE0,20,CHF,2012-10-08
K01286BBU0,20,CHF,2012-10-08
K01286BBX0,90,CHF,2012-10-19
K01286BCO0,20,CHF,2012-10-29
K01286BCS0,20,CHF,2012-10-29
K01286BCX0,20,CHF,2012-10-29
K01286BCZ0,20,CHF,2012-10-29
K01286BDA0,20,CHF,2012-10-29
K01286BDF0,20,CHF,2012-10-30
K01286BDG0,90,CHF,2012-10-31
K01286BDL0,20,CHF,2012-11-08
K01286BEH0,20,CHF,2012-11-26
K01286BEU0,20,CHF,2012-12-03
K01286BEY0,20,CHF,2012-12-05
K01286BFB0,20,CHF,2012-12-14
K01286BFD0,20,CHF,2012-12-14
K01286BGD0,20,CHF,2012-12-21
K01286BGH0,90,CHF,2012-12-21
K01286BGJ0,20,CHF,2012-12-21
K01286BGK0,20,CHF,2012-12-21
K01286BGO0,20,CHF,2013-01-11
K01286BGP0,20,CHF,2013-01-11
K01286BGQ0,20,CHF,2013-01-11
K01286BGR0,20,CHF,2013-01-11
K01286BHF0,20,CHF,2013-01-11
K01286BHG0,20,CHF,2013-01-16
K01286BHO0,90,CHF,2013-01-16
K01286BII0,20,CHF,2013-02-19
K01286BIP0,90,CHF,2013-02-19
K01286BJG0,20,CHF,2013-02-19
K01286BJO0,20,CHF,2013-02-22
K01286BKA0,20,CHF,2013-03-13
K01286BKE0,20,CHF,2013-03-13
K01286BKK0,20,CHF,2013-03-13
K01286BKY0,20,CHF,2013-03-25
K01286BLB0,90,CHF,2013-03-25
K01286BLC0,20,CHF,2013-03-27
K01286BLE0,90,CHF,2013-03-27
K01286BLM0,20,CHF,2013-03-27
K01286BLO0,20,CHF,2013-03-27
K01286BLV0,20,CHF,2013-04-09
K01286BMN0,20,CHF,2013-04-29
K01286BMO0,90,CHF,2013-05-02
K01286BMY0,20,CHF,2013-05-13
K01286BND0,20,CHF,2013-05-14
K01286BNF0,90,CHF,2013-05-14
K01286BNR0,20,CHF,2013-05-22
K01286BNS0,20,CHF,2013-05-22
K01286BNZ0,20,CHF,2013-05-31
K01286BOC0,90,CHF,2013-06-03
K01286BOZ0,20,CHF,2013-06-21
K01286BQD0,20,CHF,2013-07-11
K01286BQH0,20,CHF,2013-07-16
K01286BQK0,20,CHF,2013-07-18
K01286BQO0,20,CHF,2013-07-18
K01286BRC0,20,CHF,2013-07-29
K01286BRF0,20,CHF,2013-07-29
K01286BRH0,20,CHF,2013-07-29
K01286BRJ0,20,CHF,2013-07-29
K01286BRK0,20,CHF,2013-07-29
K01286BRT0,90,CHF,2013-08-14
K01286BRU0,90,CHF,2013-08-14
K01286BRV0,20,CHF,2013-08-14
K01286BSL0,20,CHF,2013-09-16
K01286BTJ0,20,CHF,2013-10-21
K01286BTK0,90,CHF,2013-10-21
K01286BTN0,90,CHF,2013-10-21
K01286BTQ0,20,CHF,2013-10-22
K01286BUC0,20,CHF,2013-10-23
K01286BUH0,90,CHF,2013-10-23
K01448AIB0,90,CHF,2008-10-24
K01448AIC0,90,CHF,2008-10-24
K01448AIV0,90,CHF,2008-10-24
K01448AJG0,90,CHF,2008-10-24
K01448DQK0,90,CHF,2012-11-13
K01448DQT0,90,CHF,2012-11-13
K01448DQU0,90,CHF,2012-11-13
K01448DQX0,90,CHF,2012-11-13
K01448DSW0,90,CHF,2012-12-17
K01448DSX0,90,CHF,2012-12-17
K01448DTH0,90,CHF,2013-01-03
K01448DTJ0,90,CHF,2013-01-03
K01448DUI0,90,CHF,2013-01-17
K01448DVI0,90,CHF,2013-01-18
K01448DVX0,90,CHF,2013-02-25
K01448DWG0,90,CHF,2013-02-25
K01448DWV0,90,CHF,2013-02-25
K01448DXA0,90,CHF,2013-02-25
K01448DXN0,90,CHF,2013-03-25
K01448DXV0,90,CHF,2013-03-25
K01448DYB0,90,CHF,2013-04-18
K01448DYI0,90,CHF,2013-04-18
K01448DYZ0,90,CHF,2013-04-18
K01448DZE0,90,CHF,2013-04-18
K01448DZH0,90,CHF,2013-04-18
K01448DZJ0,90,CHF,2013-05-21
K01448DZK0,90,CHF,2013-05-21
K01448EAB0,90,CHF,2013-05-22
K01448EAF0,90,CHF,2013-05-22
K01448EAP0,90,CHF,2013-06-07
K01448EAU0,90,CHF,2013-06-07
K01448EBH0,90,CHF,2013-06-07
K01448EBI0,90,CHF,2013-06-07
K01448EBP0,90,CHF,2013-07-15
K01448EFB0,90,CHF,2013-09-18
K01448EGB0,90,CHF,2013-09-25
K01448EHB0,90,CHF,2013-10-29
K01448EHC0,90,CHF,2013-10-29
K01448EHI0,90,CHF,2013-10-29
K01448EIE0,90,CHF,2013-10-31
K01448EIT0,90,CHF,2013-11-27
K01448EIW0,90,CHF,2013-11-27
K01448EIZ0,90,CHF,2013-11-27
K01448EJZ0,90,CHF,2013-12-20
K01448EKH0,90,CHF,2013-12-20
K01448ELE0,90,CHF,2014-01-29
K01448ELG0,90,CHF,2014-01-29
K01448ELH0,90,CHF,2014-01-29
K01448ELI0,90,CHF,2014-01-29
K01448ELJ0,90,CHF,2014-01-29
K01448ELK0,90,CHF,2014-01-29
K01448EMD0,90,CHF,2014-02-19
K01448EME0,90,CHF,2014-02-19
K01448EMW0,90,CHF,2014-02-21
K01448EMX0,90,CHF,2014-02-21
K01448ENP0,20,CHF,2014-03-25
K01448EOE0,90,CHF,2014-03-25
K01448EOU0,90,CHF,2014-04-02
K01448EOY0,90,CHF,2014-04-08
K01448EPQ0,90,CHF,2014-04-23
K01448EQP0,90,CHF,2014-05-27
K01448EQR0,90,CHF,2014-06-16
K01448EQZ0,90,CHF,2014-06-19
K01448ERJ0,90,CHF,2014-06-23
K01448ERM0,90,CHF,2014-06-23
K01448ERO0,90,CHF,2014-06-30
K01448ERV0,90,CHF,2014-06-30
K01448ESC0,90,CHF,2014-07-21
K01448ESD0,90,CHF,2014-07-21
K01448ESF0,90,CHF,2014-07-24
K01448ETJ0,90,CHF,2014-09-09
K01448ETQ0,90,CHF,2014-09-16
K01448ETS0,90,CHF,2014-09-16
K01448ETW0,90,CHF,2014-09-16
K01448EUE0,90,CHF,2014-09-16
K01448EVB0,90,CHF,2014-09-30
K01448EVJ0,90,CHF,2014-10-03
K01448EVL0,90,CHF,2014-10-03
K01448EWE0,90,CHF,2014-10-23
K01448EWM0,90,CHF,2014-10-28
K01448EWN0,90,CHF,2014-10-28
K01448EWR0,90,CHF,2014-10-28
K01448AJN0,90,CHF,2008-10-24
K01448AJU0,90,CHF,2008-10-24
K01448AKG0,90,CHF,2008-10-24
K01448AKQ0,90,CHF,2008-10-24
K01448AKR0,90,CHF,2008-10-24
K01448AKV0,90,CHF,2008-10-24
K01448AKY0,90,CHF,2008-10-24
K01448AKZ0,90,CHF,2008-10-24
K01448ALC0,90,CHF,2008-10-24
K01448ALI0,90,CHF,2008-10-24
K01448ALL0,90,CHF,2008-10-24
K01448ALU0,90,CHF,2008-10-24
K01448AMC0,90,CHF,2008-10-24
K01286CFZ0,20,CHF,2014-07-21
K01286CGB0,20,CHF,2014-07-22
K01286CGF0,20,CHF,2014-07-24
K01286CHF0,20,CHF,2014-09-01
K01286CHI0,20,CHF,2014-09-05
K01286CHN0,20,CHF,2014-09-09
K01286CHV0,20,CHF,2014-09-09
K01286CHZ0,20,CHF,2014-09-09
K01286CIG0,20,CHF,2014-09-09
K01286CIL0,20,CHF,2014-09-09
K01286CIM0,20,CHF,2014-09-09
K01286CIO0,20,CHF,2014-09-09
K01286CIR0,90,CHF,2014-09-15
K01286CJG0,20,CHF,2014-09-17
K01286CJR0,20,CHF,2014-09-17
K01286CKF0,20,CHF,2014-09-29
K01286CKP0,90,CHF,2014-10-13
K01286CKS0,90,CHF,2014-10-13
K01286CKX0,20,CHF,2014-10-13
K01286CLE0,20,CHF,2014-10-14
K01286CMD0,20,CHF,2014-11-06
K01286CMF0,20,CHF,2014-11-07
K01286CMG0,20,CHF,2014-11-10
K01286CMH0,20,CHF,2014-11-17
K01286CMP0,20,CHF,2014-11-17
K01286CMR0,20,CHF,2014-11-21
K01448EWV0,90,CHF,2014-11-03
K01448EYA0,90,CHF,2014-12-08
K01448EYB0,90,CHF,2014-12-08
K01448EZB0,90,CHF,2015-01-20
K01448EZY0,90,CHF,2015-02-09
K01448EZZ0,90,CHF,2015-02-25
K07393AKQ0,90,EUR,2014-12-16
K07393AKZ0,90,EUR,2015-01-26
K07393ALG0,90,EUR,2015-02-16
K07393ALX0,90,EUR,2015-04-08
K07393ALY0,90,EUR,2015-04-09
K07393AMS0,90,EUR,2015-07-13
K07393ANM0,90,EUR,2015-07-13
K07393ANT0,90,EUR,2015-07-30
K07393ANW0,90,EUR,2015-09-14
K07393AOZ0,90,EUR,2015-09-17
K071860000,10,CHF,2011-04-07
K071880000,90,CHF,2006-07-24
K072350000,20,CHF,2007-03-02
K08095AAL0,20,CHF,2012-05-25
K08095AAO0,20,CHF,2012-06-26
K08095AAV0,20,CHF,2014-11-04
K081030000,20,CHF,2013-07-16
K081110000,90,CHF,2006-07-24
K081300000,20,CHF,2006-07-24
K081330000,90,CHF,2007-12-20
K081340000,10,CHF,2009-02-18
K081570000,20,CHF,2007-07-24
K081580000,20,CHF,2006-07-24
K081660000,90,CHF,2006-07-24
K081730000,90,EUR,2006-07-25
K081950000,20,CHF,2006-07-24
K082030000,20,CHF,2016-01-25
K082280000,20,CHF,2007-01-30
K082310000,90,CHF,2006-07-24
K082320000,90,CHF,2006-07-24
K082640000,90,CHF,2006-07-24
K082650000,20,CHF,2007-08-02
K07393APU0,90,EUR,2015-11-04
K01286CMZ0,20,CHF,2014-11-27
K01286CNE0,20,CHF,2014-12-01
K01286CNY0,20,CHF,2014-12-09
K01286COR0,20,CHF,2014-12-23
K01286COY0,20,CHF,2015-01-16
K01286CPD0,20,CHF,2015-01-16
K01286CPW0,20,CHF,2015-01-26
K01286CPX0,20,CHF,2015-01-26
K01286CPY0,20,CHF,2015-01-27
K018030079,90,CHF,2006-07-29
K018030081,90,CHF,2006-07-29
K018030087,90,CHF,2006-07-29
K018130000,90,CHF,2006-07-24
K018340000,10,CHF,2006-07-24
K018650000,20,CHF,2013-09-13
K018660000,90,CHF,2006-07-24
K018670000,20,CHF,2009-02-17
K018740000,20,CHF,2006-07-24
K018800000,20,CHF,2009-03-10
K018820000,20,CHF,2006-07-24
K018960000,90,CHF,2008-03-28
K019020000,20,CHF,2006-07-24
K019220000,20,CHF,2006-07-24
K019470000,20,CHF,2013-06-17
K019740000,20,CHF,2006-07-24
K020140000,20,CHF,2006-07-24
K020150000,90,CHF,2006-07-24
K020160000,20,CHF,2006-11-20
K020280000,20,CHF,2008-12-05
K018030091,90,CHF,2006-07-29
K018030112,90,CHF,2006-07-29
K018030120,90,CHF,2006-07-29
K018030128,90,CHF,2006-07-29
K018030137,90,CHF,2006-07-29
K018030139,90,CHF,2006-07-29
K018030144,90,CHF,2006-07-29
K018030153,90,CHF,2006-07-29
K018030178,90,CHF,2006-10-05
K018030185,90,CHF,2006-08-22
K07393APX0,90,EUR,2015-11-04
K07393AQK0,90,EUR,2015-12-03
K07393AQS0,90,EUR,2016-01-05
K07393AQW0,90,EUR,2016-01-12
K07393ARA0,90,EUR,2016-02-29
K07393ARI0,90,EUR,2016-02-29
K07393ARN0,90,EUR,2016-02-29
K073990000,20,CHF,2006-07-24
K074030000,90,CHF,2006-07-24
K074150000,90,CHF,2006-07-24
K074400000,10,CHF,2006-07-24
K074470000,90,CHF,2006-07-24
K074660000,90,CHF,2006-07-24
K074680000,90,CHF,2009-12-18
K074810000,20,CHF,2006-09-15
K075010000,20,CHF,2013-08-19
K075320000,90,CHF,2013-07-29
K075360000,10,CHF,2008-12-17
K075780000,20,CHF,2007-09-24
K075820000,10,CHF,2010-01-19
K075940000,90,CHF,2014-08-06
K082670000,20,CHF,2009-10-01
K082720000,20,CHF,2006-07-24
K082890000,20,CHF,2006-07-24
K083440000,90,CHF,2006-07-24
K083730000,90,CHF,2006-07-24
K083860000,10,CHF,2006-07-24
K084020000,20,CHF,2006-07-24
K084060000,90,CHF,2013-08-22
K084710000,20,CHF,2015-05-04
K084800000,90,EUR,2012-05-02
K084900000,20,CHF,2006-07-24
K084950000,90,CHF,2013-11-05
K085020000,20,CHF,2013-05-22
K085650000,20,CHF,2006-07-24
K085680000,90,CHF,2006-10-03
K076030000,90,CHF,2007-05-16
K076050000,20,CHF,2012-07-16
K076090000,20,CHF,2015-09-28
K018030188,90,CHF,2006-08-22
K018030190,90,CHF,2006-08-22
K018030196,90,CHF,2006-08-22
K018030203,90,CHF,2006-08-22
K018030207,90,CHF,2006-08-22
K018030218,90,CHF,2006-08-22
K018030228,90,CHF,2006-08-22
K018030233,90,CHF,2006-08-22
K018030254,90,CHF,2006-08-22
K018030262,90,CHF,2006-08-22
K018030276,90,CHF,2006-08-22
K018030288,90,CHF,2006-08-22
K018030298,90,CHF,2006-08-22
K018030313,90,CHF,2006-08-22
K018030327,90,CHF,2006-08-22
K018030333,90,CHF,2006-08-22
K018030334,90,CHF,2006-08-22
K018030339,90,CHF,2006-08-22
K018030354,90,CHF,2006-08-22
K018030359,90,CHF,2006-08-22
K018030364,90,CHF,2006-08-22
K018030370,90,CHF,2006-08-22
K018030384,90,CHF,2006-08-22
K018030388,90,CHF,2006-08-22
K018030389,90,CHF,2006-08-22
K018030392,90,CHF,2006-08-22
K018030396,90,CHF,2006-08-22
K018030399,90,CHF,2006-08-22
K018030405,90,CHF,2006-08-22
K018030413,90,CHF,2006-08-22
K018030419,90,CHF,2006-08-22
K018030423,90,CHF,2006-08-22
K018030427,90,CHF,2006-08-22
K018030428,90,CHF,2006-08-22
K018030432,90,CHF,2006-08-22
K018030435,90,CHF,2006-08-22
K018030447,90,CHF,2006-08-22
K018030458,90,CHF,2006-08-22
K018030466,90,CHF,2006-08-22
K018030471,90,CHF,2006-08-22
K018030486,90,CHF,2006-09-08
K018030491,90,CHF,2006-09-08
K018030502,90,CHF,2007-02-05
K018030503,90,CHF,2007-02-06
K018030508,90,CHF,2007-06-06
K018030513,90,CHF,2007-10-01
K018030527,90,CHF,2008-09-12
K018030528,90,CHF,2009-06-09
K018030538,90,CHF,2011-03-24
K024010000,20,CHF,2007-08-16
K024070000,90,CHF,2006-07-24
K024250000,90,CHF,2006-10-31
K020340000,20,CHF,2016-02-26
K020460000,20,CHF,2006-07-24
K020470000,10,CHF,2006-07-24
K020740000,20,CHF,2006-07-24
K020810000,10,CHF,2006-07-24
K020970000,20,CHF,2006-07-24
K021130000,20,CHF,2015-05-29
K021260000,90,CHF,2006-07-24
K021280000,90,CHF,2009-01-23
K021320000,20,CHF,2014-06-25
K021340000,90,CHF,2006-07-24
K021400000,90,CHF,2006-07-24
K021440000,20,CHF,2007-08-06
K02151AAP0,20,CHF,2009-06-09
K02151ABW0,20,CHF,2009-06-09
K02151ACK0,20,CHF,2009-06-09
K02151ACQ0,90,CHF,2009-06-09
K02151ACS0,90,CHF,2009-06-09
K02151ADD0,90,CHF,2010-07-29
K02151ADI0,20,CHF,2010-11-09
K02151ADS0,20,CHF,2011-09-06
K02151ADT0,90,CHF,2011-09-12
K02151AEC0,20,CHF,2011-09-14
K02151AED0,20,CHF,2011-09-14
K02151AEW0,90,CHF,2011-09-14
K02151AEZ0,90,CHF,2011-09-14
K02151AFC0,20,CHF,2011-09-14
K02151AFF0,20,CHF,2011-09-14
K02151AFH0,20,CHF,2011-09-14
K02151AFR0,20,CHF,2011-09-14
K02151AGA0,90,CHF,2011-10-05
K02151AGN0,90,CHF,2011-10-05
K02151AGO0,20,CHF,2011-10-05
K02151AHJ0,20,CHF,2011-10-05
K02151AHK0,20,CHF,2011-10-05
K02151AHL0,20,CHF,2011-10-05
K02151AHM0,20,CHF,2011-10-05
K02151AII0,20,CHF,2012-03-20
K02151AIM0,90,CHF,2012-04-02
K02151AIV0,20,CHF,2012-05-14
K02151AIZ0,20,CHF,2012-05-21
K02151AJM0,20,CHF,2012-07-11
K02151AJN0,20,CHF,2012-07-11
K02151AJV0,20,CHF,2012-09-18
K02151AJW0,20,CHF,2012-09-20
K02151AJX0,20,CHF,2012-09-26
K02151AKG0,20,CHF,2012-10-23
K02151AKJ0,20,CHF,2012-11-12
K02151AKM0,90,CHF,2012-11-20
K02151AKQ0,20,CHF,2012-12-14
K02151ALC0,20,CHF,2013-03-20
K02151ALD0,90,CHF,2013-04-04
K02151ALQ0,90,CHF,2013-07-30
K02151ALZ0,20,CHF,2013-10-16
K02151AMV0,20,CHF,2014-06-03
K02151AMW0,90,CHF,2014-06-03
K02151ANH0,20,CHF,2014-10-28
K02151AOB0,90,CHF,2015-06-22
K02151AOD0,20,CHF,2015-06-23
K02151AOV0,20,CHF,2015-09-02
K02151APC0,20,CHF,2015-09-29
K02151APH0,20,CHF,2015-11-09
K02151APM0,90,CHF,2015-12-03
K02151APQ0,20,CHF,2015-12-08
K02151XXXX,20,CHF,2014-05-02
K076300000,20,CHF,2007-07-16
K076450000,20,CHF,2006-07-24
K076530000,90,CHF,2015-05-12
K076900000,90,CHF,2006-07-24
K077050000,20,CHF,2006-08-01
K077070000,20,CHF,2007-01-12
K077160000,20,CHF,2006-07-24
K077200000,20,CHF,2006-07-24
K077290000,90,CHF,2006-07-24
K077540000,20,CHF,2006-07-24
K077580000,20,CHF,2006-07-24
K077610000,20,CHF,2006-07-24
K077630000,20,CHF,2006-07-24
K077790000,20,CHF,2006-07-24
K077920000,90,CHF,2009-12-09
K078120000,90,CHF,2006-07-24
K078150000,20,CHF,2010-11-15
K085870000,90,CHF,2015-04-23
K086070000,20,CHF,2015-07-21
K086200001,90,CHF,2011-12-28
K086250000,90,CHF,2006-07-24
K086310000,90,CHF,2007-11-26
K086350000,10,CHF,2014-01-22
K086370000,20,CHF,2006-07-24
K086700000,20,CHF,2014-12-15
K086860000,20,CHF,2007-10-10
K087200000,20,CHF,2009-09-25
K087300000,10,CHF,2006-07-24
K087390000,10,CHF,2006-07-24
K087410000,90,CHF,2007-06-04
K087530000,20,CHF,2006-07-24
K087720000,90,CHF,2007-08-13
K087910000,20,CHF,2008-04-15
K087990000,20,CHF,2006-07-24
K088040000,20,CHF,2006-07-24
K088070000,20,CHF,2006-07-24
K088430000,90,CHF,2007-07-27
K078730001,90,CHF,2010-01-07
K078840000,90,CHF,2006-07-24
K02152AAH0,20,CHF,2014-06-18
K02152AAW0,20,CHF,2014-09-16
K02152ABA0,20,CHF,2014-10-13
K02152ABB0,20,CHF,2014-10-13
K02152ABR0,20,CHF,2015-01-05
K02152ACP0,20,CHF,2015-05-06
K02152ACQ0,20,CHF,2015-05-06
K02152ACS0,20,CHF,2015-05-06
K02152ACT0,20,CHF,2015-05-06
K02152ADG0,20,CHF,2015-08-03
K02152AEQ0,20,CHF,2016-02-09
K021570000,90,CHF,2006-07-24
K021680000,90,CHF,2006-07-24
K021700000,20,CHF,2007-05-25
K021910000,90,CHF,2006-07-24
K022100000,20,CHF,2007-07-16
K022140000,20,CHF,2006-07-24
K022160000,20,CHF,2006-07-24
K024290000,10,CHF,2015-07-08
K024660000,90,CHF,2006-07-24
K024720000,20,CHF,2013-06-17
K024780000,20,CHF,2013-11-18
K024840000,20,CHF,2014-06-10
K025420000,20,CHF,2006-11-08
K025500000,20,CHF,2007-08-31
K025550000,20,CHF,2007-07-04
K025660000,20,CHF,2013-10-25
K025990000,90,CHF,2007-12-12
K026070000,20,CHF,2007-12-06
K026350000,20,CHF,2006-07-24
K026420000,20,CHF,2016-03-07
K026610000,20,CHF,2013-01-28
K026720000,20,CHF,2006-07-24
K027170000,10,CHF,2006-07-24
K027280000,20,CHF,2006-07-24
K027290000,20,CHF,2006-07-24
K027570000,20,CHF,2006-07-24
K027800000,10,CHF,2007-05-31
K027990000,20,CHF,2006-07-24
K078890000,10,CHF,2014-03-03
K078930000,20,CHF,2006-07-24
K079020000,20,CHF,2006-07-24
K079030000,20,CHF,2007-06-18
K079090000,10,CHF,2008-05-13
K079460000,90,CHF,2006-10-25
K079820000,10,CHF,2006-07-24
K080100000,20,CHF,2006-07-24
K080130000,20,CHF,2006-07-24
K080290000,90,CHF,2016-02-05
K080680000,90,CHF,2006-12-07
K080690001,20,CHF,2007-12-05
K091790000,20,CHF,2006-07-24
K091940000,20,CHF,2009-06-16
K092030000,20,CHF,2013-05-24
K092060000,20,EUR,2015-08-17
K092370000,90,CHF,2008-11-20
K092410000,10,CHF,2013-10-22
K092510000,20,CHF,2006-07-24
K088480000,90,CHF,2007-11-12
K088870000,10,CHF,2006-07-24
K089210000,20,CHF,2006-07-24
K089280000,90,CHF,2006-07-24
K089330000,20,CHF,2006-07-24
K089840000,90,CHF,2006-07-24
K090210000,20,CHF,2010-01-12
K090320000,90,CHF,2010-09-17
K090360000,90,CHF,2015-03-13
K090370005,90,CHF,2008-09-26
K090370006,90,CHF,2008-11-20
K09037AAS0,90,CHF,2010-08-27
K09037AAT0,90,CHF,2010-08-27
K09037AAU0,90,CHF,2010-08-27
K09037AAX0,90,CHF,2010-08-27
K09037AAZ0,90,CHF,2010-08-27
K09037ABA0,90,CHF,2010-08-27
K09037ABI0,90,CHF,2010-08-27
K09037ACA0,90,CHF,2011-02-04
K09037ACD0,90,CHF,2011-05-25
K028480000,20,CHF,2009-05-15
K028490000,20,CHF,2010-04-08
K028500000,90,CHF,2012-10-29
K028540000,20,CHF,2012-06-05
K028550000,20,CHF,2013-05-14
K02869ZZZZ,90,CHF,2010-08-30
K028890000,10,CHF,2006-07-24
K02892AAAA,90,CHF,2008-04-22
K02892AAW0,90,CHF,2010-01-04
K02892ABE0,90,CHF,2011-05-27
K02892ABI0,90,CHF,2013-04-10
K028930000,10,CHF,2006-07-24
K029110000,20,CHF,2015-06-10
K029270000,20,CHF,2014-08-13
K029380000,90,CHF,2006-07-24
K029650000,90,CHF,2009-02-02
K029690000,20,CHF,2014-03-06
K029700000,20,CHF,2006-07-24
K029950000,20,CHF,2006-07-24
K030020000,10,CHF,2006-07-24
K030030000,90,CHF,2007-05-09
K030150000,10,CHF,2015-02-18
K030210000,20,CHF,2006-07-24
K030290000,90,EUR,2007-07-02
K030300000,90,CHF,2007-07-02
K030350000,90,EUR,2011-01-14
K030530000,20,CHF,2006-07-24
K030570000,10,CHF,2008-05-26
K030640000,10,CHF,2006-07-24
K030760000,20,CHF,2006-07-24
K030790000,20,CHF,2013-02-20
K022220010,90,CHF,2006-07-27
K022470000,90,CHF,2006-07-24
K022710000,20,CHF,2007-08-03
K022800000,90,CHF,2011-03-09
K023060000,90,CHF,2006-07-24
K033470000,10,CHF,2006-07-24
K033810000,20,CHF,2016-01-12
K033850000,90,CHF,2006-07-24
K09037ACR0,90,CHF,2012-10-08
K092630000,90,CHF,2010-01-18
K092650000,20,CHF,2010-11-08
K092720000,20,CHF,2008-02-19
K092810000,20,CHF,2013-05-24
K092820000,20,CHF,2014-12-05
K093440000,90,CHF,2014-03-18
K093530000,20,CHF,2007-02-26
K093600000,90,CHF,2009-06-25
K094180000,20,CHF,2006-07-24
K094210000,90,CHF,2006-07-24
K094270000,20,CHF,2006-07-24
K094390000,20,CHF,2006-07-24
K094630000,20,EUR,2006-07-24
K094780000,20,CHF,2006-08-09
K095080000,20,CHF,2014-09-12
K095100000,20,CHF,2006-07-24
K095710000,20,CHF,2006-07-24
K09037ADE0,90,CHF,2014-02-04
K09037ADG0,90,CHF,2014-02-17
K09037ADI0,90,CHF,2014-04-16
K09037ADJ0,90,CHF,2014-05-13
K09037ADZ0,90,CHF,2014-08-14
K090800000,20,CHF,2015-02-06
K090820000,20,CHF,2008-01-10
K091020000,20,CHF,2006-07-24
K091050000,20,CHF,2007-12-11
K091060000,20,CHF,2006-07-24
K091160000,10,CHF,2006-07-24
K091240000,90,CHF,2006-07-24
K091270000,20,CHF,2015-02-18
K091510000,20,CHF,2009-07-29
K10100ABN0,90,EUR,2012-07-26
K10100ACD0,90,EUR,2012-07-26
K10100ACE0,90,EUR,2012-07-26
K10100ACH0,90,EUR,2012-07-26
K10100ACT0,90,EUR,2012-07-26
K10100ACU0,90,EUR,2012-07-26
K10100ACV0,90,EUR,2012-07-26
K033900000,20,CHF,2010-09-27
K034060000,90,CHF,2006-07-24
K034240000,20,CHF,2012-02-29
K034330000,90,CHF,2014-09-03
K034340000,20,CHF,2014-05-21
K034350000,20,CHF,2014-08-25
K034370000,20,CHF,2006-07-24
K034380000,20,CHF,2014-02-26
K034410000,20,CHF,2015-08-26
K034650000,90,CHF,2006-07-24
K034660000,20,CHF,2008-04-21
K034680000,20,CHF,2009-02-16
K034700000,20,CHF,2010-03-29
K035360000,20,CHF,2006-10-02
K035590000,90,CHF,2009-08-28
K035710000,20,CHF,2008-06-18
K035730000,20,CHF,2012-08-15
K036110000,90,CHF,2006-07-24
K036240000,90,CHF,2015-06-10
K036650000,20,CHF,2006-07-24
K036660000,20,CHF,2008-04-07
K036690000,20,CHF,2015-11-27
K036850000,20,CHF,2009-09-08
K036870000,10,CHF,2012-07-20
K037150000,20,CHF,2006-07-24
K037360000,20,CHF,2014-09-03
K037400000,90,CHF,2006-07-24
K037730000,20,CHF,2007-09-25
K039030000,90,CHF,2007-09-04
K040120000,20,CHF,2006-07-24
K040150000,20,CHF,2015-09-04
K040340000,90,CHF,2006-07-24
K040380000,90,CHF,2009-08-18
K040390000,20,CHF,2011-07-28
K041580000,20,CHF,2014-09-18
K041590000,20,CHF,2006-07-24
K041600000,90,CHF,2006-09-18
K042170000,20,CHF,2009-02-13
K042260000,20,CHF,2006-07-24
K095770000,10,CHF,2006-07-24
K095780000,20,CHF,2006-07-24
K096000000,90,CHF,2006-07-24
K096290000,90,CHF,2006-07-24
K096310000,20,CHF,2006-07-24
K096490000,20,CHF,2006-07-24
K096560000,90,CHF,2006-07-24
K096570000,90,CHF,2007-06-19
K096590000,20,CHF,2009-01-29
K09671AAR0,90,CHF,2009-11-04
K096790000,20,CHF,2006-07-24
K097040000,10,CHF,2008-08-19
K097260000,20,CHF,2016-01-06
K097450000,90,CHF,2006-07-24
K097630000,20,CHF,2006-07-24
K097740000,90,CHF,2006-07-24
K097750000,90,CHF,2006-07-24
K097830000,20,CHF,2007-09-11
K097840000,20,CHF,2006-07-24
K097880000,20,CHF,2013-04-26
K10100ADA0,90,EUR,2012-07-26
K10100AEL0,90,EUR,2012-07-26
K10100AEU0,90,EUR,2012-07-26
K10100AFC0,90,EUR,2012-07-26
K10100AFF0,90,EUR,2012-07-26
K10100AFH0,90,EUR,2012-07-26
K10100AGD0,90,EUR,2012-07-26
K10100AGI0,90,EUR,2012-08-08
K10100AGW0,90,EUR,2012-08-08
K10100AHJ0,90,EUR,2012-08-08
K10100AHL0,90,EUR,2012-08-08
K10100AHX0,90,EUR,2012-08-08
K10100AID0,90,EUR,2012-08-08
K10100AIE0,90,EUR,2012-08-08
K10100AIL0,90,EUR,2012-08-08
K10100AIN0,90,EUR,2012-08-08
K10100AIU0,90,EUR,2012-08-08
K10100AJK0,90,EUR,2012-08-08
K10100AJS0,90,EUR,2012-08-08
K042740000,20,CHF,2014-10-23
K043370000,20,CHF,2006-07-24
K043660000,20,CHF,2007-02-06
K04370AAI0,20,CHF,2013-04-04
K030880000,20,CHF,2016-03-14
K031020000,90,CHF,2006-07-24
K031030000,90,CHF,2006-08-22
K031040000,90,CHF,2007-10-05
K031050000,90,CHF,2007-12-17
K031340000,90,CHF,2011-07-28
K031400000,20,CHF,2009-05-04
K031440000,20,CHF,2008-09-22
K031460000,20,CHF,2006-07-24
K031480000,20,CHF,2012-09-25
K031520000,20,CHF,2006-07-24
K031700000,10,CHF,2008-11-21
K031830000,20,CHF,2006-07-24
K032160000,10,CHF,2006-07-24
K032240000,20,CHF,2006-07-24
K032520000,90,CHF,2008-02-04
K032780000,10,CHF,2006-07-24
K032800000,90,CHF,2006-07-24
K032810001,90,CHF,2010-04-16
K032870000,20,CHF,2010-02-17
K03288AAA0,90,EUR,2013-01-09
K03289AAR0,90,CHF,2014-06-05
K03289ABM0,90,CHF,2014-12-02
K03289ABZ0,90,CHF,2014-12-22
K03289ACS0,90,CHF,2014-12-22
K03289ACY0,90,CHF,2014-12-22
K03289ADC0,90,CHF,2014-12-22
K03289ADH0,90,CHF,2014-12-22
K03289ADI0,90,CHF,2014-12-22
K03289ADT0,90,CHF,2014-12-22
K03289AEO0,90,CHF,2014-12-22
K03289AEP0,90,CHF,2014-12-22
K03289AFD0,90,CHF,2015-07-11
K03289AFG0,90,CHF,2015-08-07
K03289AFI0,90,CHF,2015-08-07
K10100AJV0,90,EUR,2012-08-08
K10100AJX0,90,EUR,2012-08-08
K10100AKC0,90,EUR,2012-08-08
K10100AKE0,90,EUR,2012-08-08
K10100AKF0,90,EUR,2012-08-08
K10100AKT0,90,EUR,2012-08-08
K10100ALB0,90,EUR,2012-08-08
K10100ALF0,90,EUR,2012-08-08
K10100ALS0,90,EUR,2012-08-08
K10100ALY0,90,EUR,2012-10-17
K10100AMA0,90,EUR,2012-10-17
K10100AMZ0,90,EUR,2012-10-17
K10100AND0,90,EUR,2012-10-17
K10100ANH0,90,EUR,2012-10-17
K10100AOB0,90,EUR,2012-10-17
K10100AON0,90,EUR,2012-10-17
K10100AOR0,90,EUR,2012-10-17
K10100AOT0,90,EUR,2012-10-17
K10100AOX0,90,EUR,2012-10-17
K10100APC0,90,EUR,2012-10-17
K10100APD0,90,EUR,2012-10-17
K10100APF0,90,EUR,2012-10-17
K10100APV0,90,EUR,2012-10-17
K10100APW0,90,EUR,2012-10-17
K10100AQD0,90,EUR,2012-10-17
K10100AQE0,90,EUR,2012-10-17
K10100AQU0,90,EUR,2012-10-24
K10100AQV0,90,EUR,2012-10-24
K10100ARL0,90,EUR,2012-10-24
K10100ARM0,90,EUR,2012-10-24
K10100ARW0,90,EUR,2012-10-24
K10100ATN0,90,EUR,2012-10-24
K10100ATS0,90,EUR,2012-10-24
K10100ATZ0,90,EUR,2012-10-24
K10100AUG0,90,EUR,2012-10-24
K10100AUM0,90,CHF,2012-11-19
K10100AUT0,90,EUR,2012-11-19
K10100AUV0,90,CHF,2012-11-19
K10100AVF0,90,EUR,2012-11-19
K10100AVP0,90,EUR,2012-11-19
K032920000,20,CHF,2015-07-13
K032950000,20,CHF,2015-02-23
K033310000,20,EUR,2008-04-11
K047500000,90,CHF,2006-07-24
K047680000,20,CHF,2006-07-24
K047950000,20,CHF,2006-07-24
K048460000,20,CHF,2010-11-05
K048870001,20,CHF,2008-10-13
K049100000,20,CHF,2006-07-24
K049210001,90,CHF,2006-08-08
K049380000,10,CHF,2006-07-24
K049490000,10,CHF,2006-07-24
K049580000,90,CHF,2009-11-25
K049620000,20,CHF,2006-07-24
K049630000,20,CHF,2006-07-24
K051040000,90,CHF,2006-07-24
K051250000,20,CHF,2010-10-06
K051600000,90,CHF,2006-10-16
K051760000,20,EUR,2009-06-10
K051780000,20,CHF,2008-07-25
K051820000,20,CHF,2006-07-24
K051960000,10,CHF,2008-12-19
K052040000,90,CHF,2006-07-24
K052050000,20,CHF,2007-04-26
K052440000,20,CHF,2006-07-24
K04370AAM0,20,CHF,2014-04-15
K04370AAN0,90,CHF,2014-07-28
K04370AAS0,20,CHF,2014-08-04
K04370ABC0,90,CHF,2014-08-04
K04370ABJ0,20,CHF,2014-08-04
K04370ABO0,20,CHF,2014-08-04
K04370ABQ0,20,CHF,2014-08-04
K04370ABS0,90,CHF,2014-08-04
K04370ABT0,20,CHF,2014-08-04
K04370ABV0,20,CHF,2014-08-04
K04370ABZ0,90,CHF,2014-08-04
K04370ACE0,20,CHF,2014-08-05
K04370ACF0,20,CHF,2014-08-05
K04370ACS0,20,CHF,2014-08-05
K10100AVV0,90,EUR,2012-11-19
K10100AVZ0,90,EUR,2012-11-19
K10100AWC0,90,EUR,2012-11-19
K10100AWK0,90,EUR,2012-11-19
K10100AWL0,90,EUR,2012-11-19
K10100AWM0,90,EUR,2012-11-19
K10100AXG0,90,EUR,2012-11-19
K10100AYH0,90,EUR,2012-12-10
K10100AYJ0,90,EUR,2012-12-10
K10100AZJ0,90,EUR,2012-12-10
K10100AZW0,90,EUR,2012-12-07
K098240000,20,CHF,2006-07-24
K098330000,20,CHF,2007-07-20
K098770000,90,CHF,2006-07-24
K098780000,90,CHF,2008-03-25
K098800000,20,CHF,2006-07-24
K098810000,90,CHF,2008-06-17
K098880000,20,CHF,2006-11-20
K099180000,20,CHF,2009-08-10
K09974AAX0,90,CHF,2009-09-28
K09974AAY0,90,CHF,2009-09-28
K09974ABA0,90,CHF,2010-04-27
K09974ABH0,90,CHF,2010-04-27
K09974ABI0,90,CHF,2010-04-27
K09974ABK0,90,CHF,2010-04-27
K09974ABM0,90,CHF,2010-04-27
K09974ABU0,20,CHF,2010-04-27
K09974ABW0,90,CHF,2010-04-27
K09974ABZ0,90,CHF,2010-04-27
K09974ACF0,90,CHF,2010-04-27
K09974ACH0,90,CHF,2010-04-27
K09974ACX0,90,CHF,2010-04-27
K09974ADB0,90,CHF,2010-04-27
K09974ADL0,90,CHF,2010-04-27
K09974ADQ0,90,CHF,2010-04-27
K09974ADR0,90,CHF,2010-04-27
K09974ADV0,90,CHF,2010-04-27
K09974AEA0,90,CHF,2010-04-27
K09974AEJ0,90,CHF,2010-04-27
K04370ACT0,20,CHF,2014-08-15
K04370ADG0,90,CHF,2014-12-22
K04370ADH0,20,CHF,2014-12-22
K04370ADI0,20,CHF,2014-12-22
K04370ADJ0,20,CHF,2014-12-22
K04370ADO0,20,CHF,2015-01-20
K04370ADP0,20,CHF,2015-03-20
K04370ADT0,20,CHF,2015-03-20
K04370AEK0,90,CHF,2015-09-10
K04370AES0,20,CHF,2015-11-05
K04370AEV0,20,CHF,2015-11-05
K04370AEW0,20,CHF,2015-12-07
K04370AFA0,20,CHF,2016-02-09
K04370AFM0,20,CHF,2016-03-09
K04370AFO0,20,CHF,2016-03-09
K04370AFW0,20,CHF,2016-03-09
K04370AFZ0,20,CHF,2016-03-09
K04370AGB0,20,CHF,2016-03-09
K04370AGG0,20,CHF,2016-03-09
K04370AGK0,20,CHF,2016-03-09
K04370AGM0,90,CHF,2016-03-09
K04370AGN0,20,CHF,2016-03-09
K04370AGX0,20,CHF,2016-03-09
K044000000,90,CHF,2006-07-24
K044030000,20,CHF,2012-11-23
K044120000,90,CHF,2006-07-24
K044230000,90,CHF,2006-07-24
K044330000,20,CHF,2009-12-18
K044380000,20,CHF,2015-01-09
K044440002,90,CHF,2006-07-28
K044610000,20,CHF,2006-07-24
K044940000,20,CHF,2006-07-24
K044990000,20,CHF,2010-08-10
K04502AAF0,20,CHF,2010-11-26
K045030000,10,CHF,2012-08-15
K045210000,90,CHF,2009-08-27
K045400000,90,CHF,2008-05-19
K045630000,20,CHF,2014-12-19
K045880000,90,CHF,2011-06-30
K09974AEQ0,90,CHF,2010-04-27
K09974AFP0,90,CHF,2010-04-27
K09974AFR0,90,CHF,2010-04-27
K09974AFU0,90,CHF,2010-04-27
K09974AGV0,90,CHF,2011-11-22
K09974AGW0,90,CHF,2011-11-22
K099880000,20,CHF,2006-07-24
K100040000,90,EUR,2012-05-07
K100140000,20,CHF,2006-07-24
K100170000,90,EUR,2013-07-30
K100180000,90,EUR,2013-08-15
K100230000,10,CHF,2014-02-10
K100240000,20,CHF,2014-02-12
K100270000,20,CHF,2014-02-12
K100320000,90,CHF,2014-02-12
K100370000,20,CHF,2014-02-12
K100720000,20,CHF,2006-07-24
K100820000,20,CHF,2009-02-13
K10100AAF0,90,EUR,2012-07-26
K10100AAL0,90,EUR,2012-07-26
K10100AAM0,90,EUR,2012-07-26
K10100AAT0,90,EUR,2012-07-26
K10100AAY0,90,EUR,2012-07-26
K10100CBH0,90,EUR,2013-11-13
K10100CBS0,90,EUR,2013-11-13
K10100CBT0,90,EUR,2013-11-13
K10100CCB0,90,EUR,2013-11-13
K10100BAF0,90,EUR,2012-12-07
K10100BAO0,90,EUR,2012-12-07
K10100BAQ0,90,EUR,2012-12-07
K10100BBC0,90,EUR,2013-01-17
K10100BBT0,90,EUR,2013-01-17
K10100BBV0,90,EUR,2013-01-17
K10100BBX0,90,EUR,2013-01-17
K10100BBY0,90,EUR,2013-01-17
K10100BCA0,90,EUR,2013-01-17
K10100BCQ0,90,EUR,2013-01-17
K10100BCS0,90,EUR,2013-01-17
K10100BCZ0,90,EUR,2013-01-17
K10100BDL0,90,EUR,2013-01-17
K10100BDU0,90,EUR,2013-01-17
K10100BFU0,90,EUR,2013-02-22
K10100BFY0,90,EUR,2013-02-22
K10100BGA0,90,EUR,2013-02-22
K10100BGB0,90,EUR,2013-02-22
K10100BGG0,90,EUR,2013-02-22
K10100CDA0,90,EUR,2013-12-06
K10100CDF0,90,EUR,2013-12-06
K10100CDO0,90,EUR,2013-12-09
K10100CDV0,90,EUR,2013-12-09
K10100CDW0,90,EUR,2013-12-09
K10100CDY0,90,EUR,2013-12-09
K10100CEB0,90,EUR,2013-12-09
K10100CEJ0,90,EUR,2013-12-09
K10100CEM0,90,EUR,2013-12-09
K10100CEN0,90,EUR,2013-12-09
K10100CFM0,90,EUR,2014-01-10
K10100CFN0,90,EUR,2014-01-10
K10100CFT0,90,EUR,2014-01-10
K10100CFY0,90,EUR,2014-01-10
K10100CGC0,90,EUR,2014-01-10
K10100CGF0,90,EUR,2014-01-10
K10100CGN0,90,EUR,2014-02-18
K10100CGU0,90,EUR,2014-02-19
K10100CHD0,90,EUR,2014-02-19
K10100CHH0,90,EUR,2014-02-19
K10100CHY0,90,EUR,2014-02-19
K10100CJK0,90,EUR,2014-03-19
K10100CJL0,90,EUR,2014-03-19
K10100BGM0,90,EUR,2013-02-22
K10100BGW0,90,EUR,2013-03-11
K10100BHK0,90,EUR,2013-03-11
K10100BHL0,90,EUR,2013-03-11
K10100BHT0,90,EUR,2013-03-11
K10100BIB0,90,EUR,2013-03-11
K10100BIC0,90,EUR,2013-03-11
K10100BIE0,90,EUR,2013-03-11
K01286EMG0,20,CHF,2017-12-08
K02152AKI0,20,CHF,2018-01-04
K02152AKK0,20,CHF,2018-01-04
K10100EHC0,90,EUR,2018-01-04
K10100EHD0,90,EUR,2018-01-04
K01286EMZ0,20,CHF,2018-01-04
K01286ENC0,20,CHF,2018-01-04
K01286END0,20,CHF,2018-01-04
K01286ENV0,20,CHF,2018-01-05
K01286ENW0,20,CHF,2018-01-05
K01286EOA0,20,CHF,2018-01-05
K01286EOB0,20,CHF,2018-01-05
K11285AJH0,20,CHF,2018-01-08
K11285AJI0,20,CHF,2018-01-12
K003520000,20,CHF,2018-01-15
K01286EQA0,20,CHF,2018-02-05
K01286EQB0,20,CHF,2018-02-05
K01286EQJ0,20,CHF,2018-02-05
K10100EIJ0,90,EUR,2018-02-05
K10100EIR0,90,EUR,2018-02-05
K01286EOI0,20,CHF,2018-01-15
K001650000,20,CHF,2018-01-16
K11285AJJ0,20,CHF,2018-01-17
K103360000,20,CHF,2018-01-17
K003510000,20,CHF,2018-01-19
K11285AJK0,20,CHF,2018-01-23
K01286EOL0,20,CHF,2018-01-23
K01286EOR0,20,CHF,2018-01-23
K044160000,20,CHF,2018-01-24
K01286EPE0,20,CHF,2018-01-30
K001720000,20,CHF,2018-02-01
K01286ERJ0,20,CHF,2018-02-19
K01286ERP0,20,CHF,2018-02-19
K001790000,20,CHF,2018-02-21
K01286ERQ0,20,CHF,2018-02-22
K064000000,90,CHF,2018-02-22
K01286ERS0,20,CHF,2018-02-23
K17719APJ0,20,CHF,2018-02-28
K02151ATY0,20,CHF,2018-03-14
K02151ATZ0,20,CHF,2018-03-14
K045120000,20,CHF,2018-03-14
K10100EJH0,90,EUR,2018-02-05
K10100EJL0,90,EUR,2018-02-05
K10100EJQ0,90,EUR,2018-02-05
K10100EJW0,90,EUR,2018-02-05
K02151ATM0,20,CHF,2018-02-06
K02151ATN0,20,CHF,2018-02-06
K065950000,20,CHF,2018-02-07
K01286EQU0,20,CHF,2018-02-12
K01286EQX0,20,CHF,2018-02-12
K11285AJP0,20,CHF,2018-03-07
K11285AJQ0,20,CHF,2018-03-07
K07393BGI0,90,EUR,2018-03-08
K001900000,90,CHF,2018-03-09
K10100EKU0,90,EUR,2018-03-09
K045130000,20,CHF,2018-03-14
K01286ESY0,20,CHF,2018-03-16
K01286ETG0,20,CHF,2018-03-19
K01286ETH0,20,CHF,2018-03-19
K161450000,90,CHF,2018-03-26
K01286ETQ0,20,CHF,2018-03-27
K10100ELU0,90,EUR,2018-04-04
K10100ELV0,90,EUR,2018-04-04
K10100ELY0,90,EUR,2018-04-04
K10100EMF0,90,EUR,2018-04-04
K10100EMJ0,90,EUR,2018-04-04
K10100EMW0,90,EUR,2018-04-04
K10100ENB0,90,EUR,2018-04-04
K10100END0,90,EUR,2018-04-04
K10100ENL0,90,EUR,2018-04-04
K10100ENM0,90,EUR,2018-04-04
K10100ENR0,90,EUR,2018-04-04
K07393BGM0,90,EUR,2018-04-05
K07393BGP0,90,EUR,2018-04-05
K01286EUZ0,20,CHF,2018-04-09
K01286EVA0,20,CHF,2018-04-09
K01286EVH0,20,CHF,2018-04-09
K01286EWO0,20,CHF,2018-04-30
K10100ENV0,90,EUR,2018-05-03
K10100ENW0,90,EUR,2018-05-03
K10100EOL0,90,EUR,2018-05-03
K10100EOM0,90,EUR,2018-05-03
K002280000,20,CHF,2018-05-04
K01286EXK0,20,CHF,2018-05-07
K01286EXN0,20,CHF,2018-05-07
K01286EXT0,20,CHF,2018-05-07
K024950000,20,CHF,2018-05-08
K00500AEJ0,20,CHF,2018-05-22
K003360000,20,CHF,2018-05-22
K01286EYH0,20,CHF,2018-05-22
K01286EYJ0,20,CHF,2018-05-22
K10100EKX0,90,EUR,2018-03-09
K10100ELL0,90,EUR,2018-03-09
K10100ELO0,90,EUR,2018-03-09
K10100ELP0,90,EUR,2018-03-09
K026820000,20,CHF,2018-03-28
K003400000,10,CHF,2018-03-28
K01286EVZ0,20,CHF,2018-04-16
K02151AUI0,20,CHF,2018-04-16
K02151AUK0,20,CHF,2018-04-16
K02151AUL0,20,CHF,2018-04-16
K07393BGW0,90,EUR,2018-05-09
K07393BHB0,90,EUR,2018-05-09
K07393BHC0,90,EUR,2018-05-09
K07393BHD0,90,EUR,2018-05-09
K01286EXU0,20,CHF,2018-05-14
K01286EXW0,20,CHF,2018-05-14
K002310000,20,CHF,2018-05-16
K069980000,20,CHF,2018-05-29
K070040000,20,CHF,2018-05-30
K027780000,20,CHF,2018-06-01
K01286EYY0,20,CHF,2018-06-05
K10100EPN0,90,EUR,2018-06-06
K069460000,20,CHF,2018-05-22
K002330000,20,CHF,2018-05-24
K01286EYS0,20,CHF,2018-05-29
K01286EYU0,20,CHF,2018-05-29
K069840000,20,CHF,2018-05-29
K815400000,20,CHF,2018-06-19
K01286EZS0,20,CHF,2018-06-20
K01286FAC0,20,CHF,2018-06-25
K01286FAE0,20,CHF,2018-06-25
K01286FAG0,20,CHF,2018-06-25
K01286FAS0,20,CHF,2018-07-02
K002540000,20,CHF,2018-07-02
K10100EQU0,90,EUR,2018-07-03
K10100EQW0,90,EUR,2018-07-03
K10100EQZ0,90,EUR,2018-07-03
K002390000,20,CHF,2018-06-06
K070110000,20,CHF,2018-06-06
K07393BHM0,90,EUR,2018-06-07
K01286EZN0,20,CHF,2018-06-11
K050000000,20,CHF,2018-07-13
K02151AUW0,20,CHF,2018-07-16
K01286FBV0,20,CHF,2018-07-16
K01286FCC0,20,CHF,2018-07-16
K161690000,20,CHF,2018-07-18
K01286FCK0,20,CHF,2018-07-23
K01286FCM0,20,CHF,2018-07-23
K01286FCO0,20,CHF,2018-07-23
K01286FCX0,20,CHF,2018-07-23
K01286FCY0,20,CHF,2018-07-23
K048680000,20,CHF,2018-07-24
K11285AKM0,90,CHF,2018-07-25
K098100000,20,CHF,2018-07-27
K087010000,20,CHF,2018-07-30
K01286FDG0,20,CHF,2018-07-31
K01286FDJ0,20,CHF,2018-07-31
K10100ESD0,90,EUR,2018-08-02
K10100ERD0,90,EUR,2018-07-03
K10100ERG0,90,EUR,2018-07-03
K10100ERI0,90,EUR,2018-07-03
K10100ERS0,90,EUR,2018-07-03
K10100ESA0,90,EUR,2018-07-03
K11285AKI0,20,CHF,2018-07-04
K07393BHQ0,90,EUR,2018-07-04
K07393BHV0,90,EUR,2018-08-08
K01286FEN0,20,CHF,2018-08-20
K057500000,20,CHF,2018-08-20
K17719APY0,20,CHF,2018-08-21
K003230000,20,CHF,2018-08-28
K155850000,90,EUR,2018-09-11
K17719AQA0,20,CHF,2018-09-12
K01286FGA0,20,CHF,2018-09-19
K01286FGB0,20,CHF,2018-09-19
K002820000,20,CHF,2018-09-20
K133850000,10,CHF,2018-09-21
K10100ETD0,90,EUR,2018-08-02
K04370ALQ0,20,CHF,2018-08-07
K04370ALR0,20,CHF,2018-08-07
K04370ALS0,20,CHF,2018-08-07
K002690000,20,CHF,2018-08-30
K002740000,90,CHF,2018-08-31
K01286FFE0,20,CHF,2018-09-03
K10100ETV0,90,EUR,2018-09-04
K10100ETW0,90,EUR,2018-09-04
K10100ETY0,90,EUR,2018-09-04
K003200000,20,CHF,2018-09-04
K14542AER0,20,CHF,2018-09-05
K07393BIF0,90,EUR,2018-09-05
K07393BIG0,90,EUR,2018-09-05
K002760000,10,CHF,2018-09-07
K150331183,90,CHF,2018-09-10
K01286FFH0,20,CHF,2018-09-10
K01286FFI0,20,CHF,2018-09-10
K10100EUN0,90,EUR,2018-10-02
K01286FGG0,20,CHF,2018-09-25
K01286FGH0,20,CHF,2018-09-25
K01286FGI0,20,CHF,2018-09-25
K002870000,20,CHF,2018-09-28
K01286FHX0,20,CHF,2018-10-15
K01286FIF0,20,CHF,2018-10-22
K01286FIH0,20,CHF,2018-10-22
K01286FII0,20,CHF,2018-10-22
K021150000,20,CHF,2018-10-22
K01286FIM0,20,CHF,2018-10-24
K01286FIP0,20,CHF,2018-11-05
K04370ALT0,20,CHF,2018-11-07
K07393BIW0,90,EUR,2018-11-07
K02151AVJ0,20,CHF,2018-11-08
K10100EVW0,90,EUR,2018-11-09
K10100EWL0,90,EUR,2018-11-09
K10100EWP0,90,EUR,2018-11-09
K045910000,20,CHF,2006-07-24
K045960002,20,CHF,2012-02-29
K062270000,20,EUR,2013-02-12
K02151AZJ0,20,CHF,2021-09-08
K02151AZN0,20,CHF,2021-09-08
K060220000,20,CHF,2021-09-16
K01286HRT0,20,CHF,2021-09-21
K02151AZP0,20,CHF,2021-10-11
K11285AZD0,20,CHF,2021-10-13
K039870000,20,CHF,2021-10-13
K01286HSO0,20,CHF,2021-10-19
K04230XXXX,20,CHF,2021-10-21
K039880000,20,CHF,2021-10-21
K039930000,20,CHF,2021-10-26
K081420000,20,CHF,2021-10-28
K11285AZF0,20,CHF,2021-10-29
K01286HTA0,20,CHF,2021-11-02
K01286HTE0,20,CHF,2021-11-02
K019670000,20,CHF,2021-11-23
K024370000,10,CHF,2021-11-29
K01286HUI0,20,CHF,2021-11-30
K01286HUK0,20,CHF,2021-11-30
K125940000,20,CHF,2021-12-01
K02503ABT0,20,CHF,2021-12-03
K125980000,20,CHF,2021-12-06
K00500AHI0,20,CHF,2021-12-06
K00500AHJ0,20,CHF,2021-12-06
K11285AZP0,20,CHF,2021-12-09
K043780000,90,CHF,2022-01-10
K135690000,20,CHF,2022-01-12
K11285AZW0,20,CHF,2022-01-12
K135750000,20,CHF,2022-01-17
K02151AZY0,20,CHF,2022-01-19
K00500AHK0,20,CHF,2022-01-20
K11285BAG0,20,CHF,2022-02-15
K11285BAH0,20,CHF,2022-02-15
K01286HXC0,20,CHF,2022-03-01
K11285BAL0,20,CHF,2022-03-02
K11285BAN0,20,CHF,2022-03-02
K11285BAQ0,20,CHF,2022-03-02
K10100EWR0,90,EUR,2018-11-09
K10100EWS0,90,EUR,2018-11-09
K10100EWT0,90,EUR,2018-11-09
K10100EVH0,90,EUR,2018-10-02
K10100EVI0,90,EUR,2018-10-02
K10100EVO0,90,EUR,2018-10-02
K10100EVK0,90,EUR,2018-10-02
K07393BIK0,90,EUR,2018-10-03
K01286FHG0,20,CHF,2018-10-08
K003010000,20,CHF,2018-11-22
K003020000,20,CHF,2018-11-22
K01286FKS0,20,CHF,2018-11-23
K01286FKV0,20,CHF,2018-11-26
K10100EXL0,90,EUR,2018-12-04
K10100EXM0,90,EUR,2018-12-04
K10100EXO0,90,EUR,2018-12-04
K10100EXQ0,90,EUR,2018-12-04
K10100EXY0,90,EUR,2018-12-04
K10100EYH0,90,EUR,2018-12-04
K10100EYU0,90,EUR,2018-12-05
K10100EYY0,90,EUR,2018-12-05
K10100EYZ0,90,EUR,2018-12-05
K01286FLL0,20,CHF,2018-12-05
K01286FLO0,20,CHF,2018-12-05
K01286FLQ0,20,CHF,2018-12-05
K01286FLR0,20,CHF,2018-12-05
K005350000,20,EUR,2018-12-17
K01286FML0,20,CHF,2018-12-17
K10100EWU0,90,EUR,2018-11-09
K10100EXA0,90,EUR,2018-11-09
K10100EXC0,90,EUR,2018-11-09
K10100EXG0,90,EUR,2018-11-09
K10100EXH0,90,EUR,2018-11-09
K01286FJN0,20,CHF,2018-11-12
K01286FKC0,20,CHF,2018-11-19
K01286FKG0,20,CHF,2018-11-19
K01286FKO0,20,CHF,2018-11-19
K07393BJH0,90,EUR,2018-12-06
K01286FMJ0,20,CHF,2018-12-12
K005450000,20,CHF,2019-01-14
K01286FOE0,20,CHF,2019-01-14
K01286FOI0,20,CHF,2019-01-14
K01286FOD0,20,CHF,2019-01-14
K01286FOR0,20,CHF,2019-01-21
K01286FMO0,20,CHF,2018-12-17
K01286FMR0,20,CHF,2018-12-17
K10100EZH0,90,EUR,2019-01-03
K10100EZU0,90,EUR,2019-01-03
K10100EZX0,90,EUR,2019-01-03
K10100FAE0,90,EUR,2019-01-03
K10100FAB0,90,EUR,2019-01-04
K10100FAF0,90,EUR,2019-01-04
K02151AVU0,20,CHF,2019-01-07
K01286FNW0,20,CHF,2019-01-07
K150331187,90,CHF,2019-01-25
K01286FOY0,20,CHF,2019-01-28
K01286FPD0,20,CHF,2019-01-28
K11285ALG0,20,CHF,2019-02-04
K005620000,20,CHF,2019-02-04
K162130000,20,CHF,2019-02-15
K11285ALJ0,90,CHF,2019-02-18
K005520000,20,CHF,2019-02-21
K01286FPJ0,20,CHF,2019-02-05
K01286FPM0,20,CHF,2019-02-05
K135860000,10,EUR,2019-02-06
K005650000,20,CHF,2019-02-06
K10100FAR0,90,EUR,2019-02-07
K10100FBL0,90,EUR,2019-02-07
K10100FBR0,90,EUR,2019-02-07
K10100FBW0,90,EUR,2019-02-07
K01286FQQ0,20,CHF,2019-03-04
K01286FQU0,20,CHF,2019-03-04
K01286FRC0,20,CHF,2019-03-04
K01286FRI0,20,CHF,2019-03-04
K01286FQT0,90,CHF,2019-03-04
K10100FCL0,90,EUR,2019-03-05
K10100FDK0,90,EUR,2019-03-05
K10100FDN0,90,EUR,2019-03-05
K10100FDT0,90,EUR,2019-03-05
K02151AWB0,20,CHF,2019-03-06
K11285BAR0,20,CHF,2022-03-02
K01286HXH0,20,CHF,2022-03-07
K01286HXM0,20,CHF,2022-03-07
K07393BPI0,90,EUR,2022-03-08
K07393BPK0,90,EUR,2022-03-08
K07393BPM0,90,EUR,2022-03-08
K02503ACE0,20,CHF,2022-03-08
K01795AAB0,20,EUR,2022-03-11
K01795AAE0,20,EUR,2022-03-11
K17719AXC0,20,CHF,2021-11-04
K17719AXD0,20,CHF,2021-11-08
K044200000,20,CHF,2021-11-08
K019340000,10,CHF,2021-11-09
K01286HTO0,20,CHF,2021-11-09
K01286HTP0,20,CHF,2021-11-09
K023110000,10,CHF,2021-11-15
K126440000,20,CHF,2021-12-13
K126470000,20,CHF,2021-12-15
K01286HUV0,20,CHF,2021-12-20
K11285AZV0,20,CHF,2022-01-04
K126770000,10,CHF,2022-01-04
K126810000,20,CHF,2022-01-05
K126900000,20,CHF,2022-01-05
K01286HVG0,20,CHF,2022-01-06
K043740000,20,EUR,2022-01-07
K01286HVZ0,20,CHF,2022-01-25
K060630000,20,CHF,2022-02-03
K060650000,20,CHF,2022-02-07
K01286HWG0,20,CHF,2022-02-08
K070070000,20,CHF,2022-02-08
K060890000,20,CHF,2022-03-22
K17719AXY0,20,CHF,2022-03-23
K01286HYH0,20,CHF,2022-03-28
K059210000,20,CHF,2022-03-29
K064660000,20,CHF,2022-04-01
K01795AAK0,90,EUR,2022-03-11
K00500AHM0,20,CHF,2022-03-14
K115530000,20,CHF,2022-03-14
K01795AAV0,20,EUR,2022-03-15
K01795AAX0,20,EUR,2022-03-15
K02151AWG0,20,CHF,2019-03-06
K162280000,90,CHF,2019-03-12
K01286FRR0,20,CHF,2019-03-12
K162320000,90,EUR,2019-03-14
K01286FSA0,20,CHF,2019-03-19
K01286FSC0,20,CHF,2019-03-19
K17719AQL0,20,CHF,2019-03-20
K162370000,20,CHF,2019-03-22
K01286FTX0,20,CHF,2019-04-11
K01286FTN0,20,CHF,2019-04-11
K01286FTR0,20,CHF,2019-04-11
K01286FUA0,20,CHF,2019-04-18
K01286FUB0,20,CHF,2019-04-18
K01286FUH0,20,CHF,2019-04-23
K11285ALK0,20,CHF,2019-04-29
K018490000,90,CHF,2019-04-30
K01286FVB0,20,CHF,2019-05-02
K01286FVC0,20,CHF,2019-05-02
K005840000,20,CHF,2019-05-02
K07393BKN0,90,EUR,2019-05-06
K00500AES0,20,CHF,2019-05-06
K01286FVK0,20,CHF,2019-05-06
K10100FFT0,90,EUR,2019-05-08
K10100FFU0,90,EUR,2019-05-08
K10100FFL0,90,EUR,2019-05-08
K005730000,20,CHF,2019-03-07
K01286FTG0,20,CHF,2019-04-03
K01286FTH0,20,CHF,2019-04-03
K10100FEN0,90,EUR,2019-04-04
K10100FEY0,90,EUR,2019-04-04
K07393BKJ0,90,EUR,2019-04-05
K162480000,20,CHF,2019-04-08
K01286FXH0,20,CHF,2019-05-27
K025020000,20,CHF,2019-05-28
K01286FXM0,20,CHF,2019-06-03
K081760000,20,CHF,2019-06-04
K10100FGX0,90,EUR,2019-06-04
K10100FHG0,90,EUR,2019-06-04
K10100FHK0,90,EUR,2019-06-04
K10100FHQ0,90,EUR,2019-06-04
K01795AAZ0,20,EUR,2022-03-15
K01795ABE0,20,EUR,2022-03-15
K01795ABT0,20,EUR,2022-03-15
K01795ACG0,20,EUR,2022-03-15
K01795ACI0,20,EUR,2022-03-15
K01795ACU0,20,EUR,2022-03-16
K01795ADT0,20,EUR,2022-03-16
K01795ADU0,20,EUR,2022-03-16
K01795ADW0,20,EUR,2022-03-16
K01795AEE0,20,EUR,2022-03-16
K01795AEX0,20,EUR,2022-03-16
K01795AEY0,20,EUR,2022-03-16
K01795AFM0,20,EUR,2022-03-16
K01795AFN0,20,EUR,2022-03-16
K01795AFO0,20,EUR,2022-03-16
K01795AFS0,20,EUR,2022-03-16
K01795AFV0,20,EUR,2022-03-16
K01286HYN0,20,CHF,2022-04-04
K01286HYO0,20,CHF,2022-04-04
K01286HYR0,20,CHF,2022-04-04
K11285BAU0,20,CHF,2022-04-05
K01795AGJ0,20,EUR,2022-04-05
K01795AGM0,20,EUR,2022-04-05
K01795AGO0,20,EUR,2022-04-05
K01795AGR0,20,EUR,2022-04-05
K01795AGZ0,20,EUR,2022-04-05
K11285BAX0,20,CHF,2022-04-06
K01795AHK0,20,EUR,2022-04-06
K01795AHL0,20,EUR,2022-04-06
K01795AIA0,20,EUR,2022-04-06
K01795AIM0,20,EUR,2022-04-06
K01795AIN0,20,EUR,2022-04-06
K059280000,20,CHF,2022-04-06
K01795AIO0,20,EUR,2022-04-06
K01795AIP0,20,EUR,2022-04-06
K01795AIU0,20,EUR,2022-04-06
K01795AIV0,20,EUR,2022-04-06
K01795AIW0,20,EUR,2022-04-06
K01795AIY0,20,EUR,2022-04-06
K10100FHR0,90,EUR,2019-06-04
K10100FID0,90,EUR,2019-06-04
K10100FII0,90,EUR,2019-06-04
K10100FIK0,90,EUR,2019-06-04
K10100FIJ0,90,EUR,2019-06-04
K10100FIM0,90,EUR,2019-06-04
K14542AES0,20,CHF,2019-06-04
K118160000,10,CHF,2019-07-01
K01286FYK0,20,CHF,2019-07-02
K01286FZD0,20,CHF,2019-07-02
K10100FIP0,90,EUR,2019-07-02
K10100FIR0,90,EUR,2019-07-02
K10100FIZ0,90,EUR,2019-07-02
K10100FJH0,90,EUR,2019-07-02
K10100FJJ0,90,EUR,2019-07-02
K10100FJL0,90,EUR,2019-07-02
K10100FJS0,90,EUR,2019-07-02
K118180000,10,CHF,2019-07-03
K11285ALM0,20,CHF,2019-07-03
K07393BLI0,90,EUR,2019-07-03
K07393BLJ0,90,EUR,2019-07-03
K093680000,20,CHF,2019-07-04
K10100FFW0,90,EUR,2019-05-08
K10100FFY0,90,EUR,2019-05-08
K10100FGA0,90,EUR,2019-05-08
K10100FGJ0,90,EUR,2019-05-08
K10100FGK0,90,EUR,2019-05-08
K10100FGM0,90,EUR,2019-05-08
K07393BKO0,90,EUR,2019-05-08
K07393BKR0,90,EUR,2019-05-08
K07393BKP0,90,EUR,2019-05-08
K162560000,10,CHF,2019-05-08
K162570000,10,CHF,2019-05-09
K005950000,20,CHF,2019-05-13
K162590000,90,CHF,2019-05-16
K07393BLD0,90,EUR,2019-06-07
K07393BLG0,90,EUR,2019-06-07
K01286FXX0,20,CHF,2019-06-11
K01286FXZ0,20,CHF,2019-06-11
K055260000,20,EUR,2019-06-12
K01795AJE0,20,EUR,2022-04-06
K01795AJI0,20,EUR,2022-04-06
K01795AJN0,20,EUR,2022-04-06
K01795AJP0,20,EUR,2022-04-06
K01795AJT0,20,EUR,2022-04-08
K01795AGS0,20,EUR,2022-04-08
K01795AKF0,20,EUR,2022-04-08
K01795AKM0,20,EUR,2022-04-08
K01795AKO0,20,EUR,2022-04-08
K01286HZK0,20,CHF,2022-05-02
K01286HZN0,20,CHF,2022-05-03
K01286HZQ0,20,CHF,2022-05-03
K01286HZR0,20,CHF,2022-05-03
K01286HZT0,20,CHF,2022-05-03
K01795AKU0,20,EUR,2022-05-03
K01795AKZ0,20,EUR,2022-05-03
K01286HXW0,20,CHF,2022-03-21
K01286HXY0,20,CHF,2022-03-21
K01286HYA0,20,CHF,2022-03-21
K01286HYC0,20,CHF,2022-03-21
K040720000,10,CHF,2022-04-19
K11285BBD0,20,CHF,2022-04-21
K11285BBE0,20,CHF,2022-04-21
K040750000,20,CHF,2022-04-21
K01286HYX0,20,CHF,2022-04-25
K01286HZC0,20,CHF,2022-04-25
K040590000,20,CHF,2022-05-02
K01286IAP0,20,CHF,2022-05-30
K01286IAQ0,20,CHF,2022-05-30
K01795AOH0,20,EUR,2022-06-03
K11285BBR0,20,CHF,2022-06-03
K01795AOJ0,90,EUR,2022-06-03
K01795ALB0,20,EUR,2022-05-03
K01795ALR0,20,EUR,2022-05-04
K01795AMH0,20,EUR,2022-05-04
K01795AMZ0,20,EUR,2022-05-05
K01795ANA0,20,EUR,2022-05-05
K01795ANN0,20,EUR,2022-05-05
K01286IAE0,20,CHF,2022-05-18
K01286IAG0,20,CHF,2022-05-18
K043030000,20,CHF,2022-06-09
K01286IBI0,20,CHF,2022-06-20
K01286IBJ0,20,CHF,2022-06-20
K01286IBP0,20,CHF,2022-06-20
K04230AAM0,20,CHF,2022-06-23
K042240000,20,CHF,2022-06-24
K04230AAO0,20,CHF,2022-06-24
K01795AOK0,20,EUR,2022-06-03
K01795AOQ0,20,EUR,2022-06-03
K01795AOR0,20,EUR,2022-06-03
K01795AOS0,20,EUR,2022-06-03
K01795AOW0,20,EUR,2022-06-03
K01795APQ0,20,EUR,2022-06-07
K01795APS0,20,EUR,2022-06-07
K01795APT0,20,EUR,2022-06-07
K068760000,20,CHF,2022-12-02
K01795ARE0,20,EUR,2022-06-07
K01795ARI0,20,EUR,2022-06-07
K11285BBY0,20,CHF,2022-07-04
K11285BBZ0,20,CHF,2022-07-04
K11285BCD0,20,CHF,2022-07-04
K01795ARQ0,20,EUR,2022-07-07
K01795ARS0,20,EUR,2022-07-07
K01795ART0,20,EUR,2022-07-07
K01795ARU0,20,EUR,2022-07-07
K01795ARV0,20,EUR,2022-07-07
K01795ASB0,20,EUR,2022-07-07
K01795ASC0,20,EUR,2022-07-07
K02503ACN0,20,CHF,2022-07-08
K01795ASK0,20,EUR,2022-07-08
K04230AAY0,20,CHF,2022-06-24
K04230ABE0,20,CHF,2022-06-27
K052120000,20,CHF,2022-06-29
K142210000,20,CHF,2022-06-29
K023460000,20,CHF,2022-07-18
K023580000,20,CHF,2022-07-26
K125060000,20,CHF,2022-07-28
K01286ICI0,20,CHF,2022-08-02
K01286ICM0,20,CHF,2022-08-02
K01286ICN0,20,CHF,2022-08-03
K01286IDK0,20,CHF,2022-08-04
K02151BAG0,20,CHF,2022-08-04
K11285BCL0,20,CHF,2022-08-04
K01795ASX0,20,EUR,2022-08-05
K01795ASZ0,20,EUR,2022-08-05
K01795ATC0,20,EUR,2022-08-05
K01795ATO0,20,EUR,2022-08-05
K01795AUG0,20,EUR,2022-08-08
K01795AUP0,20,EUR,2022-08-08
K01795AUR0,20,EUR,2022-08-08
K01795AUS0,20,EUR,2022-08-08
K01795AUU0,20,EUR,2022-08-08
K17719AZM0,20,CHF,2022-07-11
K17719AZN0,20,CHF,2022-07-12
K04230ACF0,20,CHF,2022-08-16
K04230ACG0,20,CHF,2022-08-16
K04230ACK0,20,CHF,2022-08-16
K04230ACS0,20,CHF,2022-08-16
K04230ACU0,20,CHF,2022-08-16
K900230000,20,CHF,2022-08-23
K01286IEG0,20,CHF,2022-08-29
K01286IEH0,20,CHF,2022-08-29
K01286IEJ0,20,CHF,2022-08-29
K01286IEK0,20,CHF,2022-08-29
K04230ADA0,20,CHF,2022-09-02
K04230ADF0,20,CHF,2022-09-02
K04230ADG0,20,CHF,2022-09-02
K04230ADK0,20,CHF,2022-09-02
K04230ADM0,20,CHF,2022-09-02
K01795AWL0,20,EUR,2022-09-02
K01795AWP0,20,EUR,2022-09-02
K01795AWQ0,20,EUR,2022-09-02
K01795AWT0,20,EUR,2022-09-02
K17719AZV0,20,CHF,2022-09-05
K17719AZW0,20,CHF,2022-09-05
K01795AXE0,20,EUR,2022-09-05
K910020000,20,CHF,2022-09-05
K01795AXM0,20,EUR,2022-09-05
K900030000,20,CHF,2022-09-05
K01795AVS0,20,EUR,2022-08-08
K04230ABI0,20,CHF,2022-08-08
K04230ABT0,20,CHF,2022-08-08
K01286IDV0,20,CHF,2022-08-15
K01286IFV0,20,CHF,2022-10-03
K01286IFW0,20,CHF,2022-10-03
K01795BAA0,20,EUR,2022-10-05
K01795BAC0,20,EUR,2022-10-05
K01795BAE0,20,EUR,2022-10-05
K01795BAG0,20,EUR,2022-10-05
K01795BAV0,20,EUR,2022-10-05
K01795BAY0,20,EUR,2022-10-05
K01795BBC0,20,EUR,2022-10-05
K01795BBL0,20,EUR,2022-10-05
K01795BBP0,20,EUR,2022-10-05
K01795BBT0,20,EUR,2022-10-05
K04230ADQ0,20,CHF,2022-10-06
K04230AEC0,20,CHF,2022-10-06
K04230AED0,20,CHF,2022-10-06
K04230AEM0,20,CHF,2022-10-06
K04230AEN0,20,CHF,2022-10-06
K040900000,20,CHF,2022-11-01
K040940000,90,CHF,2022-11-07
K040950000,10,CHF,2022-11-07
K04230AEX0,20,CHF,2022-11-08
K040960000,20,CHF,2022-11-08
K01286IHF0,20,CHF,2022-11-08
K01286IHG0,20,CHF,2022-11-08
K01286IHH0,20,CHF,2022-11-08
K01286IHI0,20,CHF,2022-11-08
K01286IHJ0,20,CHF,2022-11-08
K01286IHS0,20,CHF,2022-11-08
K01795BCR0,20,EUR,2022-11-09
K01795AYE0,20,EUR,2022-09-06
K01795AYF0,20,EUR,2022-09-06
K01795AYQ0,20,EUR,2022-09-06
K01795AYS0,90,EUR,2022-09-06
K01795AYY0,20,EUR,2022-09-06
K01795AZN0,20,EUR,2022-09-06
K080840000,20,CHF,2022-09-12
K02151AWP0,20,CHF,2019-06-13
K02151AWQ0,20,CHF,2019-06-13
K04370AMG0,20,CHF,2019-06-13
K025200000,20,CHF,2019-06-14
K083380001,20,CHF,2019-06-19
K00500AEV0,20,CHF,2019-07-08
K118330000,20,CHF,2019-07-26
K01286GAB0,20,CHF,2019-07-31
K01286GAC0,20,CHF,2019-07-31
K01286GAX0,20,CHF,2019-08-05
K01286GBB0,20,CHF,2019-08-05
K01286GBC0,20,CHF,2019-08-05
K01286GBI0,20,CHF,2019-08-05
K10100FKG0,90,EUR,2019-08-05
K10100FKK0,90,EUR,2019-08-05
K10100FKN0,90,EUR,2019-08-05
K01286GBS0,20,CHF,2019-08-12
K075220000,20,CHF,2019-08-15
K118810000,90,CHF,2019-08-16
K163080000,20,CHF,2019-08-20
K025770000,20,CHF,2019-08-22
K008150000,20,CHF,2009-06-12
K008210000,20,CHF,2009-06-12
K008260000,20,CHF,2009-06-12
K008350000,90,CHF,2009-06-12
K008370000,20,CHF,2009-06-12
K008610000,20,CHF,2009-06-12
K009040000,20,CHF,2009-06-12
K009050000,20,CHF,2009-06-12
K009140000,10,CHF,2009-06-12
K009170000,90,CHF,2010-01-14
K009180000,10,CHF,2009-06-12
K009220000,20,CHF,2009-06-12
K009280000,20,CHF,2009-06-12
K009410000,20,CHF,2009-06-12
K009440000,20,CHF,2009-06-12
K01286ACR0,90,CHF,2010-04-26
K01286ADF0,20,CHF,2010-04-26
K01286ADG0,20,CHF,2010-04-26
K01286ADT0,90,CHF,2011-05-03
K086410000,20,CHF,2022-09-13
K081430000,20,CHF,2022-09-14
K17719BAA0,20,CHF,2022-10-12
K11285BDK0,20,CHF,2022-10-17
K01286IGI0,20,CHF,2022-10-17
K01286IGS0,20,CHF,2022-10-18
K01286IGU0,20,CHF,2022-10-18
K040860000,20,EUR,2022-10-20
K043050001,20,CHF,2022-11-18
K01286IHW0,20,CHF,2022-11-21
K01286IHY0,20,CHF,2022-11-21
K01286IIC0,20,CHF,2022-11-21
K01286IIJ0,20,CHF,2022-11-21
K163610000,20,CHF,2022-11-22
K097460000,20,CHF,2022-11-24
K01286IIQ0,20,CHF,2022-11-28
K01286IIS0,20,CHF,2022-11-28
K04230AFN0,20,CHF,2022-12-01
K04230AGA0,20,CHF,2022-12-01
K04230AGF0,20,CHF,2022-12-01
K04230AGI0,90,CHF,2022-12-01
K02503ACT0,20,CHF,2022-12-01
K01286IIY0,90,CHF,2022-12-05
K01795BGE0,20,EUR,2022-12-06
K01795BGI0,20,EUR,2022-12-06
K01795BGL0,20,EUR,2022-12-06
K01795BGS0,20,EUR,2022-12-06
K01795BGW0,20,EUR,2022-12-06
K01795BGZ0,20,EUR,2022-12-06
K01795BHG0,20,EUR,2022-12-06
K01795BHJ0,20,EUR,2022-12-06
K01795BHV0,20,EUR,2022-12-06
K01795BHX0,20,EUR,2022-12-06
K01795BIL0,20,EUR,2022-12-06
K01795BIR0,20,EUR,2022-12-07
K01795BIU0,20,EUR,2022-12-07
K01795BIV0,20,EUR,2022-12-07
K01795BIW0,20,EUR,2022-12-07
K070170000,20,CHF,2022-12-07
K059990000,20,CHF,2022-12-08
K01286AEF0,20,CHF,2012-01-18
K01286AEZ0,20,CHF,2012-07-30
K01286AFE0,20,CHF,2012-07-31
K01286AFG0,20,CHF,2012-07-31
K01286AFO0,20,CHF,2012-08-07
K01286AFQ0,20,CHF,2012-08-07
K01286AFU0,20,CHF,2012-08-07
K01286AGH0,20,CHF,2012-08-07
K01286AGI0,90,CHF,2012-08-07
K01286AGM0,20,CHF,2012-08-07
K01286AGO0,20,CHF,2012-08-07
K01286AGQ0,20,CHF,2012-08-07
K01286AGR0,20,CHF,2012-08-07
K01286AHH0,20,CHF,2012-08-07
K01286AHM0,20,CHF,2012-08-07
K01286AHP0,20,CHF,2012-08-07
K01286AHX0,90,CHF,2012-08-07
K01286AID0,20,CHF,2012-08-07
K01286AIE0,20,CHF,2012-08-07
K01286AII0,20,CHF,2012-08-07
K01286AIJ0,20,CHF,2012-08-07
K01286AIQ0,20,CHF,2012-08-27
K01286AIS0,20,CHF,2012-08-27
K01286AJA0,20,CHF,2012-08-27
K01286AJH0,20,CHF,2012-08-27
K01286AJI0,20,CHF,2012-08-27
K01286AJT0,20,CHF,2012-08-27
K01286AJV0,20,CHF,2012-08-27
K01286AJZ0,20,CHF,2012-08-27
K01286AKE0,20,CHF,2012-08-27
K01286AKF0,20,CHF,2012-08-27
K01286AKS0,20,CHF,2012-08-27
K01286ALA0,90,CHF,2012-08-27
K01286ALQ0,20,CHF,2012-08-27
K01286AMB0,20,CHF,2012-08-27
K01286AMZ0,20,CHF,2012-08-27
K01286ANL0,20,CHF,2012-08-27
K01286ANT0,20,CHF,2012-08-27
K01286ANX0,20,CHF,2012-08-27
K01795BDR0,20,EUR,2022-11-09
K01795BDY0,20,EUR,2022-11-09
K01795BEA0,20,EUR,2022-11-09
K01795BEB0,20,EUR,2022-11-09
K01795BED0,20,EUR,2022-11-09
K01795BEE0,20,EUR,2022-11-09
K01795BEL0,20,EUR,2022-11-09
K01795BEP0,20,EUR,2022-11-09
K01795BER0,20,EUR,2022-11-09
K01795BEY0,20,EUR,2022-11-09
K11285BDM0,20,CHF,2022-11-10
K01795BFH0,20,EUR,2022-11-10
K01795BFK0,20,EUR,2022-11-10
K17719BAE0,20,CHF,2022-11-15
K11285BDQ0,20,CHF,2022-12-09
K01286IJG0,20,CHF,2022-12-13
K01286IJH0,20,CHF,2022-12-13
K01286IJQ0,20,CHF,2022-12-13
K01286IJR0,20,CHF,2022-12-13
K086750000,90,CHF,2022-12-15
K077820000,20,CHF,2022-12-20
K143890000,20,CHF,2022-12-20
K17719BAM0,20,CHF,2022-12-20
K13600AAD0,20,CHF,2022-12-20
K04230AGQ0,20,CHF,2023-01-03
K04230AGR0,20,CHF,2023-01-03
K04230AGV0,20,CHF,2023-01-03
K01795BIX0,20,EUR,2023-01-04
K01795BIZ0,20,EUR,2023-01-04
K01795BJG0,20,EUR,2023-01-04
K01795BJH0,20,EUR,2023-01-04
K01795BJR0,20,EUR,2023-01-04
K01795BJW0,20,EUR,2023-01-04
K01795BKE0,20,EUR,2023-01-04
K01795BKS0,20,EUR,2023-01-05
K01795BKW0,20,EUR,2023-01-05
K01286IKM0,20,CHF,2023-01-06
K01286ILA0,20,CHF,2023-01-30
K04230AHL0,20,CHF,2023-02-01
K01286ANY0,90,CHF,2012-08-27
K01286APA0,20,CHF,2012-08-27
K01286APB0,20,CHF,2012-08-27
K01286API0,20,CHF,2012-08-27
K009560000,10,CHF,2010-09-16
K009740000,90,CHF,2010-04-01
K010160000,10,CHF,2011-05-03
K010460000,90,CHF,2006-07-24
K010580000,90,CHF,2012-02-29
K010670000,10,CHF,2012-07-02
K010750000,20,CHF,2006-07-24
K010780000,20,CHF,2011-03-07
K010820000,90,CHF,2008-07-04
K01286APM0,20,CHF,2012-08-27
K01286APX0,20,CHF,2012-08-27
K01286APY0,20,CHF,2012-08-27
K01286AQV0,90,CHF,2012-10-08
K01286AQW0,90,CHF,2012-10-08
K01286ARC0,20,CHF,2012-10-08
K01286ARL0,20,CHF,2012-10-08
K01286ARM0,20,CHF,2012-10-08
K01286ASG0,20,CHF,2012-10-08
K01286ASI0,20,CHF,2012-10-08
K01286ASR0,20,CHF,2012-10-08
K01286ASV0,20,CHF,2012-10-08
K01286ATH0,20,CHF,2012-10-08
K01286AUH0,20,CHF,2012-10-08
K01286AUU0,20,CHF,2012-10-08
K01286AVJ0,20,CHF,2012-10-08
K011080000,20,CHF,2006-07-24
K011110008,90,CHF,2006-07-27
K011110012,90,CHF,2006-07-27
K01111KA02,20,CHF,2013-01-07
K01111KA03,20,CHF,2013-01-07
K01111KD02,20,CHF,2013-01-07
K01111KH03,20,CHF,2015-05-21
K01111KI00,20,CHF,2013-01-07
K01111KI08,20,CHF,2015-05-04
K011150000,20,CHF,2006-07-24
K011190000,10,CHF,2012-06-14
K02503ACW0,20,CHF,2023-02-02
K01795BKX0,20,EUR,2023-02-06
K01795BLK0,20,EUR,2023-02-06
K01795BLX0,20,EUR,2023-02-06
K01795BMF0,20,EUR,2023-02-06
K01795BMS0,20,EUR,2023-02-07
K11285BDZ0,20,CHF,2023-02-08
K092190000,20,CHF,2023-01-09
K059520000,20,CHF,2023-01-11
K11285BDU0,20,CHF,2023-01-12
K11285BDX0,20,CHF,2023-01-12
K01286IKO0,20,CHF,2023-01-16
K092390000,20,CHF,2023-01-24
K01286ILU0,20,CHF,2023-02-13
K17719BAU0,20,CHF,2023-02-14
K035330000,20,CHF,2023-02-17
K067780000,20,CHF,2023-02-24
K135250000,10,CHF,2023-02-27
K01286IMJ0,20,CHF,2023-02-27
K17719BAZ0,20,CHF,2023-02-28
K044680000,20,CHF,2023-03-01
K04230AID0,20,CHF,2023-03-01
K04230AIM0,20,CHF,2023-03-01
K01795BNP0,20,EUR,2023-03-02
K01795BNQ0,20,EUR,2023-03-03
K01795BOL0,20,EUR,2023-03-03
K01795BOQ0,20,EUR,2023-03-06
K01795BOZ0,20,EUR,2023-03-06
K01286INP0,20,CHF,2023-03-21
K090740000,20,CHF,2023-03-23
K089790000,10,CHF,2023-04-03
K01795BPK0,20,EUR,2023-04-05
K01795BPL0,20,EUR,2023-04-05
K01795BPM0,20,EUR,2023-04-05
K01795BPN0,20,EUR,2023-04-05
K01795BQB0,20,EUR,2023-04-05
K01795BQF0,20,EUR,2023-04-05
K01795BQG0,20,EUR,2023-04-05
K01795BQQ0,20,EUR,2023-04-05
K01795BQU0,20,EUR,2023-04-05
K04230AIW0,20,CHF,2023-04-06
K01795BRD0,20,EUR,2023-04-06
K01795BRI0,20,EUR,2023-04-06
K01795BRJ0,20,EUR,2023-04-06
K01795BRO0,20,EUR,2023-04-06
K098510000,90,CHF,2023-04-06
K090850000,20,CHF,2023-04-06
K023780000,20,EUR,2023-05-03
K035290000,20,CHF,2023-02-13
K17719BBE0,20,CHF,2023-03-20
K00500AHW0,20,CHF,2023-04-14
K01286IOK0,20,CHF,2023-04-18
K01286IOL0,20,CHF,2023-04-18
K02503ADC0,20,CHF,2023-05-02
K01795BSG0,20,EUR,2023-05-03
K01795BSO0,20,EUR,2023-05-03
K01795BSP0,20,EUR,2023-05-03
K01795BTC0,20,EUR,2023-05-03
K17719BCM0,20,CHF,2023-06-14
K17719BCP0,20,CHF,2023-06-19
K023990000,20,CHF,2023-06-27
K01286IQX0,20,CHF,2023-06-27
K13600AAV0,20,CHF,2023-05-15
K13600ABB0,20,CHF,2023-05-15
K01286IPQ0,20,CHF,2023-05-16
K023850000,20,CHF,2023-05-23
K01286IPR0,20,CHF,2023-05-23
K01286IQA0,20,CHF,2023-05-23
K17719BCE0,20,CHF,2023-05-24
K17719BCF0,20,CHF,2023-05-25
K04230AJN0,20,CHF,2023-05-30
K04230AJT0,20,CHF,2023-05-30
K04230AJX0,20,CHF,2023-05-30
K04230AKE0,20,CHF,2023-06-01
K04230AKG0,20,CHF,2023-06-02
K04230AKP0,20,CHF,2023-06-02
K04230AKQ0,20,CHF,2023-06-02
K01286IQK0,20,CHF,2023-06-05
K01286IQL0,20,CHF,2023-06-05
K011200000,20,CHF,2012-08-09
K011230000,90,CHF,2010-07-30
K011250000,10,CHF,2006-07-24
K011320000,90,EUR,2012-06-15
K011450000,90,CHF,2012-06-01
K011460000,90,CHF,2012-06-18
K011490000,20,CHF,2013-06-24
K011550000,20,CHF,2013-08-29
K011600000,90,CHF,2009-10-21
K011610002,20,CHF,2012-04-26
K011700000,20,CHF,2011-10-10
K011720000,90,CHF,2011-03-18
K011730000,10,CHF,2013-07-17
K011780000,20,CHF,2013-12-16
K011910000,90,CHF,2009-09-02
K012040000,20,CHF,2012-09-05
K012190000,90,CHF,2006-07-24
K012280000,90,CHF,2014-02-06
K012330000,10,CHF,2014-01-29
K01234AAH0,20,CHF,2010-03-12
K01234AAJ0,90,CHF,2011-11-21
K01234YYYY,20,CHF,2009-09-15
K01234ZZZZ,90,CHF,2009-05-05
K01286BUM0,90,CHF,2013-10-28
K01286BUO0,20,CHF,2013-10-28
K01286BUU0,20,CHF,2013-10-28
K01286BUY0,20,CHF,2013-10-28
K01286BUZ0,20,CHF,2013-10-28
K01286BVK0,20,CHF,2013-10-28
K01286BVZ0,20,CHF,2013-11-20
K01286BWA0,20,CHF,2013-11-20
K01286BWC0,20,CHF,2013-11-20
K01286BWI0,20,CHF,2013-11-20
K01286BWJ0,20,CHF,2013-11-20
K01286BWW0,20,CHF,2013-12-03
K01286BXQ0,20,CHF,2013-12-16
K01286BYJ0,20,CHF,2014-01-09
K01286BYN0,20,CHF,2014-01-13
K01286BYQ0,90,CHF,2014-01-13
K01795BTO0,20,EUR,2023-06-05
K01795BUJ0,20,EUR,2023-06-05
K01795BUN0,20,EUR,2023-06-05
K01795BUR0,20,EUR,2023-06-05
K01286ISC0,20,CHF,2023-07-14
K01286IRI0,20,CHF,2023-06-27
K01286IRL0,20,CHF,2023-06-27
K01286IRQ0,20,CHF,2023-07-03
K01286IRS0,20,CHF,2023-07-03
K04230ALE0,20,CHF,2023-07-04
K04230ALH0,20,CHF,2023-07-04
K072940001,20,CHF,2023-07-04
K01795BUY0,20,EUR,2023-07-04
K01795BVC0,20,EUR,2023-07-04
K01795BVG0,20,EUR,2023-07-04
K01795BWC0,20,EUR,2023-07-05
K01795BWJ0,20,EUR,2023-07-05
K01795BWO0,20,EUR,2023-07-05
K01795BWS0,20,EUR,2023-07-05
K027580000,20,CHF,2023-07-05
K01286ITB0,20,CHF,2023-07-24
K01286ITD0,20,CHF,2023-07-24
K17719BCZ0,20,CHF,2023-07-25
K04611AAD0,20,CHF,2023-07-26
K04611AAP0,20,CHF,2023-07-27
K04611AAU0,20,CHF,2023-07-27
K01286ISF0,20,CHF,2023-07-14
K01286ISJ0,20,CHF,2023-07-14
K02151BBG0,20,CHF,2023-07-14
K02151BBI0,20,CHF,2023-07-14
K027660000,20,CHF,2023-07-17
K032280000,20,CHF,2023-07-19
K057900000,20,CHF,2023-07-20
K01286ITU0,20,CHF,2023-08-28
K01286IUB0,20,CHF,2023-08-28
K01286IUK0,20,CHF,2023-08-28
K04230ALW0,20,CHF,2023-08-29
K04230ALX0,20,CHF,2023-08-29
K17719BDD0,20,CHF,2023-09-04
K01286IUS0,20,CHF,2023-09-04
K01286BYT0,90,CHF,2014-01-20
K01286BYV0,20,CHF,2014-01-20
K01286BYW0,20,CHF,2014-01-20
K01286BZD0,20,CHF,2014-01-28
K01286BZO0,20,CHF,2014-02-03
K01286BZS0,20,CHF,2014-02-03
K01286CAA0,90,CHF,2014-02-17
K01286CAD0,90,CHF,2014-02-18
K01286CAJ0,20,CHF,2014-02-18
K01286CAQ0,20,CHF,2014-03-04
K01286CBA0,20,CHF,2014-03-18
K01286CBF0,90,CHF,2014-03-21
K01286CBH0,20,CHF,2014-03-21
K01286CBV0,90,CHF,2014-04-01
K01286CBX0,20,CHF,2014-04-01
K01286CCF0,20,CHF,2014-04-01
K01286CCH0,20,CHF,2014-04-01
K01286CCK0,20,CHF,2014-04-10
K01286CCR0,90,CHF,2014-04-14
K01286CDF0,20,CHF,2014-05-13
K01286CDJ0,20,CHF,2014-05-20
K01286CDO0,20,CHF,2014-05-20
K01286CDQ0,20,CHF,2014-05-20
K01286AVR0,90,CHF,2012-10-08
K01286AVU0,90,CHF,2012-10-08
K01286AWR0,20,CHF,2012-10-08
K01286AWS0,20,CHF,2012-10-08
K01286AWT0,20,CHF,2012-10-08
K01286AXC0,90,CHF,2012-10-08
K01286AXR0,90,CHF,2012-10-08
K01286AXU0,20,CHF,2012-10-08
K01286AXV0,20,CHF,2012-10-08
K01286AYE0,20,CHF,2012-10-08
K01286AYF0,20,CHF,2012-10-08
K01286AZK0,20,CHF,2012-10-08
K01286AZR0,20,CHF,2012-10-08
K01286AZS0,20,CHF,2012-10-08
K01286BBD0,90,CHF,2012-10-08
K01286BBI0,20,CHF,2012-10-08
K01286IUU0,20,CHF,2023-09-04
K01286IUV0,20,CHF,2023-09-04
K01795BYR0,20,EUR,2023-09-04
K01795BYS0,20,EUR,2023-09-04
K04611ABI0,20,CHF,2023-07-28
K04611ABJ0,20,CHF,2023-07-28
K01795BXF0,20,EUR,2023-08-02
K01795BXH0,20,EUR,2023-08-02
K01795BXN0,20,EUR,2023-08-02
K01795BXO0,20,EUR,2023-08-02
K01795BXU0,20,EUR,2023-08-02
K01795BXW0,20,EUR,2023-08-02
K01795BYA0,20,EUR,2023-08-02
K01795BYD0,20,EUR,2023-08-02
K11285BFN0,20,CHF,2023-08-09
K107870000,20,CHF,2023-09-06
K04611ABX0,20,CHF,2023-09-07
K02151BBK0,20,CHF,2023-09-08
K037820000,20,CHF,2023-09-08
K01286IUZ0,20,CHF,2023-09-18
K01286IVC0,20,CHF,2023-09-18
K038690000,90,CHF,2023-09-20
K17719BDH0,20,CHF,2023-09-20
K01286IVL0,20,CHF,2023-09-25
K17719BDI0,20,CHF,2023-09-25
K071420000,10,CHF,2023-09-25
K01795BZV0,20,EUR,2023-09-05
K01795CAB0,20,EUR,2023-09-05
K01795CAE0,20,EUR,2023-09-05
K136640000,20,CHF,2023-10-18
K17719BDM0,20,CHF,2023-10-20
K01286IWW0,20,CHF,2023-10-23
K01286IXD0,20,CHF,2023-10-25
K01286IXK0,20,CHF,2023-10-25
K01286IXS0,20,CHF,2023-10-25
K01286IYE0,20,CHF,2023-10-25
K01286IYJ0,20,CHF,2023-10-25
K01286IYV0,20,CHF,2023-10-31
K01286IYY0,20,CHF,2023-11-01
K038950000,20,CHF,2023-11-01
K028130000,20,CHF,2023-11-10
K06728AAD0,20,CHF,2023-10-02
K06728AAF0,20,CHF,2023-10-02
K06728AAZ0,20,CHF,2023-10-02
K04230ANH0,20,CHF,2023-10-02
K04230ANN0,20,CHF,2023-10-02
K01795CAP0,20,EUR,2023-10-03
K01795CAW0,20,EUR,2023-10-03
K01795CBJ0,20,EUR,2023-10-04
K01795CBW0,20,EUR,2023-10-04
K01795CCD0,20,EUR,2023-10-04
K038820000,20,CHF,2023-10-04
K04611ACD0,20,CHF,2023-10-05
K04611ACF0,20,CHF,2023-10-05
K11285BGB0,20,CHF,2023-10-16
K01286IWE0,20,CHF,2023-10-16
K01286IWK0,20,CHF,2023-10-17
K01286IWL0,20,CHF,2023-10-17
K01286IZC0,20,CHF,2023-11-28
K17719BDT0,20,CHF,2023-11-28
K17719BDU0,20,CHF,2023-11-28
K04605XXXX,20,CHF,2023-12-01
K17719BEI0,20,CHF,2023-12-01
K04230ANZ0,20,CHF,2023-12-01
K04230AOC0,20,CHF,2023-12-01
K04230AOE0,20,CHF,2023-12-01
K04230AOF0,20,CHF,2023-12-01
K04230AOJ0,20,CHF,2023-12-01
K04230APA0,20,CHF,2023-12-01
K04230APB0,20,CHF,2023-12-01
K01286IZY0,20,CHF,2023-12-04
K01286IZZ0,20,CHF,2023-12-04
K01286JAB0,20,CHF,2023-12-04
K01286JAC0,20,CHF,2023-12-04
K01286JAG0,20,CHF,2023-12-04
K01795CCI0,20,EUR,2023-12-04
K01795CCO0,20,EUR,2023-12-04
K01795CCP0,20,EUR,2023-12-04
K01795CCQ0,20,EUR,2023-12-04
K01795CCS0,20,EUR,2023-12-04
K01286BBL0,90,CHF,2012-10-08
K01286CDS0,20,CHF,2014-05-20
K01286CDU0,20,CHF,2014-05-20
K01286CDW0,20,CHF,2014-05-20
K01286CDX0,20,CHF,2014-05-20
K01286CDY0,20,CHF,2014-05-21
K01286CEG0,20,CHF,2014-05-21
K01286CEH0,20,CHF,2014-05-21
K01286CEN0,20,CHF,2014-05-28
K01286CGK0,90,CHF,2014-07-30
K01286CGO0,20,CHF,2014-08-04
K01286CGV0,20,CHF,2014-08-11
K01286CGY0,20,CHF,2014-08-11
K01286CHA0,20,CHF,2014-08-11
K01286CHB0,90,CHF,2014-08-12
K01286CHK0,20,CHF,2014-09-09
K01286CHR0,20,CHF,2014-09-09
K01286CHW0,90,CHF,2014-09-09
K01286CIC0,20,CHF,2014-09-09
K01286CID0,20,CHF,2014-09-09
K01286CIF0,20,CHF,2014-09-09
K01286CIS0,20,CHF,2014-09-16
K01286CJP0,20,CHF,2014-09-17
K01286CJX0,20,CHF,2014-09-23
K01286BBO0,20,CHF,2012-10-08
K01286BCC0,20,CHF,2012-10-29
K01286BDB0,20,CHF,2012-10-29
K01286BDE0,20,CHF,2012-10-29
K01286BDI0,20,CHF,2012-11-07
K01286BEG0,20,CHF,2012-11-26
K01286BEK0,20,CHF,2012-11-26
K01286BEL0,20,CHF,2012-11-26
K01286BFE0,90,CHF,2012-12-14
K01286BFF0,20,CHF,2012-12-14
K01286BFG0,20,CHF,2012-12-14
K01286BFH0,20,CHF,2012-12-17
K01286BFQ0,20,CHF,2012-12-19
K01286BGC0,90,CHF,2012-12-21
K01286BGG0,20,CHF,2012-12-21
K01795CCV0,20,EUR,2023-12-04
K01795CCW0,20,EUR,2023-12-04
K01795CDB0,20,EUR,2023-12-04
K01795CDL0,20,EUR,2023-12-04
K01795CED0,20,EUR,2023-12-05
K01795CEK0,20,EUR,2023-12-05
K01795CEQ0,20,EUR,2023-12-05
K01795CEU0,20,EUR,2023-12-05
K01795CFG0,20,EUR,2023-12-05
K04611ACU0,20,CHF,2023-12-06
K028260000,20,CHF,2023-12-07
K11285BGG0,20,CHF,2023-12-08
K02503ADX0,20,CHF,2023-12-08
K13600ABP0,20,CHF,2024-01-10
K02503ADZ0,20,CHF,2024-01-10
K01286JDL0,20,CHF,2024-01-12
K028670000,20,CHF,2024-01-23
K01286JDX0,20,CHF,2024-01-31
K01286JDY0,20,CHF,2024-01-31
K00500AHY0,20,CHF,2024-01-31
K13600ABQ0,20,CHF,2024-02-01
K13600ABR0,20,CHF,2024-02-01
K04230AQF0,20,CHF,2024-02-01
K01795CGP0,20,EUR,2024-02-02
K01795CGQ0,20,EUR,2024-02-02
K01795CGW0,20,EUR,2024-02-05
K01795CGZ0,20,EUR,2024-02-05
K01795CHC0,20,EUR,2024-02-05
K01286JBJ0,20,CHF,2023-12-15
K01286JBL0,20,CHF,2023-12-18
K01286JBV0,20,CHF,2023-12-18
K01286JBZ0,20,CHF,2023-12-18
K01286JCB0,20,CHF,2023-12-18
K01286JCG0,20,CHF,2023-12-18
K100560000,20,CHF,2023-12-22
K01795CFL0,20,EUR,2024-01-03
K01795CFM0,20,EUR,2024-01-03
K01795CFV0,20,EUR,2024-01-03
K01795CFW0,20,EUR,2024-01-03
K01795CFY0,20,EUR,2024-01-03
K01286BGS0,20,CHF,2013-01-11
K01286BGX0,20,CHF,2013-01-09
K01286BHE0,20,CHF,2013-01-11
K01286BIB0,20,CHF,2013-02-08
K01286BIK0,90,CHF,2013-02-19
K01286BIN0,20,CHF,2013-02-19
K01286BIS0,20,CHF,2013-02-19
K01286BJE0,20,CHF,2013-02-19
K01286BKC0,90,CHF,2013-03-13
K01286BKM0,20,CHF,2013-03-20
K01286BKN0,20,CHF,2013-03-20
K01286BKO0,20,CHF,2013-03-20
K01286BKT0,90,CHF,2013-03-25
K01286BKU0,20,CHF,2013-03-25
K01286BKX0,90,CHF,2013-03-25
K01286BKZ0,20,CHF,2013-03-25
K01286BMA0,20,CHF,2013-04-09
K01286BMW0,20,CHF,2013-05-13
K01286BNJ0,90,CHF,2013-05-14
K01286BOA0,20,CHF,2013-05-31
K01286BOB0,90,CHF,2013-06-03
K01286BOY0,90,CHF,2013-06-20
K01286BPJ0,20,CHF,2013-07-03
K01286BPX0,20,CHF,2013-07-11
K01286BQT0,20,CHF,2013-07-22
K01286BRB0,20,CHF,2013-07-25
K01286BRM0,20,CHF,2013-08-05
K01286BRO0,20,CHF,2013-08-05
K01286BRR0,20,CHF,2013-08-07
K01286BSY0,90,CHF,2013-09-27
K01286BTD0,90,EUR,2013-10-16
K01286BTG0,20,CHF,2013-10-21
K01286BTP0,20,CHF,2013-10-22
K01448AHZ0,90,CHF,2008-10-24
K01286CKG0,90,CHF,2014-09-29
K01286CLW0,20,CHF,2014-11-04
K01286CMJ0,90,CHF,2014-11-17
K01286CNI0,20,CHF,2014-12-01
K01286CNM0,20,CHF,2014-12-01
K01795CGH0,20,EUR,2024-01-03
K01795CGN0,20,EUR,2024-01-03
K04230APJ0,20,CHF,2024-01-05
K01286JCR0,20,CHF,2024-01-08
K01286JCZ0,20,CHF,2024-01-08
K01286JDF0,20,CHF,2024-01-08
K01286JEN0,20,CHF,2024-02-14
K17719BFB0,20,CHF,2024-02-16
K140890000,20,CHF,2024-02-19
K17719BFF0,20,CHF,2024-02-21
K01286JFF0,20,CHF,2024-02-22
K01286JFK0,20,CHF,2024-02-23
K01286JFV0,20,CHF,2024-02-23
K01286JFW0,20,CHF,2024-02-23
K02151BCJ0,20,CHF,2024-02-23
K02151BCK0,20,CHF,2024-02-23
K028880000,20,CHF,2024-02-29
K04230AQX0,20,CHF,2024-03-01
K031660000,20,CHF,2024-03-04
K17719BFI0,20,CHF,2024-03-04
K01795CJA0,20,EUR,2024-03-05
K01795CJD0,20,EUR,2024-03-05
K01795CJK0,20,EUR,2024-03-05
K01795CJM0,20,EUR,2024-03-05
K02503AEB0,20,CHF,2024-03-09
K01795CHR0,20,EUR,2024-02-05
K01795CHX0,20,EUR,2024-02-05
K01795CHY0,20,EUR,2024-02-05
K04611ADD0,20,CHF,2024-02-13
K050220000,90,CHF,2024-04-02
K045110000,20,CHF,2024-04-02
K01286JIG0,20,CHF,2024-04-04
K01286JIH0,20,CHF,2024-04-04
K01795CKJ0,20,EUR,2024-04-06
K01795CLL0,20,EUR,2024-04-06
K01795CLO0,20,EUR,2024-04-06
K01795CLU0,20,EUR,2024-04-06
K01795CLV0,20,EUR,2024-04-06
K01795CLW0,20,EUR,2024-04-06
K124800000,20,CHF,2024-04-10
K01286CNV0,20,CHF,2014-12-02
K01286COJ0,20,CHF,2014-12-15
K01286COQ0,20,CHF,2014-12-23
K01286CPE0,20,CHF,2015-01-16
K01286CQN0,20,CHF,2015-02-09
K01286CRE0,20,CHF,2015-02-25
K01286CRJ0,20,CHF,2015-03-09
K01286CSM0,20,CHF,2015-04-07
K01286CSN0,20,CHF,2015-04-07
K01286CSO0,20,CHF,2015-04-08
K01286CSZ0,20,CHF,2015-05-05
K01286CTN0,20,CHF,2015-05-27
K01286CTS0,20,CHF,2015-06-03
K01286CTX0,20,CHF,2015-06-16
K01286CTZ0,20,CHF,2015-06-19
K01286CUM0,90,CHF,2015-06-19
K01286CUR0,20,CHF,2015-06-24
K01286CUV0,20,CHF,2015-06-24
K01286CVG0,20,CHF,2015-07-07
K01286CWO0,20,CHF,2015-08-04
K01286CWU0,20,CHF,2015-08-17
K01286CXD0,20,CHF,2015-08-26
K01286CXU0,20,CHF,2015-09-09
K01286CYB0,20,CHF,2015-09-22
K01286CYI0,90,CHF,2015-09-29
K01286CYJ0,90,CHF,2015-09-29
K01286CYN0,20,CHF,2015-10-05
K01286CYR0,20,CHF,2015-10-12
K01286CZE0,20,CHF,2015-10-28
K01286DAI0,90,CHF,2015-12-01
K01286DAL0,90,CHF,2015-12-04
K01286DBA0,90,CHF,2015-12-21
K01286DBB0,20,CHF,2016-01-04
K01286DBE0,20,CHF,2016-01-11
K01286DBQ0,20,CHF,2016-02-08
K01286DCE0,20,CHF,2016-02-16
K01286DCG0,20,CHF,2016-02-17
K01286DCY0,90,CHF,2016-03-01
K01286DDM0,90,CHF,2016-03-07
K02151BCU0,20,CHF,2024-03-11
K04605AAC0,20,CHF,2024-03-11
K04605AAD0,20,CHF,2024-03-11
K048050000,20,CHF,2024-03-13
K023360000,20,CHF,2024-03-15
K04230ARS0,20,CHF,2024-03-18
K02503AEF0,20,CHF,2024-03-18
K17719BFM0,20,CHF,2024-03-18
K13600ABW0,20,CHF,2024-03-26
K01286JHX0,20,CHF,2024-03-25
K01286JHZ0,20,CHF,2024-03-25
K02151BDG0,20,CHF,2024-03-27
K11285BGU0,20,CHF,2024-03-28
K01286JJT0,20,CHF,2024-04-23
K124820000,20,CHF,2024-04-23
K124840000,10,CHF,2024-04-24
K02151BDK0,20,CHF,2024-04-24
K02151BDM0,20,CHF,2024-04-24
K17719BFW0,20,CHF,2024-04-29
K01286JKH0,20,CHF,2024-04-30
K01286JIY0,20,CHF,2024-04-15
K01286JJF0,20,CHF,2024-04-15
K01286JJN0,20,CHF,2024-04-16
K01286JKU0,20,CHF,2024-05-22
K01286JKV0,20,CHF,2024-05-22
K01286JLA0,20,CHF,2024-05-22
K04605ABE0,20,CHF,2024-05-23
K01286JLF0,20,CHF,2024-05-28
K052600000,20,CHF,2024-05-29
K01286JLH0,20,CHF,2024-05-31
K17719BGL0,20,CHF,2024-06-03
K04230ATX0,20,CHF,2024-06-03
K04230ATZ0,20,CHF,2024-06-03
K04230AUC0,20,CHF,2024-06-03
K04230AUE0,20,CHF,2024-06-03
K01795CNY0,20,EUR,2024-06-04
K01795CNZ0,20,EUR,2024-06-04
K01795COG0,20,EUR,2024-06-05
K01795COR0,20,EUR,2024-06-05
K04230AST0,20,CHF,2024-05-02
K01286DDN0,20,CHF,2016-03-07
K012870006,20,CHF,2014-10-10
K012910000,20,CHF,2013-05-23
K012970000,20,CHF,2006-07-24
K013050000,90,CHF,2006-07-24
K013070000,20,CHF,2006-09-05
K013110000,90,EUR,2014-01-20
K013200000,10,CHF,2006-07-24
K013340000,20,CHF,2014-06-24
K013370000,90,CHF,2014-05-12
K013420000,20,CHF,2009-06-18
K013700000,20,CHF,2006-07-24
K013800000,90,CHF,2008-05-28
K013990000,20,CHF,2010-03-23
K01448AID0,90,CHF,2008-10-24
K01448AIG0,90,CHF,2008-10-24
K01448AJA0,90,CHF,2008-10-24
K01448AJB0,90,CHF,2008-10-24
K01448AJH0,90,CHF,2008-10-24
K01448AJI0,90,CHF,2008-10-24
K01448AJM0,90,CHF,2008-10-24
K01448AJO0,90,CHF,2008-10-24
K01448AJT0,90,CHF,2008-10-24
K01448AJX0,90,CHF,2008-10-24
K01448AKI0,90,CHF,2008-10-24
K01448AKS0,90,CHF,2008-10-24
K01448ALK0,90,CHF,2008-10-24
K01448ALP0,90,CHF,2008-10-24
K01448ALS0,90,CHF,2008-10-24
K01448ALT0,90,CHF,2008-10-24
K01448AMB0,90,CHF,2008-10-24
K01448AMP0,90,CHF,2008-10-24
K01448AMV0,90,CHF,2008-10-24
K01448AMW0,90,CHF,2008-10-24
K01448ANG0,90,CHF,2008-10-24
K01448ANQ0,90,CHF,2008-10-24
K01448ANR0,90,CHF,2008-10-24
K01448ANV0,90,CHF,2008-10-24
K014010000,90,CHF,2011-10-11
K014090000,90,CHF,2006-07-24
K014100000,20,CHF,2010-04-26
K014200000,20,CHF,2012-02-08
K014330000,20,CHF,2009-01-30
K014340000,20,CHF,2010-07-19
K014450000,20,CHF,2006-07-24
K014470000,90,CHF,2006-08-28
K014480002,90,CHF,2008-03-18
K014480004,90,CHF,2009-02-10
K01448AAF0,90,CHF,2008-07-29
K01448AAG0,90,CHF,2008-07-29
K01448AAN0,90,CHF,2008-08-06
K01448AAT0,90,CHF,2008-08-26
K01448AAY0,90,CHF,2008-10-09
K01448ABO0,90,CHF,2008-10-15
K01448ACB0,90,CHF,2008-10-24
K01448ACE0,90,CHF,2008-10-24
K01448ACF0,90,CHF,2008-10-24
K01448ACG0,90,CHF,2008-10-24
K01448ACH0,90,CHF,2008-10-24
K01448ACL0,90,CHF,2008-10-24
K01448ACQ0,90,CHF,2008-10-24
K01448ACZ0,90,CHF,2008-10-24
K01448ADR0,90,CHF,2008-10-24
K01448AOD0,90,CHF,2008-10-24
K01448AOL0,90,CHF,2008-10-24
K01448AOM0,90,CHF,2008-10-24
K01448AOO0,90,CHF,2008-10-24
K01448AOR0,90,CHF,2008-10-24
K01448AOT0,90,CHF,2008-10-24
K01448APE0,90,CHF,2008-10-24
K01448APL0,90,CHF,2008-10-24
K01448APN0,90,CHF,2008-10-24
K01448APU0,90,CHF,2008-10-24
K01448APY0,90,CHF,2008-10-24
K01448AQC0,90,CHF,2008-10-24
K01448AQJ0,90,CHF,2008-10-24
K01448AQK0,90,CHF,2008-10-24
K01448ARV0,90,CHF,2008-10-24
K01448ASM0,90,CHF,2008-10-24
K04230ATE0,20,CHF,2024-05-02
K04230ATF0,20,CHF,2024-05-02
K04230ATI0,20,CHF,2024-05-02
K04230ATK0,20,CHF,2024-05-02
K04230ATL0,20,CHF,2024-05-02
K02503AEM0,20,CHF,2024-05-03
K01795CMC0,20,EUR,2024-05-03
K01795CME0,20,EUR,2024-05-03
K01795CMF0,20,EUR,2024-05-03
K01795CMS0,20,EUR,2024-05-03
K11285BHA0,20,CHF,2024-05-06
K00500AIB0,20,CHF,2024-05-08
K17719BGA0,20,CHF,2024-05-08
K17719BGD0,20,CHF,2024-05-08
K119610000,20,CHF,2024-05-14
K17719BGG0,20,CHF,2024-05-16
K043010000,10,CHF,2024-06-12
K01286JLN0,20,CHF,2024-06-12
K01286JMF0,20,CHF,2024-06-17
K04605ABH0,20,CHF,2024-06-19
K01286JMM0,20,CHF,2024-06-19
K17719BGR0,20,CHF,2024-06-20
K01286JMZ0,20,CHF,2024-06-21
K01286JNS0,20,CHF,2024-06-21
K04611AEB0,20,CHF,2024-06-07
K04611AEF0,20,CHF,2024-06-07
K01448EZC0,90,CHF,2015-01-20
K01111KM03,20,CHF,2016-05-10
K01111KN07,20,CHF,2014-08-20
K01286CLD0,20,CHF,2014-10-13
K01286CPF0,20,CHF,2015-01-16
K01286CSJ0,20,CHF,2015-03-30
K07112AMA0,20,CHF,2015-09-10
K048020000,20,CHF,2017-12-13
K003550000,20,CHF,2017-12-15
K17719AOU0,20,CHF,2017-12-15
K004040000,20,CHF,2017-12-20
K17719AOV0,20,CHF,2017-12-21
K040000000,10,CHF,2018-01-16
K039560000,10,CHF,2018-01-17
K01286ENU0,20,CHF,2018-01-05
K01286EMS0,20,CHF,2018-01-05
K01286ENN0,20,CHF,2018-01-05
K01286EOG0,20,CHF,2018-01-09
K07393BFM0,90,EUR,2018-01-09
K07393BFO0,90,EUR,2018-01-09
K07393BFQ0,90,EUR,2018-01-09
K17719AOX0,20,CHF,2018-01-10
K01286EQD0,20,CHF,2018-02-05
K01286EQF0,20,CHF,2018-02-05
K01286EQG0,20,CHF,2018-02-05
K01286EQN0,20,CHF,2018-02-05
K01286EQO0,20,CHF,2018-02-05
K10100EIG0,90,EUR,2018-02-05
K10100EII0,90,EUR,2018-02-05
K10100EIQ0,90,EUR,2018-02-05
K10100EJD0,90,EUR,2018-02-05
K10100EJG0,90,EUR,2018-02-05
K10100EJS0,90,EUR,2018-02-05
K02152AKZ0,20,CHF,2018-02-05
K02151ATP0,20,CHF,2018-02-06
K07393BFY0,90,EUR,2018-02-07
K071710000,20,CHF,2018-02-08
K01286ERA0,20,CHF,2018-02-12
K11285AJR0,20,CHF,2018-03-07
K01286ERZ0,20,CHF,2018-03-07
K02151ATI0,20,CHF,2018-01-17
K17719AOZ0,20,CHF,2018-01-18
K001680000,20,CHF,2018-01-19
K01286EPA0,20,CHF,2018-01-30
K01286EPB0,20,CHF,2018-01-30
K01286EPC0,20,CHF,2018-01-30
K01286EPD0,20,CHF,2018-01-30
K01286EPF0,20,CHF,2018-01-30
K01286EPP0,20,CHF,2018-01-30
K01286EPQ0,20,CHF,2018-01-30
K04370ALE0,20,CHF,2018-02-02
K04370ALG0,90,CHF,2018-02-02
K057630000,10,CHF,2018-02-15
K11285AJL0,20,CHF,2018-02-19
K01448ATH0,90,CHF,2008-10-24
K01448ATP0,90,CHF,2008-10-24
K01448ATS0,90,CHF,2008-10-24
K01448ATY0,90,CHF,2008-10-24
K01448AVF0,90,CHF,2008-10-24
K01448AVN0,90,CHF,2008-10-24
K01448AVP0,90,CHF,2008-10-24
K01448AVT0,90,CHF,2008-10-24
K01448AWG0,90,CHF,2008-10-24
K01448AWL0,90,CHF,2008-10-24
K01448AWQ0,90,CHF,2008-10-24
K01448AWS0,90,CHF,2008-10-24
K01448AWT0,90,CHF,2008-10-24
K01448AXU0,90,CHF,2008-10-24
K01448AYO0,90,CHF,2008-10-24
K01448AZC0,90,CHF,2008-10-24
K01448AZW0,90,CHF,2008-10-24
K01448AZX0,90,CHF,2008-10-24
K01448BAA0,90,CHF,2008-10-24
K01448BAG0,90,CHF,2008-10-24
K01448BAI0,90,CHF,2008-10-24
K01448BAL0,90,CHF,2008-10-24
K01448BAO0,90,CHF,2008-10-24
K01448BAS0,90,CHF,2008-10-24
K01448BAV0,90,CHF,2008-10-24
K01448BBC0,90,CHF,2008-10-24
K01448BBM0,90,CHF,2008-10-24
K01448BBQ0,90,CHF,2008-10-24
K01448BBS0,90,CHF,2008-10-24
K01448BCL0,90,CHF,2008-10-24
K01448BCP0,90,CHF,2008-10-24
K01448BDU0,90,CHF,2008-10-24
K01448BEF0,90,CHF,2008-10-24
K01448BEG0,90,CHF,2008-10-24
K01448BEJ0,90,CHF,2008-10-24
K01448BES0,90,CHF,2008-10-24
K01448BET0,90,CHF,2008-10-24
K01448BEU0,90,CHF,2008-10-24
K01448BEZ0,90,CHF,2008-10-24
K01448BFE0,90,CHF,2008-10-24
K11285AJO0,20,CHF,2018-02-21
K001840000,20,CHF,2018-03-01
K07393BGD0,90,EUR,2018-03-02
K02151ATW0,20,CHF,2018-03-14
K02151AUC0,20,CHF,2018-03-14
K11285AJS0,20,CHF,2018-03-14
K020550000,10,CHF,2018-03-16
K01286ETA0,20,CHF,2018-03-19
K01286ETI0,20,CHF,2018-03-19
K01286ETK0,20,CHF,2018-03-20
K11285AJV0,20,CHF,2018-03-21
K01286ETT0,20,CHF,2018-03-27
K01286EUA0,20,CHF,2018-03-27
K01286EUB0,20,CHF,2018-03-27
K01286EUD0,20,CHF,2018-03-27
K10100ELW0,90,EUR,2018-04-04
K10100EMO0,90,EUR,2018-04-04
K10100EMX0,90,EUR,2018-04-04
K10100ENA0,90,EUR,2018-04-04
K10100ENI0,90,EUR,2018-04-04
K10100ENO0,90,EUR,2018-04-04
K10100ENP0,90,EUR,2018-04-04
K07393BGS0,90,EUR,2018-04-05
K088290000,20,CHF,2018-04-05
K01286EVN0,20,CHF,2018-04-09
K11285AJW0,90,CHF,2018-04-11
K11285AJX0,20,CHF,2018-04-11
K052220000,20,CHF,2018-04-25
K002190000,10,CHF,2018-04-25
K053210000,20,CHF,2018-04-27
K01286EWI0,20,CHF,2018-04-30
K01286EWK0,20,CHF,2018-04-30
K01286EWM0,20,CHF,2018-04-30
K01286EWQ0,20,CHF,2018-04-30
K01286EWT0,20,CHF,2018-04-30
K01286EWY0,20,CHF,2018-04-30
K01286EWZ0,20,CHF,2018-04-30
K002220000,10,CHF,2018-05-02
K10100ENZ0,90,EUR,2018-05-03
K10100EOA0,90,EUR,2018-05-03
K01448BFF0,90,CHF,2008-10-24
K01448BFK0,90,CHF,2008-10-24
K01448BFM0,90,CHF,2008-10-24
K01448BFP0,90,CHF,2008-10-24
K01448BFR0,90,CHF,2008-10-24
K01448BFW0,90,CHF,2008-10-24
K01448BFY0,90,CHF,2008-10-24
K01448BFZ0,90,CHF,2008-10-24
K01448BGF0,90,CHF,2008-10-24
K01448BGQ0,90,CHF,2008-10-24
K01448BGR0,90,CHF,2008-10-24
K01448BGT0,90,CHF,2008-10-24
K01448BGX0,90,CHF,2008-10-24
K01448BHJ0,90,CHF,2008-10-24
K01448AEJ0,90,CHF,2008-10-24
K01448AEK0,90,CHF,2008-10-24
K01448AEO0,90,CHF,2008-10-24
K01448AEY0,90,CHF,2008-10-24
K01448AFB0,90,CHF,2008-10-24
K01448AFC0,90,CHF,2008-10-24
K01448AFV0,90,CHF,2008-10-24
K01448AGB0,90,CHF,2008-10-24
K01448AGE0,90,CHF,2008-10-24
K01448AGH0,90,CHF,2008-10-24
K01448AGM0,90,CHF,2008-10-24
K01448AGN0,90,CHF,2008-10-24
K01448AGP0,90,CHF,2008-10-24
K01448AGW0,90,CHF,2008-10-24
K01448AHA0,20,CHF,2008-10-24
K01448AHN0,90,CHF,2008-10-24
K01448AHO0,90,CHF,2008-10-24
K01448AHV0,90,CHF,2008-10-24
K01448AHW0,90,CHF,2008-10-24
K01448CFJ0,90,CHF,2009-12-10
K01448CFM0,90,CHF,2009-12-10
K01448CFX0,90,CHF,2010-02-08
K01448CGK0,90,CHF,2010-02-09
K01448CGZ0,90,CHF,2010-03-05
K01448CHI0,90,CHF,2010-03-19
K01448CHS0,90,CHF,2010-04-23
K10100EOO0,90,EUR,2018-05-03
K10100EOP0,90,EUR,2018-05-03
K10100EOQ0,90,EUR,2018-05-03
K10100EOX0,90,EUR,2018-05-03
K11285AKD0,20,CHF,2018-05-03
K11285AKE0,20,CHF,2018-05-03
K092120000,20,CHF,2018-05-04
K04370ALK0,20,CHF,2018-05-04
K04370ALL0,20,CHF,2018-05-04
K069450000,20,CHF,2018-05-22
K01286EYG0,20,CHF,2018-05-22
K17719APN0,20,CHF,2018-05-22
K069530000,20,CHF,2018-05-23
K07393BGK0,90,EUR,2018-03-08
K07393BGL0,90,EUR,2018-03-08
K10100EJZ0,90,EUR,2018-03-09
K10100EKE0,90,EUR,2018-03-09
K10100EKR0,90,EUR,2018-03-09
K10100EKW0,90,EUR,2018-03-09
K10100ELA0,90,EUR,2018-03-09
K10100ELQ0,90,EUR,2018-03-09
K002030000,90,CHF,2018-03-28
K002060000,90,CHF,2018-03-28
K01286EVP0,20,CHF,2018-04-16
K01286EVR0,20,CHF,2018-04-16
K01286EVT0,20,CHF,2018-04-16
K01286EVU0,20,CHF,2018-04-16
K074100000,20,CHF,2018-04-18
K166950000,10,CHF,2018-04-18
K056750000,20,CHF,2018-04-19
K00500AEI0,20,CHF,2018-05-09
K161500000,20,CHF,2018-05-18
K069880000,20,CHF,2018-05-29
K069940000,20,CHF,2018-05-29
K069950000,90,CHF,2018-05-29
K070060000,10,CHF,2018-05-30
K069580000,20,CHF,2018-05-23
K005810000,20,CHF,2018-05-23
K178760000,10,CHF,2018-05-24
K01448CHT0,90,CHF,2010-04-23
K01448CID0,90,CHF,2010-04-23
K01448CIR0,90,CHF,2010-05-18
K01448CIZ0,90,CHF,2010-05-18
K01448CJC0,90,CHF,2010-05-18
K01448CJJ0,90,CHF,2010-05-26
K01448CJX0,90,CHF,2010-05-26
K01448CLP0,90,CHF,2010-07-02
K01448CMP0,90,CHF,2010-08-19
K01448CNM0,90,CHF,2010-09-27
K01448CNU0,90,CHF,2010-10-04
K01448COH0,90,CHF,2010-10-26
K01448COO0,90,CHF,2010-11-08
K01448CPF0,90,CHF,2010-11-08
K01448CPG0,90,CHF,2010-11-08
K01448CPH0,90,CHF,2010-11-18
K01448CPW0,90,CHF,2010-12-02
K01448CQF0,90,CHF,2010-12-14
K01448CQI0,90,CHF,2010-12-14
K01448CQZ0,90,CHF,2011-05-18
K01448CRC0,90,CHF,2011-05-18
K01448CRL0,90,CHF,2011-05-18
K01448CSH0,90,CHF,2011-05-18
K01448CST0,90,CHF,2011-05-18
K01448CSY0,90,CHF,2011-05-18
K01448CTD0,90,CHF,2011-05-18
K01448CTP0,90,CHF,2011-05-18
K01448CUO0,90,CHF,2011-05-30
K01448CUP0,90,CHF,2011-05-30
K01448CVH0,90,CHF,2011-06-20
K01448CVJ0,90,CHF,2011-06-20
K01448CVS0,90,CHF,2011-06-20
K01448BHX0,90,CHF,2008-10-24
K01448BIB0,90,CHF,2008-10-24
K01448BIG0,90,CHF,2008-10-24
K01448BIJ0,90,CHF,2008-10-24
K01448BIL0,90,CHF,2008-10-24
K01448BIQ0,90,CHF,2008-10-24
K01448BIR0,90,CHF,2008-10-24
K01448BIX0,90,CHF,2008-10-24
K069990000,10,CHF,2018-05-28
K175280001,20,CHF,2018-05-28
K144320000,20,CHF,2018-05-28
K01286EYR0,20,CHF,2018-05-29
K01286EYV0,20,CHF,2018-05-29
K002420000,20,CHF,2018-05-29
K002480000,10,CHF,2018-06-12
K840800000,20,CHF,2018-06-13
K111510000,20,CHF,2018-06-18
K500890000,20,CHF,2018-06-19
K002500000,20,CHF,2018-06-20
K002270001,10,CHF,2018-06-20
K01286EZT0,20,CHF,2018-06-20
K01286EZY0,20,CHF,2018-06-20
K161630000,20,CHF,2018-06-29
K01286FAX0,20,CHF,2018-07-02
K01286FAY0,20,CHF,2018-07-02
K10100ERA0,90,EUR,2018-07-03
K002440000,10,CHF,2018-06-04
K01286EZF0,20,CHF,2018-06-05
K10100EPV0,90,EUR,2018-06-06
K161560000,10,CHF,2018-06-08
K01286EZK0,20,CHF,2018-06-11
K01286EZO0,20,CHF,2018-06-11
K01286EZP0,20,CHF,2018-06-11
K17719APU0,90,CHF,2018-07-11
K770940000,20,CHF,2018-07-13
K019840000,20,CHF,2018-07-16
K01286FBM0,20,CHF,2018-07-16
K01286FBP0,20,CHF,2018-07-16
K01286FBT0,20,CHF,2018-07-16
K01286FCA0,20,CHF,2018-07-16
K161720000,90,CHF,2018-07-20
K01286FCW0,20,CHF,2018-07-23
K11285AKL0,20,CHF,2018-07-25
K647810000,20,CHF,2018-07-30
K10100ERX0,90,EUR,2018-07-03
K02151AUT0,20,CHF,2018-07-04
K002560000,20,CHF,2018-07-05
K07393BIE0,90,EUR,2018-08-08
K01448BJQ0,90,CHF,2008-10-24
K01448BKN0,90,CHF,2008-10-24
K01448BKT0,90,CHF,2008-10-24
K01448BLC0,90,CHF,2008-10-24
K01448BLI0,90,CHF,2008-10-24
K01448BLK0,90,CHF,2008-10-24
K01448BLW0,90,CHF,2008-10-24
K01448BMC0,90,CHF,2008-10-24
K01448BMG0,90,CHF,2008-10-24
K01448BMI0,90,CHF,2008-10-24
K01448BMO0,90,CHF,2008-10-24
K01448BNL0,90,CHF,2008-10-24
K01448BNM0,90,CHF,2008-10-24
K01448BNS0,90,CHF,2008-10-24
K01448BNU0,90,CHF,2008-10-24
K01448CXI0,90,CHF,2011-06-21
K01448CXO0,90,CHF,2011-06-21
K01448CYJ0,90,CHF,2011-07-01
K01448CYT0,90,CHF,2011-07-01
K01448CZN0,90,CHF,2011-08-08
K01448DAO0,90,CHF,2011-09-12
K01448DAU0,90,CHF,2012-03-19
K01448DBE0,90,CHF,2012-03-19
K01448DCA0,90,CHF,2011-11-23
K01448DCS0,90,CHF,2011-11-23
K01448DCW0,90,CHF,2011-11-23
K01448DDD0,90,CHF,2012-01-30
K01448BOE0,90,CHF,2008-10-24
K01448BOM0,90,CHF,2008-10-24
K01448BOO0,90,CHF,2008-10-24
K01448BPJ0,90,CHF,2008-10-24
K01448BPL0,90,CHF,2008-10-24
K01448BPQ0,90,CHF,2008-10-24
K01448BQB0,90,CHF,2008-10-24
K01448BQH0,90,CHF,2008-10-24
K01448BQX0,90,CHF,2008-10-24
K01448BQY0,90,CHF,2008-10-24
K01448BRP0,90,CHF,2008-10-24
K01448BRV0,90,CHF,2008-10-24
K01448BSB0,90,CHF,2008-10-24
K084070000,90,CHF,2018-08-13
K002610000,10,CHF,2018-08-13
K01286FDZ0,20,CHF,2018-08-14
K01286FEC0,20,CHF,2018-08-14
K01286FEJ0,20,CHF,2018-08-20
K01286FEL0,20,CHF,2018-08-20
K01286FEX0,20,CHF,2018-08-27
K770950000,20,CHF,2018-09-13
K002790000,90,CHF,2018-09-14
K002800000,20,CHF,2018-09-17
K005700000,20,CHF,2018-09-18
K01286FGC0,20,CHF,2018-09-19
K01286FGD0,90,CHF,2018-09-19
K11285AKX0,20,CHF,2018-09-24
K01286FDD0,20,CHF,2018-07-31
K01286FDI0,20,CHF,2018-07-31
K11285AKN0,20,CHF,2018-07-31
K10100ESG0,90,EUR,2018-08-02
K10100ESH0,90,EUR,2018-08-02
K10100ESI0,90,EUR,2018-08-02
K10100ESK0,90,EUR,2018-08-02
K10100ESS0,90,EUR,2018-08-02
K126320000,20,CHF,2018-08-06
K01286FDV0,20,CHF,2018-08-06
K317650000,20,CHF,2018-08-07
K11285AKS0,20,CHF,2018-08-30
K002750000,20,CHF,2018-08-31
K01286FFD0,20,CHF,2018-09-03
K10100ETJ0,90,EUR,2018-09-03
K10100ETL0,90,EUR,2018-09-03
K10100ETM0,90,EUR,2018-09-03
K10100EUA0,90,EUR,2018-09-04
K10100EUB0,90,EUR,2018-09-04
K003220000,20,CHF,2018-09-04
K003190000,20,CHF,2018-09-05
K130200000,20,CHF,2018-09-05
K01286FFO0,20,CHF,2018-09-10
K01286FGX0,20,CHF,2018-10-01
K01286FHD0,20,CHF,2018-10-01
K10100EVA0,90,EUR,2018-10-02
K17719AQG0,20,CHF,2018-10-02
K10100EVJ0,90,EUR,2018-10-02
K10100EVM0,90,EUR,2018-10-02
K01286FGP0,20,CHF,2018-09-25
K01286FGQ0,20,CHF,2018-09-25
K01286FGS0,20,CHF,2018-09-25
K002850000,20,CHF,2018-09-26
K002890000,20,CHF,2018-10-10
K020430000,20,CHF,2018-10-11
K01286FID0,20,CHF,2018-10-22
K003150000,20,CHF,2018-10-25
K003140000,90,CHF,2018-10-25
K01286FJE0,20,CHF,2018-11-05
K01286FJL0,20,CHF,2018-11-05
K131730001,10,EUR,2018-11-06
K04370ALU0,20,CHF,2018-11-07
K07393BIT0,90,EUR,2018-11-07
K10100EVX0,90,EUR,2018-11-09
K10100EVY0,90,EUR,2018-11-09
K10100EWB0,90,EUR,2018-11-09
K10100EWX0,90,EUR,2018-11-09
K10100EVN0,90,EUR,2018-10-02
K10100EVT0,90,EUR,2018-10-02
K10100EUK0,90,EUR,2018-10-02
K10100EUM0,90,EUR,2018-10-02
K07393BIM0,90,EUR,2018-10-03
K07393BIN0,90,EUR,2018-10-03
K00500AEL0,20,CHF,2018-10-04
K01286FKT0,20,CHF,2018-11-26
K01286FLC0,20,CHF,2018-11-26
K003070000,20,CHF,2018-11-27
K077640000,90,CHF,2018-11-29
K114920000,20,CHF,2018-11-30
K069090000,20,CHF,2018-12-04
K10100EYL0,90,EUR,2018-12-05
K10100EYN0,90,EUR,2018-12-05
K10100EYQ0,90,EUR,2018-12-05
K01286FLM0,20,CHF,2018-12-05
K01286FMM0,20,CHF,2018-12-17
K01286FMN0,20,CHF,2018-12-17
K01286FMP0,20,CHF,2018-12-17
K10100EWZ0,90,EUR,2018-11-09
K10100EXB0,90,EUR,2018-11-09
K10100EWV0,90,EUR,2018-11-09
K044670000,20,CHF,2018-11-19
K01286FKB0,20,CHF,2018-11-19
K01286FKN0,20,CHF,2018-11-19
K02151AVO0,20,CHF,2018-12-05
K07393BJI0,90,EUR,2018-12-06
K005300000,20,CHF,2018-12-07
K01286FLU0,20,CHF,2018-12-12
SMCLT00000,20,EUR,2019-01-08
K134030000,90,CHF,2019-01-09
K005460000,10,CHF,2019-01-14
K01286FOK0,20,CHF,2019-01-21
K01286FOO0,20,CHF,2019-01-21
K01286FPO0,20,CHF,2019-02-05
K01286FPL0,20,CHF,2019-02-05
K10100FAQ0,90,EUR,2019-02-07
K10100FAU0,90,EUR,2019-02-07
K10100FBF0,90,EUR,2019-02-07
K10100FBQ0,90,EUR,2019-02-07
K10100FBK0,90,EUR,2019-02-07
K10100FBM0,90,EUR,2019-02-07
K10100FBU0,90,EUR,2019-02-07
K10100FBX0,90,EUR,2019-02-07
K07393BJS0,90,EUR,2019-02-07
K07393BJT0,90,EUR,2019-02-07
K02151AVX0,20,CHF,2019-02-08
K01286CUY0,20,CHF,2019-02-12
K01286FPW0,20,CHF,2019-02-12
K01286FPX0,20,CHF,2019-02-12
K01286FPY0,20,CHF,2019-02-12
K01286FRA0,20,CHF,2019-03-04
K01286FRL0,20,CHF,2019-03-05
K10100FCJ0,90,EUR,2019-03-05
K10100FCK0,90,EUR,2019-03-05
K10100FDL0,90,EUR,2019-03-05
K10100FDP0,90,EUR,2019-03-05
K10100FDQ0,90,EUR,2019-03-05
K10100EZG0,90,EUR,2019-01-03
K10100EZI0,90,EUR,2019-01-03
K10100EZJ0,90,EUR,2019-01-03
K10100EZR0,90,EUR,2019-01-03
K01286FNN0,20,CHF,2019-01-07
K01286FNT0,20,CHF,2019-01-07
K01286FNE0,20,CHF,2019-01-07
K01286FNK0,20,CHF,2019-01-07
K01286FNP0,20,CHF,2019-01-07
K162050000,20,CHF,2019-01-23
K161930000,90,CHF,2019-01-24
K01286FOW0,20,CHF,2019-01-28
K161980000,20,CHF,2019-02-05
K01286FQJ0,20,CHF,2019-02-18
K162140000,20,CHF,2019-02-19
K162150000,20,CHF,2019-02-21
K005530000,20,CHF,2019-02-22
K005540000,20,CHF,2019-02-22
K005710000,20,CHF,2019-02-26
K162180000,20,CHF,2019-02-26
K162210000,20,CHF,2019-02-27
K162290000,20,CHF,2019-03-13
K01286FRS0,20,CHF,2019-03-19
K01286FRZ0,20,CHF,2019-03-19
K01286FSB0,20,CHF,2019-03-19
K162360000,20,CHF,2019-03-20
K04370AME0,20,CHF,2019-03-21
K07393AVL0,90,EUR,2019-04-09
K01286FUN0,20,CHF,2019-04-23
K01286FUP0,20,CHF,2019-04-26
K01286FUR0,20,CHF,2019-05-02
K01286FUY0,20,CHF,2019-05-02
K01286FVE0,20,CHF,2019-05-02
K005880000,90,EUR,2019-05-07
K10100FFV0,90,EUR,2019-05-08
K10100FGB0,90,EUR,2019-05-08
K10100FGT0,90,EUR,2019-05-08
K10100FGN0,90,EUR,2019-05-08
K10100FGO0,90,EUR,2019-05-08
K10100FGP0,90,EUR,2019-05-08
K07393BKS0,90,EUR,2019-05-08
K005960000,20,CHF,2019-05-13
K005970000,20,CHF,2019-05-13
K01286FVP0,20,CHF,2019-05-13
K01286FVS0,90,CHF,2019-05-13
K01286FVU0,20,CHF,2019-05-13
K07393BJX0,90,EUR,2019-03-07
K07393BJY0,90,EUR,2019-03-07
K01286FSH0,20,CHF,2019-03-25
K01286FSU0,20,CHF,2019-03-25
K005750000,20,CHF,2019-04-01
K07393BKC0,90,EUR,2019-04-01
K01286FSW0,20,CHF,2019-04-03
K01286FTA0,90,CHF,2019-04-03
K01286FSZ0,20,CHF,2019-04-03
K10100FEM0,90,EUR,2019-04-04
K10100FEF0,90,EUR,2019-04-04
K10100FEH0,90,EUR,2019-04-04
K10100FEK0,90,EUR,2019-04-04
K10100FEW0,90,EUR,2019-04-04
K10100FEA0,90,EUR,2019-04-04
K10100FEX0,90,EUR,2019-04-04
K162460000,90,CHF,2019-04-05
K07393BKD0,90,EUR,2019-04-05
K07393BKE0,90,EUR,2019-04-05
K118040000,10,CHF,2019-05-24
K01286FXB0,90,CHF,2019-05-27
K01286FXC0,20,CHF,2019-05-27
K025030000,20,CHF,2019-05-29
K10100FHS0,90,EUR,2019-06-04
K10100FIC0,90,EUR,2019-06-04
K081600000,20,CHF,2019-06-04
K163030000,20,CHF,2019-06-20
K118120000,10,CHF,2019-06-21
K025240000,20,CHF,2019-06-25
K025250000,90,CHF,2019-06-27
K025260000,20,CHF,2019-06-28
K093480000,10,CHF,2019-07-01
K01286FYJ0,20,CHF,2019-07-02
K01286FYS0,20,CHF,2019-07-02
K01448BSF0,90,CHF,2008-10-24
K01448BSG0,90,CHF,2008-10-24
K01448BTX0,90,CHF,2008-10-24
K01448BTY0,90,CHF,2008-10-24
K01448BUD0,90,CHF,2008-10-24
K01448BUU0,90,CHF,2008-10-31
K01448BUW0,90,CHF,2008-10-31
K01448BUX0,90,CHF,2008-10-31
K01448BVH0,90,CHF,2008-10-31
K01448BVP0,90,CHF,2008-12-01
K01448BVV0,90,CHF,2008-12-01
K01448BWA0,90,CHF,2008-12-01
K01448BWF0,90,CHF,2009-01-05
K01448BWH0,90,CHF,2009-01-14
K01448BWR0,90,CHF,2009-01-19
K01448BWX0,90,CHF,2009-01-19
K01448BXD0,90,CHF,2009-01-26
K01448BXF0,90,CHF,2009-02-09
K01448BXS0,90,CHF,2009-03-17
K01448BXU0,90,CHF,2009-03-17
K01448BYP0,90,CHF,2009-03-26
K01448BZO0,90,CHF,2009-05-05
K01448BZP0,90,CHF,2009-05-05
K01448BZQ0,90,CHF,2009-05-05
K01448BZR0,90,CHF,2009-05-05
K01448CAP0,90,CHF,2009-05-25
K01448CAT0,90,CHF,2009-05-25
K01448CBA0,90,CHF,2009-05-25
K01448CBB0,90,CHF,2009-05-25
K01448CBD0,90,CHF,2009-05-26
K01448CBY0,90,CHF,2009-08-13
K01448CDH0,90,CHF,2009-09-15
K01448CDS0,90,CHF,2009-10-09
K01448CDX0,90,CHF,2009-10-12
K01448CET0,90,CHF,2009-11-16
K01448CEV0,90,CHF,2009-11-20
K01448EDI0,90,CHF,2013-08-12
K01448EDJ0,90,CHF,2013-08-12
K01448EDM0,90,CHF,2013-08-12
K01448EDY0,90,CHF,2013-08-12
K01448EEA0,90,CHF,2013-09-18
K01448EED0,90,CHF,2013-09-18
K01448EEK0,90,CHF,2013-09-18
K01448EEQ0,90,CHF,2013-09-18
K01448DDI0,90,CHF,2012-01-30
K01448DDJ0,90,CHF,2012-01-30
K01448DDK0,90,CHF,2012-01-30
K01448DEA0,90,CHF,2012-01-30
K01448DED0,90,CHF,2012-01-30
K01448DEJ0,90,CHF,2012-01-30
K01448DFN0,90,CHF,2012-01-30
K01448DGB0,90,CHF,2012-03-19
K01448DGK0,90,CHF,2012-05-03
K01448DGX0,90,CHF,2012-05-03
K01448DIF0,90,CHF,2012-05-03
K01448DIG0,90,CHF,2012-06-14
K01448DIK0,90,CHF,2012-07-20
K01448DIR0,90,CHF,2012-07-18
K01448DJD0,90,CHF,2012-07-18
K01448DJF0,90,CHF,2012-07-18
K01448DJH0,90,CHF,2012-07-20
K01448DJM0,90,CHF,2012-07-23
K01448DJW0,90,CHF,2012-07-23
K01448DKQ0,90,CHF,2012-07-20
K01448DKR0,90,CHF,2012-07-20
K01448DKU0,90,CHF,2012-07-20
K01448DLL0,90,CHF,2012-09-17
K01448DMP0,90,CHF,2012-09-17
K01448DMR0,90,CHF,2012-09-17
K01448DND0,90,CHF,2012-10-10
K01448DNV0,90,CHF,2012-10-10
K01448DOF0,90,CHF,2012-10-10
K01448DOI0,90,CHF,2012-10-10
K01448DOR0,90,CHF,2012-11-13
K01448DOV0,90,CHF,2012-11-13
K01448DPH0,90,CHF,2012-11-13
K01448DPJ0,90,CHF,2012-11-13
K01448DPK0,90,CHF,2012-11-13
K01448DPM0,90,CHF,2012-11-13
K01448DQA0,90,CHF,2012-11-13
K01286FYU0,20,CHF,2019-07-02
K01286FZB0,20,CHF,2019-07-02
K01286FZE0,20,CHF,2019-07-02
K01286FZF0,20,CHF,2019-07-02
K01286FZM0,20,CHF,2019-07-02
K10100FIW0,90,EUR,2019-07-02
K10100FJI0,90,EUR,2019-07-02
K14542AET0,90,CHF,2019-07-02
K118210000,20,CHF,2019-07-05
K162580000,90,CHF,2019-05-15
K027460000,20,CHF,2019-05-17
K162600000,20,CHF,2019-05-17
K10100DDZ0,90,EUR,2015-04-08
K10100DMB0,90,EUR,2015-09-10
K10100DMC0,90,EUR,2015-09-10
K10100DMG0,90,EUR,2015-09-10
K10100DMI0,90,EUR,2015-09-10
K10100DMK0,90,EUR,2015-09-10
K156010000,90,CHF,2016-10-20
K01286DMQ0,20,CHF,2016-10-25
K17719AMW0,90,CHF,2016-10-26
K161100000,20,CHF,2016-10-26
K161120000,20,CHF,2016-10-28
K07393AVM0,90,EUR,2016-11-02
K150331069,90,CHF,2016-11-02
K02152AHA0,20,CHF,2016-11-03
K161130000,20,CHF,2016-11-03
K034920001,20,CHF,2016-11-09
K061940000,20,CHF,2016-11-29
K04370AJQ0,20,CHF,2016-12-05
K07393AVP0,90,EUR,2016-12-07
K136950000,10,CHF,2017-01-03
K04370AJU0,20,CHF,2017-01-04
K048880000,90,CHF,2017-01-04
K005190000,20,CHF,2017-01-04
K161230000,10,CHF,2017-01-04
K07393AWE0,90,EUR,2017-01-04
K07393AWC0,90,EUR,2017-01-04
K07393AWF0,90,EUR,2017-01-04
K01286DPG0,90,CHF,2017-01-05
K178610000,20,CHF,2017-01-05
K01286DPQ0,20,CHF,2017-01-17
K01286DPT0,20,CHF,2017-01-17
K01286DPS0,20,CHF,2017-01-17
K07393AWL0,90,EUR,2017-01-18
K07393AWM0,90,EUR,2017-01-18
K07393AXP0,90,EUR,2017-01-18
K07393AXU0,90,EUR,2017-01-18
K07393AYN0,90,EUR,2017-01-18
K07393AZH0,90,EUR,2017-01-18
K01286CSD0,20,CHF,2015-03-25
K01448EZF0,90,CHF,2015-01-20
K01448FAL0,90,CHF,2015-03-16
K120420000,90,CHF,2016-11-10
K17719AMY0,20,CHF,2016-11-14
K078260000,20,CHF,2016-11-17
K01286DNP0,20,CHF,2016-11-21
K01286DNO0,20,CHF,2016-11-21
K114860000,90,CHF,2016-11-24
K01286DOR0,20,CHF,2016-12-12
K048930000,20,CHF,2016-12-15
K01286DOV0,20,CHF,2016-12-19
K11285AHJ0,20,CHF,2016-12-21
K018400000,10,CHF,2017-01-09
K01448FDD0,90,CHF,2015-07-10
K01448FDU0,90,CHF,2015-08-04
K161240000,20,CHF,2017-01-13
K035370000,20,CHF,2017-01-13
K07393AZI0,90,EUR,2017-01-18
K037990000,90,CHF,2017-01-19
K07393AZN0,90,EUR,2017-01-19
K07393AZP0,90,EUR,2017-01-19
K07393AZU0,90,EUR,2017-01-19
K07393AZX0,90,EUR,2017-01-19
K07393AZY0,90,EUR,2017-01-19
K07393BAA0,90,EUR,2017-01-19
K07393BAM0,90,EUR,2017-01-19
K07393BAN0,90,EUR,2017-01-19
K01448DQG0,90,CHF,2012-11-13
K01448DQH0,90,CHF,2012-11-13
K01448DQS0,90,CHF,2012-11-13
K01448DQW0,90,CHF,2012-11-13
K01448DRM0,90,CHF,2012-12-06
K01448DRT0,90,CHF,2012-12-06
K01448DSE0,90,CHF,2012-12-06
K01448DSK0,90,CHF,2012-12-17
K01448DSN0,90,CHF,2012-12-17
K01448DTA0,90,CHF,2012-12-17
K01448DTN0,90,CHF,2013-01-04
K01448DTS0,90,CHF,2013-01-04
K01448DTT0,90,CHF,2013-01-04
K01448DUC0,90,CHF,2013-01-04
K01448DUD0,90,CHF,2013-01-04
K01448DUX0,90,CHF,2013-01-17
K01448DVJ0,90,CHF,2013-01-18
K01448DWH0,90,CHF,2013-02-25
K01448DWJ0,90,CHF,2013-02-25
K01448DWP0,90,CHF,2013-02-25
K01448DWQ0,90,CHF,2013-02-25
K01448DWR0,90,CHF,2013-02-25
K01448DWX0,90,CHF,2013-02-25
K01448DXR0,90,CHF,2013-03-25
K01448EIR0,90,CHF,2013-11-27
K01448FCY0,90,CHF,2015-07-08
K01448FAW0,90,CHF,2015-03-17
K01448FCW0,90,CHF,2015-07-08
K01448EYN0,90,CHF,2014-12-16
K01448EYE0,90,CHF,2014-12-16
K020710000,20,CHF,2009-08-13
K020730000,20,CHF,2011-11-29
K020760000,20,CHF,2015-12-04
K021110000,10,CHF,2009-04-08
K021140000,20,CHF,2016-02-17
K021290000,20,CHF,2009-05-29
K021390000,20,EUR,2011-08-19
K021480000,90,CHF,2006-07-24
K021490000,20,CHF,2013-12-18
K021510000,20,CHF,2006-07-24
K02151AAM0,20,CHF,2009-06-09
K07393BAO0,90,EUR,2017-01-19
K07393BAP0,90,EUR,2017-01-19
K07393BAV0,90,EUR,2017-01-19
K07393AWN0,90,EUR,2017-01-19
K07393AXN0,90,EUR,2017-01-19
K07393AZZ0,90,EUR,2017-01-19
K07393BAD0,90,EUR,2017-01-19
K07393BAS0,90,EUR,2017-01-19
K07393AWZ0,90,EUR,2017-01-19
K07393AXT0,90,EUR,2017-01-19
K07393BAU0,90,EUR,2017-01-19
K01286DQU0,20,CHF,2017-02-10
K01286DQW0,20,CHF,2017-02-13
K108070000,10,CHF,2017-02-14
K086140001,20,CHF,2017-02-17
K063990000,20,CHF,2017-02-27
K004100000,20,CHF,2017-02-27
K01286DQT0,20,CHF,2017-02-07
K07393BBR0,90,EUR,2017-02-07
K07393BBP0,90,EUR,2017-02-07
K02152AED0,20,CHF,2015-12-02
K10100DGV0,90,EUR,2015-06-22
K10100DHM0,90,EUR,2015-06-22
K10100DKT0,90,EUR,2015-08-04
K04370AKG0,20,CHF,2017-03-07
K04370AKE0,20,CHF,2017-03-07
K04370AKH0,90,CHF,2017-03-07
K030200000,20,CHF,2017-03-09
K01286DRU0,20,CHF,2017-03-13
K01286DSI0,20,CHF,2017-03-14
K01286DTG0,20,EUR,2017-03-30
K10100DOV0,90,EUR,2017-03-30
K10100DOU0,90,EUR,2017-03-30
K10100DOY0,90,EUR,2017-03-30
K17719ANN0,20,CHF,2017-03-31
K10100DPW0,90,EUR,2017-03-31
K10100DPY0,90,EUR,2017-03-31
K10100DQD0,90,EUR,2017-04-03
K10100DQK0,90,EUR,2017-04-03
K02151AAQ0,20,CHF,2009-06-09
K02151ACC0,90,CHF,2009-06-09
K02151ACR0,90,CHF,2009-06-09
K02151ACV0,90,CHF,2010-02-08
K02151ADH0,20,CHF,2010-10-13
K02151ADU0,20,CHF,2011-09-14
K02151AEB0,90,CHF,2011-09-14
K02151AEH0,20,CHF,2011-09-14
K02151AEN0,20,CHF,2011-09-14
K02151AET0,20,CHF,2011-09-14
K02151AEU0,20,CHF,2011-09-14
K02151AFU0,20,CHF,2011-09-14
K02151AGG0,20,CHF,2011-10-05
K02151AGH0,90,CHF,2011-10-05
K02151AGI0,90,CHF,2011-10-05
K02151AHA0,90,CHF,2011-10-05
K02151AHO0,20,CHF,2011-10-07
K02151AIA0,20,CHF,2012-02-09
K02151AIR0,20,CHF,2012-05-09
K02151AIT0,20,CHF,2012-05-11
K02151AJA0,20,CHF,2012-05-22
K02151AJB0,90,CHF,2012-05-22
K02151AJH0,20,CHF,2012-06-27
K02151AKA0,20,CHF,2012-09-28
K02151ALA0,90,CHF,2013-03-04
K02151ALB0,20,CHF,2013-03-06
K02151ALK0,20,CHF,2013-06-17
K02151ALL0,20,CHF,2013-06-17
K02151ALP0,90,CHF,2013-07-24
K02151ALT0,20,CHF,2013-08-06
K02151ALV0,90,CHF,2013-08-07
K02151AMT0,20,CHF,2014-05-19
K02151AMZ0,20,CHF,2014-09-11
K02151ANC0,20,CHF,2014-09-25
K02151ANM0,20,CHF,2015-01-19
K02151ANQ0,20,CHF,2015-03-10
K02151ANU0,20,CHF,2015-05-07
K02151AOE0,20,CHF,2015-06-24
K02151AOF0,20,CHF,2015-07-07
K10100DQO0,90,EUR,2017-04-03
K10100DQR0,90,EUR,2017-04-03
K10100DRK0,90,EUR,2017-04-03
K10100DRT0,90,EUR,2017-04-03
K10100DRU0,90,EUR,2017-04-03
K10100DSR0,90,EUR,2017-04-03
K10100DST0,90,EUR,2017-04-03
K01286DTH0,20,CHF,2017-04-04
K10100DSX0,90,EUR,2017-04-04
K10100DSY0,90,EUR,2017-04-04
K10100DSZ0,90,EUR,2017-04-04
K10100DTE0,90,EUR,2017-04-04
K02152AIA0,20,CHF,2017-04-05
K10100DTS0,90,EUR,2017-04-05
K10100DTT0,90,EUR,2017-04-05
K10100DTP0,90,EUR,2017-04-05
K10100DTU0,90,EUR,2017-04-05
K150370001,20,CHF,2017-03-03
K032640000,20,CHF,2017-03-15
K01286DSR0,20,CHF,2017-03-17
K022060000,20,CHF,2017-03-17
K01286CJA0,90,CHF,2014-09-17
K01286CKY0,20,CHF,2014-10-13
K01286CPN0,20,CHF,2015-01-22
K01286DDL0,20,CHF,2016-03-07
K07393ASH0,90,EUR,2016-05-10
K165310000,90,CHF,2017-03-24
K01286DTA0,20,CHF,2017-03-24
K01286CWS0,20,CHF,2015-08-13
K01286CZUT,90,CHF,2015-11-16
K01286DAG0,20,CHF,2015-12-01
K01286DCI0,20,CHF,2016-02-17
K01286DCT0,20,CHF,2016-02-18
K07393ASM0,90,EUR,2016-05-10
K01286DUB0,20,CHF,2017-04-24
K01286DUA0,20,CHF,2017-04-24
K003920000,20,CHF,2017-04-26
K02151ARY0,20,CHF,2017-05-03
K10100DVI0,90,EUR,2017-05-04
K02151AOI0,20,CHF,2015-07-15
K02151AOJ0,20,CHF,2015-07-30
K02151APJ0,20,CHF,2015-11-30
K02151AQA0,20,CHF,2016-03-22
K02151AQB0,20,CHF,2016-03-22
K02151ZZZZ,90,CHF,2009-03-27
K02152AAE0,20,CHF,2014-06-18
K02152AAK0,20,CHF,2014-06-18
K02152AAN0,20,CHF,2014-07-17
K02152AAO0,90,CHF,2014-07-17
K02152ACD0,20,CHF,2015-02-03
K02152ACE0,20,CHF,2015-03-23
K02152ACV0,20,CHF,2015-06-23
K02152ACX0,20,CHF,2015-06-23
K02152AEF0,20,CHF,2016-01-10
K02152AEG0,20,CHF,2016-01-11
K02152AEJ0,20,CHF,2016-01-11
K02152AEO0,20,CHF,2016-02-09
K026310000,90,CHF,2006-07-24
K026380000,20,CHF,2014-08-21
K026450001,90,CHF,2016-03-04
K026580000,20,CHF,2006-07-24
K026600000,20,CHF,2013-03-19
K026670000,20,CHF,2006-07-24
K026700000,20,CHF,2008-08-05
K026970000,10,CHF,2008-11-03
K027200000,20,CHF,2006-07-24
K027220000,90,CHF,2006-07-24
K027310000,20,CHF,2012-07-19
K027470000,20,CHF,2006-07-24
K027480000,90,CHF,2012-10-04
K027490000,20,CHF,2012-10-11
K027500000,20,CHF,2006-07-24
K027560000,20,CHF,2006-11-02
K027790000,20,CHF,2006-07-24
K027960000,20,CHF,2008-03-11
K028920000,10,CHF,2006-07-24
K02892AAL0,90,CHF,2008-11-19
K02892AAN0,90,CHF,2008-11-28
K10100DVK0,90,EUR,2017-05-04
K10100DVO0,90,EUR,2017-05-04
K10100DVX0,90,EUR,2017-05-04
K10100DUI0,90,EUR,2017-05-05
K10100DUJ0,90,EUR,2017-05-05
K10100DUR0,90,EUR,2017-05-05
K10100DVD0,90,EUR,2017-05-05
K00496XXXX,20,CHF,2017-05-09
K090390000,20,CHF,2017-05-30
K000220000,10,CHF,2017-06-07
K02152AIN0,20,CHF,2017-06-07
K02152AIO0,90,CHF,2017-06-07
K044050000,20,CHF,2017-04-10
K01286DTQ0,20,CHF,2017-04-18
K17719ANQ0,20,CHF,2017-04-19
K003870000,10,CHF,2017-05-02
K01286DVD0,20,CHF,2017-05-15
K094940001,90,CHF,2017-05-16
K02151ARZ0,20,CHF,2017-05-17
K02151ASB0,20,CHF,2017-05-17
K02151ASA0,20,CHF,2017-05-17
K17719ANW0,90,CHF,2017-05-19
K01286DVF0,20,CHF,2017-05-22
K000180000,20,CHF,2017-05-23
K17719ANX0,20,CHF,2017-05-29
K01286DVK0,20,CHF,2017-05-29
K019280000,90,CHF,2017-06-08
K01286DWA0,20,CHF,2017-06-13
K01286DWE0,20,CHF,2017-06-13
K092290000,20,CHF,2017-06-15
K01286DWJ0,20,CHF,2017-06-19
K01286DWL0,20,CHF,2017-06-19
K01286DWR0,20,CHF,2017-06-21
K02151ASI0,20,CHF,2017-06-21
K020860000,20,CHF,2017-06-23
K01286DWW0,20,CHF,2017-06-26
K01286DWX0,20,CHF,2017-06-26
K01286DXA0,20,CHF,2017-06-26
K161310000,20,CHF,2017-06-08
K02892AAQ0,90,CHF,2009-01-27
K02892ABF0,90,CHF,2011-06-20
K02892YYYY,90,CHF,2009-11-02
K029030000,10,CHF,2006-07-24
K029100000,90,CHF,2011-10-26
K029630000,90,CHF,2007-03-02
K029660000,20,CHF,2006-07-24
K029730000,10,CHF,2014-06-11
K029750000,90,CHF,2006-07-24
K029860000,90,CHF,2009-02-19
K030120000,20,CHF,2006-07-24
K030170000,20,CHF,2006-07-24
K030260000,90,EUR,2006-07-24
K030340000,90,EUR,2009-04-27
K021730000,20,CHF,2007-07-19
K021770000,20,CHF,2007-08-28
K021830000,20,CHF,2012-02-14
K021900000,20,CHF,2006-07-24
K021950000,90,CHF,2015-03-10
K021980000,90,CHF,2006-07-24
K022010000,20,CHF,2011-12-21
K022020000,20,CHF,2013-10-10
K022080000,10,CHF,2006-07-24
K022090000,90,CHF,2006-09-12
K022220008,90,CHF,2006-07-27
K022220012,90,CHF,2006-07-27
K022220015,90,CHF,2007-10-17
K022400000,20,CHF,2006-07-24
K022410000,90,CHF,2006-07-24
K022480000,20,CHF,2016-03-18
K022950000,20,CHF,2016-02-19
K023190000,20,CHF,2006-07-24
K023200001,90,CHF,2014-05-22
K023210000,20,CHF,2006-08-28
K023220000,20,CHF,2009-06-15
K030720000,20,CHF,2010-04-19
K030750000,20,CHF,2006-07-24
K030810000,10,CHF,2007-01-29
K030820000,20,CHF,2007-11-08
K17719ANY0,20,CHF,2017-06-08
K095090000,90,CHF,2017-06-29
K10100CRJ0,90,EUR,2014-08-05
K000240000,10,CHF,2017-06-30
K000250000,10,CHF,2017-06-30
K003720000,20,CHF,2017-06-30
K136700000,20,CHF,2017-06-30
K02151ASJ0,20,CHF,2017-07-04
K161330000,90,CHF,2017-07-04
K02152AIT0,20,CHF,2017-07-04
K02152AIS0,20,CHF,2017-07-04
K025800000,20,EUR,2017-07-24
K10100DWD0,90,EUR,2017-07-24
K10100DWI0,90,EUR,2017-07-24
K10100DWU0,90,EUR,2017-07-24
K10100DWY0,90,EUR,2017-07-24
K10100DXA0,90,EUR,2017-07-24
K10100DXI0,90,EUR,2017-07-24
K10100DXJ0,90,EUR,2017-07-24
K10100DXX0,90,EUR,2017-07-24
K10100DYH0,90,EUR,2017-07-24
K10100DYP0,90,EUR,2017-07-24
K10100DYZ0,90,EUR,2017-07-24
K10100DZB0,90,EUR,2017-07-24
K10100DZE0,90,EUR,2017-07-24
K10100DZF0,90,EUR,2017-07-24
K10100DZG0,90,EUR,2017-07-24
K01286DXL0,20,CHF,2017-07-06
K07393AQB0,90,EUR,2015-11-04
K07393AQN0,90,EUR,2015-12-03
K000290000,20,CHF,2017-07-07
K01286DYI0,90,CHF,2017-07-10
K01286DYP0,20,CHF,2017-07-10
K01286DYQ0,20,CHF,2017-07-12
K10100EAN0,90,EUR,2017-08-04
K10100EAO0,90,EUR,2017-08-04
K10100EAW0,90,EUR,2017-08-04
K07393BDP0,90,EUR,2017-08-07
K07393BDT0,90,EUR,2017-08-07
K031060000,20,CHF,2011-08-10
K031290000,20,CHF,2006-07-24
K031370000,20,CHF,2006-07-24
K031380000,90,EUR,2007-06-19
K031540000,90,CHF,2006-07-24
K031650000,20,CHF,2006-07-24
K032130000,90,CHF,2006-11-15
K032340000,10,CHF,2014-07-11
K032560000,10,CHF,2006-07-24
K032600000,20,CHF,2006-07-24
K032820000,20,CHF,2006-07-24
K032860000,10,CHF,2006-07-24
K03289AAJ0,90,CHF,2014-06-05
K03289AAL0,90,CHF,2014-06-05
K03289AAN0,90,CHF,2014-06-05
K03289AAU0,90,CHF,2014-06-05
K03289AAY0,90,CHF,2014-06-23
K03289AAZ0,90,CHF,2014-06-23
K033330009,90,CHF,2006-11-03
K033330010,90,CHF,2007-03-05
K033440000,20,CHF,2006-07-24
K033460000,90,CHF,2007-06-05
K033490000,10,CHF,2007-09-27
K033660000,20,CHF,2006-07-24
K03410XXXX,10,CHF,2012-01-04
K034420000,20,CHF,2015-08-28
K034450000,20,CHF,2015-09-14
K034620000,10,CHF,2006-07-24
K034630000,20,CHF,2008-04-11
K034710001,20,CHF,2015-03-30
K034780000,20,CHF,2006-07-24
K034980000,20,CHF,2009-07-14
K035120000,20,CHF,2009-11-17
K035270000,90,CHF,2006-07-24
K035480000,90,CHF,2015-02-11
K035540000,20,CHF,2006-11-30
K035770000,90,CHF,2006-07-24
K036080000,20,CHF,2010-04-21
K036710000,90,CHF,2007-01-26
K046310000,20,CHF,2017-08-07
K000440000,90,CHF,2017-08-07
K01286EBQ0,20,CHF,2017-08-07
K01286EBS0,20,CHF,2017-08-07
K02152AIY0,20,CHF,2017-08-08
K02152AJA0,90,CHF,2017-08-08
K01286EBZ0,90,CHF,2017-08-14
K01286ECD0,20,CHF,2017-08-14
K01286ECE0,20,CHF,2017-08-14
K01286ECG0,20,CHF,2017-08-14
K11285ANI0,20,CHF,2020-11-18
K01286DYW0,20,CHF,2017-07-25
K01286DYY0,20,CHF,2017-07-25
K01286DZA0,20,CHF,2017-07-25
K01286DZB0,20,CHF,2017-07-25
K01286DZC0,20,CHF,2017-07-25
K01286DZT0,20,CHF,2017-07-25
K01286DZU0,90,CHF,2017-07-25
K01286EAF0,20,CHF,2017-07-25
K01286EAZ0,20,CHF,2017-07-25
K01286EBA0,20,CHF,2017-07-25
K01286EAA0,20,CHF,2017-07-25
K000660000,20,CHF,2017-08-22
K003670000,20,CHF,2017-08-24
K133840000,20,CHF,2017-08-25
K01286ECQ0,20,CHF,2017-08-29
K01286EDQ0,20,CHF,2017-08-29
K01286EDR0,20,CHF,2017-08-29
K11285AIP0,20,CHF,2017-08-30
K11285AIR0,20,CHF,2017-08-30
K000720000,20,CHF,2017-08-31
K000750000,20,CHF,2017-08-31
K17719AOG0,90,CHF,2017-09-01
K01286ECJ0,20,CHF,2017-08-14
K02151ASL0,90,CHF,2017-08-15
K036920000,20,CHF,2017-08-15
K02152AJH0,20,CHF,2017-09-07
K10100EAZ0,90,EUR,2017-09-07
K10100EBP0,90,EUR,2017-09-07
K036720000,90,CHF,2006-07-24
K036790000,20,CHF,2006-07-24
K036820000,20,CHF,2008-11-21
K037060000,20,CHF,2006-07-24
K037300000,90,CHF,2006-07-24
K037330000,20,CHF,2006-07-24
K037420000,20,CHF,2015-04-21
K037490000,90,CHF,2007-07-23
K037570000,90,CHF,2008-12-24
K037580000,10,CHF,2006-07-24
K037900000,20,CHF,2006-07-24
K038350000,20,CHF,2006-07-24
K038670000,90,CHF,2006-07-24
K039070000,10,CHF,2006-07-24
K039110000,20,CHF,2009-04-17
K040360000,20,CHF,2008-09-02
K041310000,20,CHF,2006-07-24
K03289ABH0,90,CHF,2014-10-01
K03289ABV0,90,CHF,2014-12-22
K03289ABX0,90,CHF,2014-12-22
K03289ACK0,90,CHF,2014-12-22
K03289ACM0,90,CHF,2014-12-22
K03289ACU0,90,CHF,2014-12-22
K03289ADJ0,90,CHF,2014-12-22
K03289ADS0,90,CHF,2014-12-22
K03289ADV0,90,CHF,2014-12-22
K03289ADW0,90,CHF,2014-12-22
K03289AEF0,90,CHF,2014-12-22
K03289AEW0,90,CHF,2015-04-02
K03289AFF0,90,CHF,2015-08-07
K03289AFL0,90,CHF,2015-10-07
K032970000,90,CHF,2006-07-24
K033100000,90,CHF,2006-07-24
K047510000,90,CHF,2009-12-21
K047800000,20,CHF,2011-11-29
K048060000,90,CHF,2006-07-24
K048360000,20,CHF,2006-07-24
K048400000,20,CHF,2008-02-18
K048540000,20,CHF,2008-05-06
K10100EBQ0,90,EUR,2017-09-07
K10100EBX0,90,EUR,2017-09-07
K10100EBZ0,90,EUR,2017-09-07
K10100ECE0,90,EUR,2017-09-07
K000800000,20,CHF,2017-09-08
K01286EEM0,20,CHF,2017-09-11
K01286EEN0,20,CHF,2017-09-11
K01286EEO0,20,CHF,2017-09-11
K01286EEP0,20,CHF,2017-09-11
K01286EER0,20,CHF,2017-09-11
K01286EET0,20,CHF,2017-09-11
K01286EEU0,20,CHF,2017-09-11
K01286EFU0,20,CHF,2017-09-18
K000930000,20,CHF,2017-09-21
K11285AIW0,20,CHF,2017-09-22
K02151ASV0,20,CHF,2017-09-25
K01286EFZ0,20,CHF,2017-09-25
K094950000,90,CHF,2017-09-26
K01286EGH0,20,CHF,2017-09-29
K04370AKT0,20,CHF,2017-09-05
K07393BEG0,90,EUR,2017-10-04
K02152AJI0,20,CHF,2017-10-05
K01286EGV0,20,CHF,2017-10-06
K092420000,20,CHF,2017-10-06
K10100ECS0,90,EUR,2017-10-09
K10100EDF0,90,EUR,2017-10-09
K01286EHA0,20,CHF,2017-10-10
K01286EHF0,20,CHF,2017-10-10
K01286EHL0,20,CHF,2017-10-10
K01286EHM0,20,CHF,2017-10-16
K01286EHN0,20,CHF,2017-10-16
K01286EHW0,20,CHF,2017-10-16
K001200000,20,CHF,2017-10-17
K061970000,10,CHF,2017-10-20
K01286EIN0,20,CHF,2017-10-23
K01286EIO0,20,CHF,2017-10-23
K01286EIQ0,20,CHF,2017-10-23
K178720000,90,CHF,2017-10-31
K123030000,20,CHF,2017-11-01
K044150000,20,CHF,2017-11-02
K04855ZZZZ,90,CHF,2008-07-09
K048610000,90,CHF,2006-07-24
K048620000,90,CHF,2015-04-28
K048720000,20,CHF,2008-09-24
K048810000,20,CHF,2007-07-04
K048860000,90,CHF,2006-07-24
K049090000,20,CHF,2006-07-24
K049240001,20,CHF,2008-08-27
K049500000,20,CHF,2008-04-16
K049600000,10,CHF,2014-04-10
K049650000,20,CHF,2006-07-24
K049660000,20,CHF,2006-07-24
K049730000,20,CHF,2006-07-24
K049810000,90,CHF,2008-10-30
K049820000,20,CHF,2014-10-21
K049890000,90,CHF,2007-07-02
K050420000,90,CHF,2007-02-27
K050440000,90,CHF,2014-03-07
K041570000,20,CHF,2006-07-24
K041630000,90,CHF,2009-09-18
K041640000,20,CHF,2010-07-08
K041660000,90,CHF,2006-07-24
K041710000,20,CHF,2014-11-17
K041850000,20,CHF,2014-06-02
K041980000,90,CHF,2006-07-24
K042680000,90,CHF,2006-07-24
K043060000,20,CHF,2009-07-07
K043470000,10,CHF,2009-02-10
K043480000,90,CHF,2006-07-24
K043600000,10,CHF,2006-07-24
K043620000,20,CHF,2006-07-24
K043640000,20,CHF,2008-02-22
K043690000,90,CHF,2009-05-04
K04370ABB0,20,CHF,2014-08-04
K04370ABL0,20,CHF,2014-08-04
K04370ABN0,20,CHF,2014-08-04
K04370ABP0,90,CHF,2014-08-04
K04370ACB0,90,CHF,2014-08-04
K04370ACC0,20,CHF,2014-08-04
K10100EEK0,90,EUR,2017-11-02
K10100EEX0,90,EUR,2017-11-02
K10100EFH0,90,EUR,2017-11-02
K01286EJA0,20,CHF,2017-11-02
K01286EJB0,20,CHF,2017-11-02
K01286EJF0,20,CHF,2017-11-03
K01286EJI0,20,CHF,2017-11-03
K01286EJU0,20,CHF,2017-11-03
K01286EKF0,20,CHF,2017-11-06
K055990001,20,CHF,2017-11-24
K064350000,20,CHF,2017-11-28
K17719AOQ0,20,CHF,2017-11-28
K10100EFL0,90,EUR,2017-12-04
K10100EFQ0,90,EUR,2017-12-04
K01286EGK0,20,CHF,2017-10-03
K01286EGP0,20,CHF,2017-10-03
K01286EGS0,90,CHF,2017-10-03
K02151ATA0,20,CHF,2017-11-08
K000430000,20,CHF,2017-11-09
K001440000,20,CHF,2017-11-10
K01286EKO0,20,CHF,2017-11-13
K01286EKW0,20,CHF,2017-11-13
K11285AJF0,20,CHF,2017-11-15
K07393APW0,90,EUR,2015-11-04
K10100BOC0,90,EUR,2013-05-13
K10100BSS0,90,EUR,2013-07-09
K10100BXS0,90,EUR,2013-10-24
K10100CBE0,90,EUR,2013-11-13
K10100CFQ0,90,EUR,2014-01-10
K10100CHB0,90,EUR,2014-02-19
K10100CHG0,90,EUR,2014-02-19
K10100CIG0,90,EUR,2014-03-19
K10100CIN0,90,EUR,2014-03-19
K10100CIO0,90,EUR,2014-03-19
K10100CJC0,90,EUR,2014-03-19
K10100CKC0,90,EUR,2014-04-09
K10100CMC0,90,EUR,2014-05-22
K10100CMD0,90,EUR,2014-05-22
K10100COA0,90,EUR,2014-06-18
K10100COE0,90,EUR,2014-06-18
K04370ACD0,20,CHF,2014-08-04
K04370ACH0,20,CHF,2014-08-05
K04370ACI0,90,CHF,2014-08-05
K050560000,90,CHF,2006-07-24
K050680000,10,CHF,2007-09-26
K050910000,10,CHF,2006-07-24
K050970000,90,CHF,2006-07-24
K050990000,20,EUR,2011-09-01
K051070000,90,CHF,2007-05-08
K051260000,10,CHF,2013-11-15
K051380000,20,CHF,2006-07-24
K051420000,20,CHF,2006-07-24
K051500000,10,CHF,2006-07-24
K051660000,20,CHF,2006-07-24
K051880000,20,CHF,2006-07-24
K051940000,20,CHF,2009-07-21
K052330000,90,CHF,2009-02-23
K052360000,20,CHF,2010-01-25
K052560000,90,CHF,2006-07-24
K052650000,90,CHF,2008-08-04
K052680000,90,CHF,2006-07-24
K052720000,20,CHF,2006-07-24
K052750000,90,CHF,2006-07-24
K052790000,20,CHF,2006-07-24
K052830000,10,CHF,2006-07-24
K052840000,20,CHF,2006-08-23
K053270000,90,CHF,2006-07-24
K053390000,90,CHF,2014-11-06
K053490000,20,CHF,2006-08-01
K053610000,90,CHF,2014-05-13
K053970000,90,CHF,2009-04-23
K054010000,90,CHF,2007-08-10
K04370ADC0,20,CHF,2014-12-15
K04370ADW0,20,CHF,2015-04-01
K04370ADX0,20,CHF,2015-04-01
K04370ADZ0,20,CHF,2015-04-01
K04370AEA0,90,CHF,2015-05-15
K04370AEH0,20,CHF,2015-08-07
K04370AEM0,20,CHF,2015-09-10
K10100COI0,90,EUR,2014-06-18
K10100CPE0,90,EUR,2014-07-14
K10100CRG0,90,EUR,2014-08-05
K10100CRK0,90,EUR,2014-08-05
K10100CRM0,90,EUR,2014-08-05
K10100CSP0,90,EUR,2014-09-15
K10100CTD0,90,EUR,2014-09-15
K10100CTE0,90,EUR,2014-09-15
K10100CVN0,90,EUR,2014-11-12
K10100CVS0,90,EUR,2014-11-12
K10100CWZ0,90,EUR,2014-12-01
K10100CXG0,90,EUR,2014-12-01
K10100DCI0,90,EUR,2015-03-13
K10100DCP0,90,EUR,2015-03-13
K10100DDT0,90,EUR,2015-04-08
K10100DGU0,90,EUR,2015-06-22
K10100DGW0,90,EUR,2015-06-22
K10100DKJ0,90,EUR,2015-08-04
K10100EGB0,90,EUR,2017-12-04
K10100EGL0,90,EUR,2017-12-04
K10100EGM0,90,EUR,2017-12-04
K02152AJY0,20,CHF,2017-12-05
K02152AKD0,90,CHF,2017-12-05
K07393BFG0,90,EUR,2017-12-06
K07393BFJ0,90,EUR,2017-12-06
K07393BFN0,90,EUR,2017-12-06
K001540000,20,CHF,2017-12-07
K01286ELT0,20,CHF,2017-12-08
K01286ELV0,20,CHF,2017-12-08
K01286EMO0,90,CHF,2017-12-08
K02152AKO0,20,CHF,2018-01-04
K10100EHE0,90,EUR,2018-01-04
K10100EHF0,90,EUR,2018-01-04
K10100EHM0,90,EUR,2018-01-04
K10100EIE0,90,EUR,2018-01-04
K10100EIC0,90,EUR,2018-01-04
K01286EMW0,20,CHF,2018-01-04
K01286ENA0,20,CHF,2018-01-04
K01286ENF0,20,CHF,2018-01-04
K10100DKL0,90,EUR,2015-08-04
K10100DNR0,90,EUR,2015-10-06
K10100DNT0,90,EUR,2015-10-06
K01111KG03,20,CHF,2015-10-12
K151560002,20,CHF,2007-04-30
K151560008,20,CHF,2007-04-30
K151560016,20,CHF,2007-06-08
K151560025,20,CHF,2008-01-09
K151560028,20,CHF,2008-01-09
K151560033,20,CHF,2008-01-09
K151560062,90,CHF,2008-04-04
K151560080,20,CHF,2010-12-16
K151590000,90,CHF,2006-07-24
K151710000,20,CHF,2006-07-24
K151750000,20,CHF,2008-05-19
K151890000,90,CHF,2008-02-19
K151910000,10,CHF,2007-06-11
K151950000,20,CHF,2006-07-24
K152100000,20,CHF,2006-07-24
K152140000,90,CHF,2006-07-24
K152180000,90,CHF,2006-07-24
K152200000,90,CHF,2006-07-24
K152370000,10,CHF,2006-07-24
K152590000,90,CHF,2006-07-24
K152650000,90,CHF,2006-07-24
K152780000,90,CHF,2006-07-24
K152810000,90,CHF,2007-10-19
K153000000,90,CHF,2008-06-03
K153090000,90,CHF,2006-07-24
K153230000,20,CHF,2006-07-24
K153240000,20,CHF,2006-07-24
K153260000,90,CHF,2006-07-24
K153750000,20,CHF,2008-11-20
K153850000,90,CHF,2006-07-24
K153940000,90,CHF,2006-07-24
K154200000,90,CHF,2006-09-04
K154330000,90,CHF,2006-07-24
K154420000,90,CHF,2007-11-02
K154440000,20,CHF,2009-06-19
K154460000,10,CHF,2009-08-12
K04370AEN0,20,CHF,2015-10-19
K04370AFG0,20,CHF,2016-03-08
K04370AFN0,20,CHF,2016-03-09
K04370YYYY,20,CHF,2015-03-20
K043710000,10,CHF,2006-07-24
K043850000,10,CHF,2006-07-24
K043860000,20,CHF,2013-03-22
K043950000,20,CHF,2007-08-29
K043970000,90,CHF,2014-08-11
K044020000,90,CHF,2010-06-21
K044080000,10,CHF,2006-07-24
K044280000,20,CHF,2012-08-17
K044290000,20,CHF,2006-07-24
K044350000,90,CHF,2013-04-10
K044370000,20,CHF,2014-05-22
K044560000,10,CHF,2015-03-20
K044910000,10,CHF,2006-07-24
K04502AAG0,90,CHF,2011-01-24
K04502YYYY,20,CHF,2010-01-29
K045040000,90,CHF,2014-09-08
K045200000,20,CHF,2006-07-24
K045420000,90,CHF,2012-10-09
K045500000,90,CHF,2007-09-24
K045930000,90,CHF,2006-07-24
K045950000,20,CHF,2006-07-24
K045980000,90,CHF,2009-11-10
K046060000,90,CHF,2006-07-24
K046150000,20,CHF,2007-01-25
K046160000,90,CHF,2006-07-24
K046190000,20,CHF,2008-11-03
K046200000,20,CHF,2006-07-24
K046210000,90,CHF,2006-07-24
K062160000,20,CHF,2006-07-24
K062470000,20,CHF,2013-07-12
K062670000,90,CHF,2006-07-24
K062730000,20,CHF,2015-06-03
K062760000,90,CHF,2006-07-24
K062790000,20,CHF,2008-12-17
K063040000,90,CHF,2006-07-24
K154580000,90,CHF,2006-11-23
K154670000,90,CHF,2006-07-24
K154720000,90,CHF,2008-10-22
K154740000,20,CHF,2009-11-20
K154780000,90,CHF,2006-08-01
K154830000,20,CHF,2006-08-11
K154880000,20,CHF,2006-09-11
K155190000,20,CHF,2012-06-11
K155220000,20,CHF,2013-09-20
K155390000,20,CHF,2015-10-27
K155510000,90,CHF,2007-10-11
K155530000,90,CHF,2015-08-17
K155540001,10,CHF,2012-06-18
K155840000,20,EUR,2015-03-16
K156660000,20,CHF,2010-09-03
K160000000,90,CHF,2008-12-30
K160100000,20,CHF,2015-12-09
K160190000,20,CHF,2016-03-03
K160200000,20,CHF,2016-03-08
K166880000,90,CHF,2011-06-30
K167920000,90,CHF,2006-09-28
K168010000,20,CHF,2006-11-01
K170030001,90,CHF,2012-10-29
K170050000,90,CHF,2007-10-11
K170090001,20,CHF,2012-04-25
K170100000,90,CHF,2007-10-19
K170120000,10,CHF,2007-11-13
K170360000,20,CHF,2008-01-25
K170370000,20,CHF,2008-01-31
K170550000,20,CHF,2008-03-26
K170580000,20,CHF,2008-04-03
K170680000,10,CHF,2008-04-22
K170700000,20,CHF,2008-04-23
K170760000,20,CHF,2009-08-25
K170770000,20,CHF,2009-08-26
K170810000,90,CHF,2011-11-24
K170980000,20,CHF,2012-06-25
K171050000,90,CHF,2009-02-05
K171100000,10,CHF,2008-04-23
K063270000,20,CHF,2008-01-08
K063410000,90,CHF,2006-07-24
K063420000,20,CHF,2006-07-24
K063440000,20,CHF,2006-07-24
K063490000,20,CHF,2006-07-24
K063580000,20,CHF,2006-07-24
K063700000,20,CHF,2008-06-18
K063730000,90,CHF,2006-07-24
K063770000,20,CHF,2010-02-26
K063980000,20,CHF,2006-07-24
K064370000,20,CHF,2006-07-24
K006500000,20,CHF,2009-06-12
K006570000,90,CHF,2009-06-12
K006580000,90,CHF,2009-06-12
K006620000,20,CHF,2009-06-12
K006630000,90,CHF,2009-06-12
K006690000,90,CHF,2009-06-12
K006720000,90,CHF,2009-06-12
K006740000,90,CHF,2009-06-12
K006850000,90,CHF,2009-06-12
K006860000,90,CHF,2009-06-12
K006940000,90,CHF,2009-06-12
K007040000,90,CHF,2009-06-12
K007130000,90,CHF,2009-06-12
K007170000,20,CHF,2009-06-12
K007400000,20,CHF,2009-06-12
K007410000,20,CHF,2009-06-12
K007420000,90,CHF,2009-06-12
K007710000,90,CHF,2009-06-12
K007730000,90,CHF,2009-06-12
K007770000,90,CHF,2009-06-12
K00001AAA0,90,CHF,2008-11-21
K00001AAB0,20,EUR,2011-07-19
K000500000,20,CHF,2008-04-16
K001020000,20,CHF,2006-11-27
K001070000,10,CHF,2014-12-24
K004490000,90,CHF,2011-10-28
K004810000,20,CHF,2008-07-21
K012500000,20,CHF,2006-07-24
K171320000,20,CHF,2009-07-16
K171340000,90,CHF,2008-04-23
K171390000,10,CHF,2008-04-23
K171490000,20,CHF,2008-04-23
K171520000,20,CHF,2008-04-23
K171650000,10,CHF,2013-10-18
K171700000,90,CHF,2008-04-23
K171710000,20,CHF,2008-04-23
K171780000,20,CHF,2008-04-23
K171960000,20,CHF,2012-08-15
K171980000,20,CHF,2008-04-23
K172020000,20,CHF,2008-04-23
K172040000,10,CHF,2008-04-23
K172110000,20,CHF,2009-05-11
K172150000,20,CHF,2008-04-23
K172170000,20,CHF,2008-04-23
K172250000,90,CHF,2008-04-23
K172320000,20,CHF,2008-04-23
K172370000,90,CHF,2008-04-23
K172530000,10,CHF,2008-04-23
K172880000,10,CHF,2008-04-23
K172910000,20,CHF,2008-04-23
K172970000,90,CHF,2008-04-23
K173010000,20,CHF,2008-04-23
K173080000,20,CHF,2008-04-23
K173090000,20,CHF,2008-04-23
K173200000,90,CHF,2009-01-29
K173210000,20,CHF,2008-04-23
K173220000,20,CHF,2008-04-23
K173240000,10,CHF,2008-04-23
K173300000,90,CHF,2008-04-23
K173340000,20,CHF,2008-04-23
K173400000,20,CHF,2008-04-23
K173630000,20,CHF,2008-04-23
K173780000,10,CHF,2012-09-14
K173790000,90,CHF,2008-04-23
K173830000,20,CHF,2008-04-23
K174100000,90,CHF,2008-04-23
K174140000,20,CHF,2008-04-23
K174150000,20,CHF,2008-04-23
K174190000,10,CHF,2008-04-23
K174350000,20,CHF,2008-04-23
K168140000,90,CHF,2006-11-21
K168300000,20,CHF,2007-01-05
K168430000,90,CHF,2007-02-01
K16845AAA0,90,CHF,2009-01-15
K168490000,20,CHF,2007-02-12
K168570000,20,CHF,2007-03-05
K168630000,90,CHF,2007-03-28
K168710000,20,CHF,2007-05-03
K168740000,20,CHF,2007-05-08
K175420000,20,CHF,2009-04-09
K175500000,20,CHF,2009-04-23
K175510000,20,CHF,2009-04-23
K175560000,20,CHF,2009-05-12
K175590000,20,CHF,2009-05-12
K17561AAD0,90,CHF,2009-11-09
K17561AAK0,90,CHF,2010-11-23
K17561YYYY,90,CHF,2009-07-01
K175630000,10,CHF,2009-05-20
K175800000,20,CHF,2009-09-01
K17580AAD0,20,CHF,2010-08-09
K17580AAG0,20,CHF,2010-08-09
K175860000,90,CHF,2009-09-18
K175900000,10,CHF,2009-09-29
K175980000,10,CHF,2009-11-18
K176160000,90,CHF,2010-02-12
K176210000,20,CHF,2010-03-04
K176460000,90,CHF,2010-07-13
K176520000,20,CHF,2010-07-26
K176540000,20,CHF,2010-07-30
K176610000,20,CHF,2010-09-21
K176680000,20,CHF,2010-10-26
K176720000,90,CHF,2010-11-10
K176770000,90,CHF,2010-11-15
K176850000,20,CHF,2010-12-20
K177060000,20,CHF,2011-04-13
K177140000,90,CHF,2011-07-25
K17719AAG0,20,CHF,2011-08-23
K17719AAK0,20,CHF,2011-09-28
K17719AAP0,90,CHF,2011-10-03
K17719AAU0,20,CHF,2011-10-24
K17719AAW0,20,CHF,2011-10-31
K17719ABC0,20,CHF,2011-11-15
K17719ABG0,90,CHF,2011-11-21
K17719ABI0,90,CHF,2011-09-20
K17719ABM0,20,CHF,2011-11-28
K17719ABN0,20,CHF,2011-11-28
K17719ABS0,20,CHF,2011-12-08
K17719ABZ0,20,CHF,2012-01-20
K17719ACM0,20,CHF,2012-03-23
K17719ACR0,20,CHF,2012-04-10
K17719ACS0,20,CHF,2012-04-10
K17719ADG0,90,CHF,2012-06-29
K17719ADH0,20,CHF,2012-07-02
K17719ADU0,20,CHF,2012-11-23
K17719AED0,20,CHF,2013-02-21
K17719AEF0,90,CHF,2013-03-08
K17719AFI0,20,CHF,2013-01-09
K17719AFL0,20,CHF,2011-09-08
K17719AFO0,20,CHF,2012-01-27
K17719AFP0,20,CHF,2012-04-02
K17719AFW0,20,CHF,2012-10-09
K17719AFY0,20,CHF,2012-11-16
K17719AGA1,20,CHF,2013-06-19
K17719AGE0,20,CHF,2013-07-09
K17719AGJ0,20,CHF,2013-10-16
K17719AGM0,90,CHF,2013-11-20
K17719AHF0,20,CHF,2014-02-19
K17719AHU0,20,CHF,2014-06-12
K17719AHX0,20,CHF,2014-06-13
K17719AID0,20,CHF,2014-08-26
K17719AJP0,20,CHF,2015-04-20
K17719AJW0,20,CHF,2015-05-01
K17719AJY0,20,CHF,2015-05-01
K17719AKF0,20,CHF,2015-06-19
K17719AKZ0,20,CHF,2015-10-27
K17719ALE0,20,CHF,2015-12-17
K17719ALH0,20,CHF,2016-01-05
K17719ALO0,20,CHF,2016-02-22
K177220000,20,CHF,2011-08-18
K177290000,10,CHF,2011-10-13
K177340000,10,CHF,2011-11-03
K177370000,20,CHF,2011-11-15
K177420000,20,CHF,2011-11-30
K177550000,90,CHF,2012-04-12
K177680000,20,CHF,2012-10-02
K177740000,20,CHF,2012-11-22
K177760000,20,CHF,2012-12-18
K177810000,20,CHF,2013-03-21
K177860000,10,CHF,2013-06-10
K177870000,20,CHF,2013-08-14
K177880000,20,CHF,2013-08-15
K177940000,20,CHF,2014-02-11
K178100000,10,CHF,2014-02-12
K174400000,10,CHF,2008-04-23
K174570000,20,CHF,2008-04-23
K174670000,20,CHF,2015-09-30
K174710000,20,CHF,2008-04-23
K174800000,20,CHF,2008-06-17
K174880000,10,CHF,2008-07-04
K174920000,90,CHF,2008-07-11
K174990000,90,CHF,2009-03-25
K175030000,90,CHF,2008-08-14
K175060000,90,CHF,2008-08-20
K175150000,90,CHF,2008-10-28
K175220000,20,CHF,2008-12-10
SMCDK00000,20,DKK,2008-10-08
SMCFI00000,20,EUR,2008-10-08
SMCSE00000,20,SEK,2008-10-08
K01286DEH0,20,CHF,2016-03-31
K01286DEK0,90,CHF,2016-04-04
K07393ARV0,90,EUR,2016-04-05
K017610000,90,CHF,2016-03-17
K022040000,20,CHF,2016-03-23
K022230000,90,CHF,2016-03-31
K07393ARY0,90,EUR,2016-04-05
K150331154,90,CHF,2016-04-05
K032610000,20,CHF,2016-04-06
K072310000,10,CHF,2015-06-16
K04370AHX0,90,CHF,2016-04-07
K04370AIC0,20,CHF,2016-04-07
K04370AID0,90,CHF,2016-04-07
K07393ANR0,90,EUR,2015-07-13
K01286DEY0,20,CHF,2016-04-22
K01286DEZ0,20,CHF,2016-04-22
K178540000,20,CHF,2016-04-25
K160350000,90,CHF,2016-04-26
K07393ANL0,90,EUR,2015-07-13
K07393AON0,90,EUR,2015-09-14
K07393AOY0,90,EUR,2015-09-17
K07393APO0,90,EUR,2015-10-01
K01286DFM0,20,CHF,2016-05-02
K01286DFN0,90,CHF,2016-05-02
K160390000,20,CHF,2016-05-04
K150331157,90,CHF,2016-05-09
K02152AFL0,90,CHF,2016-05-09
K02151AQN0,20,CHF,2016-05-23
K160500000,10,CHF,2016-05-27
K023330000,90,CHF,2016-05-31
K178110000,10,CHF,2014-02-14
K178120000,90,CHF,2014-03-03
K178180000,20,CHF,2014-07-10
K178190000,10,CHF,2014-07-11
K178270000,20,CHF,2015-01-14
K178340000,20,CHF,2015-08-14
K023030000,20,CHF,2016-04-14
K030890000,20,CHF,2016-04-15
K04370AIH0,20,CHF,2016-05-09
K005800000,20,CHF,2016-05-13
K01286DGM0,90,CHF,2016-06-07
K01286DGK0,90,CHF,2016-06-07
K04370AIZ0,20,CHF,2016-06-07
K07393ASQ0,90,EUR,2016-06-08
K07393ASY0,90,EUR,2016-06-08
K012630000,10,CHF,2012-09-12
K012660000,20,CHF,2013-04-30
K012750000,90,EUR,2012-03-08
K012770000,90,CHF,2008-08-19
K01286AAF0,90,CHF,2009-07-06
K01286AAH0,20,CHF,2010-02-10
K01286AAR0,90,CHF,2010-04-26
K01286AAS0,90,CHF,2010-04-26
K01286AAT0,20,CHF,2010-04-26
K01286AAU0,90,CHF,2010-04-26
K01286ABE0,20,CHF,2010-04-26
K01286ABW0,20,CHF,2010-04-26
K01286ABZ0,20,CHF,2010-04-26
K007830000,90,CHF,2009-06-12
K007850000,90,CHF,2009-06-12
K007890000,20,CHF,2009-06-12
K008000000,20,CHF,2009-06-12
K008030000,20,CHF,2009-06-12
K008060000,20,CHF,2009-06-12
K008090000,90,CHF,2009-06-12
K008120000,20,CHF,2009-06-12
K008130000,20,CHF,2009-06-12
K10100CWQ0,90,EUR,2014-11-13
K10100CWW0,90,EUR,2014-12-01
K10100CXL0,90,EUR,2014-12-01
K10100CXP0,90,EUR,2014-12-01
K10100CXZ0,90,EUR,2014-12-01
K10100CYG0,90,EUR,2014-12-02
K10100CZU0,90,EUR,2015-01-16
K10100CZV0,90,EUR,2015-01-16
K10100DAE0,90,EUR,2015-01-16
K10100DAR0,90,EUR,2015-02-23
K10100DBD0,90,EUR,2015-02-23
K10100DBF0,90,EUR,2015-02-24
K10100DBP0,90,EUR,2015-02-24
K10100DBQ0,90,EUR,2015-02-24
K10100DDD0,90,EUR,2015-03-13
K10100DDF0,90,EUR,2015-03-16
K10100DDO0,90,EUR,2015-04-08
K10100DEF0,90,EUR,2015-04-08
K17719AMH0,20,CHF,2016-06-13
K01286DGW0,20,CHF,2016-06-15
K160540000,20,CHF,2016-06-02
K160550000,10,CHF,2016-06-03
K005000000,20,CHF,2016-06-17
K093070000,20,CHF,2016-06-17
K01111KI05,20,CHF,2014-08-20
K01286CIY0,20,CHF,2014-09-16
K01286CVY0,20,CHF,2015-07-14
K10100CNO0,90,EUR,2014-06-18
K00500ACA0,20,CHF,2016-06-21
K00500ACB0,20,CHF,2016-06-21
K00500ACC0,20,CHF,2016-06-21
K00500ACD0,20,CHF,2016-06-21
K00500ACK0,20,CHF,2016-06-21
K00500ADA0,20,CHF,2016-06-21
K00500ADK0,20,CHF,2016-06-21
K00500ADN0,20,CHF,2016-06-21
K00500ADS0,20,CHF,2016-06-21
K01286DHZ0,20,CHF,2016-07-04
K017580000,20,CHF,2016-07-05
K02152AFW0,20,CHF,2016-07-05
K02152AFY0,90,CHF,2016-07-05
K02152AGF0,20,CHF,2016-07-05
K07393ATL0,90,EUR,2016-07-08
K04370AJB0,20,CHF,2016-07-08
K004910000,90,CHF,2016-07-08
K178560000,20,CHF,2016-07-12
K160650000,20,CHF,2016-07-12
K01286DIJ0,20,CHF,2016-07-18
K01286DIL0,20,CHF,2016-07-18
K02151ARB0,90,CHF,2016-07-18
K160690000,20,CHF,2016-07-20
K02151AXA0,20,CHF,2019-09-04
K043730000,20,CHF,2016-07-21
K150331167,90,CHF,2016-07-27
K01286DIO0,20,CHF,2016-07-27
K01286DIQ0,20,CHF,2016-07-27
K01286DIT0,20,CHF,2016-07-27
K10100DEI0,90,EUR,2015-04-08
K10100DEU0,90,EUR,2015-04-08
K10100DEV0,90,EUR,2015-05-15
K10100DFD0,90,EUR,2015-05-15
K10100DFG0,90,EUR,2015-05-15
K10100DFP0,90,EUR,2015-05-13
K10100DFU0,90,EUR,2015-05-13
K10100DGA0,90,EUR,2015-05-13
K10100DGE0,90,EUR,2015-05-13
K10100DGF0,90,EUR,2015-05-13
K10100DGG0,90,EUR,2015-05-13
K10100DGI0,90,EUR,2015-05-13
K10100DGM0,90,EUR,2015-05-15
K01448DYA0,90,CHF,2013-04-18
K01448DYC0,90,CHF,2013-04-18
K01448DYD0,90,CHF,2013-04-18
K01448DYE0,90,CHF,2013-04-18
K01448DYJ0,90,CHF,2013-04-18
K01448DYP0,90,CHF,2013-04-18
K01448DYQ0,90,CHF,2013-04-18
K01448DZZ0,90,CHF,2013-05-22
K01448EAM0,90,CHF,2013-05-22
K01448EAN0,90,CHF,2013-05-22
K01448EBM0,90,CHF,2013-06-07
K01448EBN0,90,CHF,2013-07-15
K01448EBQ0,90,CHF,2013-07-15
K01448EEW0,90,CHF,2013-09-18
K01448EFV0,90,CHF,2013-09-25
K01448EGR0,90,CHF,2013-10-25
K01448EGX0,90,CHF,2013-10-25
K01448EHJ0,90,CHF,2013-10-29
K01448EHN0,90,CHF,2013-10-29
K01448EHW0,90,CHF,2013-10-31
K01448EHX0,90,CHF,2013-10-31
K01448EHY0,90,CHF,2013-10-31
K01448EIB0,90,CHF,2013-10-31
K01448EIC0,90,CHF,2013-10-31
K01448EJE0,90,CHF,2013-11-27
K01448EJL0,90,CHF,2013-11-27
K01286DIW0,20,CHF,2016-07-28
K17719AMK0,20,CHF,2016-07-29
K160720000,90,CHF,2016-08-02
K02152AGJ0,90,CHF,2016-08-02
K005180000,90,CHF,2016-08-02
K026520000,90,CHF,2016-06-23
K01286DHS0,20,CHF,2016-06-28
K01286DEC0,20,CHF,2016-03-23
K10100BLO0,90,EUR,2013-04-10
K10100CDE0,90,EUR,2013-12-06
K10100CHJ0,90,EUR,2014-02-19
K10100CIZ0,90,EUR,2014-03-19
K10100COD0,90,EUR,2014-06-18
K10100CSM0,90,EUR,2014-09-15
K10100CSN0,90,EUR,2014-09-15
K10100DKG0,90,EUR,2015-08-04
K10100DKS0,90,EUR,2015-08-04
K10100DNB0,90,EUR,2015-09-10
K11285AGH0,20,CHF,2016-03-23
K057870000,90,CHF,2016-08-23
K027350000,20,CHF,2016-08-26
K150331171,90,CHF,2016-08-26
K01286DKB0,20,CHF,2016-08-29
K11864ALG0,20,CHF,2016-08-29
K160910000,20,CHF,2016-08-29
K106550000,20,CHF,2016-09-01
K004770000,20,CHF,2016-09-05
K02152AGU0,20,CHF,2016-09-05
K02152AGT0,20,CHF,2016-09-05
K033030000,20,CHF,2016-08-16
K055130000,20,CHF,2016-08-16
K01286DJK0,20,CHF,2016-08-16
K01286DJM0,20,CHF,2016-08-16
K043580000,90,CHF,2016-08-19
K01286DKK0,20,CHF,2016-09-06
K01286DKL0,20,CHF,2016-09-06
K07393AUC0,90,EUR,2016-09-06
K07393AUB0,90,EUR,2016-09-06
K07393AUD0,90,EUR,2016-09-06
K01448EJW0,90,CHF,2013-12-20
K01448EJY0,90,CHF,2013-12-20
K01448EKO0,90,CHF,2013-12-20
K01448EKU0,90,CHF,2013-12-20
K01448EKV0,90,CHF,2013-12-20
K01448EKW0,90,CHF,2013-12-20
K01448EKX0,90,CHF,2013-12-20
K01448EKZ0,90,CHF,2013-12-20
K01448ELM0,90,CHF,2014-01-29
K01448ELO0,90,CHF,2014-01-29
K01448ELP0,90,CHF,2014-01-29
K01448EMY0,90,CHF,2014-02-21
K01448ENE0,90,CHF,2014-03-25
K01448ENG0,90,CHF,2014-03-25
K01448ENH0,90,CHF,2014-03-25
K01448ENK0,90,CHF,2014-03-25
K01448EOO0,90,CHF,2014-03-26
K01448EOV0,90,CHF,2014-04-02
K01448EPA0,90,CHF,2014-04-10
K01448EPF0,90,CHF,2014-04-15
K01448EPM0,90,CHF,2014-04-15
K01448EPN0,90,CHF,2014-04-15
K01448EPW0,90,CHF,2014-05-13
K01448EQB0,90,CHF,2014-05-22
K01448EQH0,90,CHF,2014-05-26
K01448EQS0,90,CHF,2014-06-16
K01448ERK0,90,CHF,2014-06-23
K01448ERP0,90,CHF,2014-06-30
K01448ERQ0,90,CHF,2014-06-30
K01448ERU0,90,CHF,2014-06-30
K01448ESS0,90,CHF,2014-08-04
K01448EST0,90,CHF,2014-08-06
K01448ESU0,90,CHF,2014-08-06
K01448ESV0,90,CHF,2014-08-06
K01448ETB0,90,CHF,2014-09-08
K01448ETD0,90,CHF,2014-09-08
K01448ETK0,90,CHF,2014-09-09
K01448ETZ0,90,CHF,2014-09-16
K01448EUB0,90,CHF,2014-09-16
K07393AUK0,90,EUR,2016-09-06
K004760000,20,CHF,2016-09-07
K01286DLU0,20,CHF,2016-10-04
K130850000,10,CHF,2016-10-05
K01286DLV0,20,CHF,2016-10-05
K07393AUR0,90,EUR,2016-10-06
K01448FAT0,90,CHF,2015-03-17
K01448FAU0,90,CHF,2015-03-17
K01448FFM0,90,CHF,2015-11-19
K160930000,20,CHF,2016-09-06
K01286DKU0,20,CHF,2016-09-12
K01286DKW0,20,CHF,2016-09-12
K01286DKX0,20,CHF,2016-09-12
K150331172,90,CHF,2016-09-14
K17719AMS0,20,CHF,2016-09-15
K01286DKZ0,20,CHF,2016-09-15
K028750000,10,CHF,2016-09-20
K160970000,20,CHF,2016-09-28
K004600000,10,CHF,2016-09-28
K01286DLQ0,20,CHF,2016-10-03
K01286DLR0,20,CHF,2016-10-03
K01286DLS0,20,CHF,2016-10-03
K02151ARE0,20,CHF,2016-10-03
K02151ARF0,90,CHF,2016-10-03
K027240000,10,CHF,2016-10-04
K150331176,90,CHF,2016-10-12
K079010000,90,CHF,2016-10-13
K004530000,20,CHF,2016-10-17
K136420000,20,CHF,2016-10-17
K01286CLT0,20,CHF,2014-10-28
K01286COD0,90,CHF,2014-12-09
K01286CPO0,20,CHF,2015-01-22
K10100CWT0,90,EUR,2014-12-01
K10100CXE0,90,EUR,2014-12-01
K10100CYY0,90,EUR,2015-01-15
K10100DDQ0,90,EUR,2015-04-08
K13762AAE0,90,CHF,2010-02-25
K13762AAH0,90,CHF,2010-02-25
K13762AAX0,90,CHF,2010-02-25
K01448EUO0,90,CHF,2014-09-22
K01448EVC0,90,CHF,2014-09-30
K01448EVO0,90,CHF,2014-10-03
K01448EVP0,90,CHF,2014-10-20
K01448EVV0,90,CHF,2014-10-23
K01448EWW0,90,CHF,2014-11-05
K01448EXC0,90,CHF,2014-11-13
K01448EXG0,90,CHF,2014-11-18
K01448EXU0,90,CHF,2014-12-02
K01448EXV0,90,CHF,2014-12-02
K01448EXX0,90,CHF,2014-12-02
K01448EYC0,90,CHF,2014-12-08
K01448EYD0,90,CHF,2014-12-16
K01448EYO0,90,CHF,2014-12-22
K01448EZO0,90,CHF,2015-02-02
K01448EZW0,90,CHF,2015-02-02
K01448FAD0,90,CHF,2015-03-10
K01448FAI0,90,CHF,2015-03-10
K01448FAX0,90,CHF,2015-03-17
K01448FBF0,90,CHF,2015-03-31
K01448FCB0,90,CHF,2015-05-27
K01448FCH0,90,CHF,2015-06-08
K01448FDT0,90,CHF,2015-08-04
K01448FEI0,90,CHF,2015-09-21
K01448FEW0,90,CHF,2015-09-22
K014500000,20,EUR,2010-04-20
K014520000,90,CHF,2006-07-24
K014550000,90,CHF,2012-01-24
K014600000,10,CHF,2006-07-24
K014610000,90,CHF,2006-07-24
K01448EBW0,90,CHF,2013-07-15
K01448EBX0,90,CHF,2013-07-15
K01448ECE0,90,CHF,2013-07-15
K01448ECF0,90,CHF,2013-07-15
K01448ECG0,90,CHF,2013-07-15
K01448ECR0,90,CHF,2013-07-15
K01448ECU0,90,CHF,2013-07-15
K01448ECV0,90,CHF,2013-07-15
K01530AIQ0,90,CHF,2011-09-15
K13762ABB0,90,CHF,2010-02-25
K13762ABF0,90,CHF,2010-02-25
K13762ABG0,90,CHF,2010-02-25
K13762ABJ0,90,CHF,2010-02-25
K13762ABO0,90,CHF,2010-02-25
K13762ABS0,90,CHF,2010-02-25
K13762ABT0,90,CHF,2010-02-25
K13762ACP0,90,CHF,2010-02-25
K13762ACV0,90,CHF,2010-06-10
K13762ACX0,90,CHF,2010-06-25
K13762AED0,90,CHF,2011-01-26
K13762AEE0,90,CHF,2011-01-26
K13762AFB0,90,CHF,2011-05-20
K13762AFD0,90,CHF,2011-05-20
K13762AFT0,90,CHF,2011-05-20
K13762AFV0,90,CHF,2011-05-20
K13762AFX0,90,CHF,2011-05-20
K13762AFY0,90,CHF,2011-05-20
K13762AGC0,90,CHF,2011-05-20
K13762AGG0,90,CHF,2011-05-20
K13762AGI0,90,CHF,2011-05-20
K13762AGO0,90,CHF,2011-05-20
K13762AHU0,90,CHF,2011-08-03
K13762AHW0,90,CHF,2011-08-03
K13762AID0,90,CHF,2011-08-03
K13762AIJ0,90,CHF,2011-08-03
K13762AIU0,90,CHF,2011-08-03
K137660000,20,CHF,2009-04-03
K137890000,20,CHF,2006-08-28
K137990000,20,CHF,2010-06-29
K138090000,90,CHF,2006-07-24
K138230000,90,CHF,2006-07-24
K138290000,90,CHF,2006-07-24
K133950000,10,CHF,2007-10-09
K133990000,90,CHF,2014-10-29
K134060000,90,CHF,2006-07-24
K134140000,10,CHF,2011-01-14
K134150000,20,CHF,2006-07-24
K134180000,90,CHF,2007-10-23
K01530AJI0,90,CHF,2011-09-15
K01530AJT0,90,CHF,2011-09-15
K01530AKE0,90,CHF,2011-09-15
K01530AKN0,90,CHF,2011-09-15
K01530ALC0,90,CHF,2011-09-15
K01530ALH0,90,CHF,2011-09-15
K01530ALI0,90,CHF,2011-09-15
K01530ALP0,90,CHF,2011-09-15
K01530ALT0,90,CHF,2011-09-15
K01530AMG0,90,CHF,2011-09-15
K01530AMI0,90,CHF,2011-09-15
K01530AMM0,90,CHF,2011-09-15
K01530ANV0,90,CHF,2011-09-15
K01530AOA0,90,CHF,2011-09-15
K01530AOG0,90,CHF,2011-10-12
K01530AOS0,90,CHF,2012-11-30
K01530AOT0,90,CHF,2012-11-30
K01530APA0,90,CHF,2012-11-30
K01530APB0,90,CHF,2012-11-30
K01530APL0,90,CHF,2013-09-19
K01530APR0,90,CHF,2014-03-13
K01530AQD0,90,CHF,2015-01-26
K01530AQE0,90,CHF,2015-02-10
K01530AQH0,90,CHF,2015-02-25
K01530AQL0,90,CHF,2015-03-10
K01530AQN0,90,CHF,2015-03-20
K01530AQQ0,90,CHF,2015-03-23
K01530AQU0,90,CHF,2015-03-31
K01530AQY0,90,CHF,2015-04-14
K01530ARC0,90,CHF,2015-04-30
K01530ARG0,90,CHF,2015-06-03
K01530ARQ0,90,CHF,2015-07-28
K01530ART0,90,CHF,2015-08-11
K01530ARW0,90,CHF,2015-09-09
K01530ASD0,90,CHF,2015-11-23
K01530ASE0,90,CHF,2015-12-21
K015320000,20,CHF,2013-01-24
K015330000,20,CHF,2006-07-24
K015360000,90,CHF,2008-09-15
K134190000,10,CHF,2007-10-31
K134360000,90,CHF,2008-03-14
K134370000,20,CHF,2012-08-28
K134420000,20,CHF,2006-07-24
K134670000,90,CHF,2006-07-24
K134930000,90,CHF,2014-10-27
K135070000,20,CHF,2007-10-15
K135140000,90,EUR,2006-07-24
K135210000,20,CHF,2006-07-24
K135220000,90,CHF,2007-01-29
K135300000,20,CHF,2006-07-24
K135320000,20,CHF,2006-07-24
K135420000,20,CHF,2008-04-24
K135440000,20,CHF,2009-02-17
K135460000,20,CHF,2015-02-06
K135530000,20,CHF,2006-11-06
K138380000,90,CHF,2006-07-24
K138420000,90,CHF,2006-07-24
K138430000,90,CHF,2006-09-25
K138450000,90,CHF,2006-07-24
K138490000,20,CHF,2006-07-24
K138760000,20,CHF,2006-07-24
K138840000,10,CHF,2006-07-24
K138850000,90,CHF,2006-07-24
K138890000,90,CHF,2007-09-26
K138940000,20,CHF,2009-01-06
K139150000,90,CHF,2006-07-24
K139180000,90,CHF,2006-07-24
K139200000,20,CHF,2006-07-24
K139290000,20,CHF,2006-07-24
K139380000,90,CHF,2006-07-24
K139400000,90,CHF,2009-01-06
K139450000,90,CHF,2006-07-24
K139480000,10,CHF,2006-07-24
K139510000,90,CHF,2006-07-24
K139750000,90,CHF,2009-05-14
K139940000,90,CHF,2013-05-08
K135630000,20,CHF,2008-03-17
K135770000,90,CHF,2006-07-24
K135920000,20,CHF,2009-01-08
K135990000,20,CHF,2006-10-09
K136030000,90,CHF,2006-07-24
K136060000,90,CHF,2006-07-24
K136120000,90,CHF,2008-11-26
K136250000,20,CHF,2006-07-24
K143870000,90,CHF,2007-04-24
K143960000,90,CHF,2006-07-24
K144060000,20,CHF,2009-11-16
K144090000,20,CHF,2010-04-15
K144130000,20,CHF,2006-07-24
K144230000,20,CHF,2006-07-24
K144520000,90,CHF,2008-12-18
K144810000,20,CHF,2006-07-24
K144900000,20,CHF,2006-07-24
K144920001,90,EUR,2013-05-31
K144990000,90,CHF,2013-07-25
K145000000,90,CHF,2006-07-24
K145030000,90,CHF,2006-07-24
K145040000,20,CHF,2006-07-24
K145050000,90,CHF,2006-07-24
K145060001,20,CHF,2008-07-28
K145290000,20,CHF,2008-07-21
K14542AAF0,90,CHF,2011-07-25
K14542AAK0,90,CHF,2011-07-25
K14542AAY0,90,CHF,2011-07-25
K14542ABF0,90,CHF,2011-07-25
K14542ABP0,90,CHF,2011-07-25
K14542ABQ0,90,CHF,2011-07-25
K14542ACL0,90,CHF,2011-07-25
K14542ACP0,90,CHF,2011-07-25
K14542ACS0,90,CHF,2011-07-25
K14542ACV0,90,CHF,2011-07-25
K14542ADB0,90,CHF,2011-07-25
K14542ADC0,20,CHF,2011-07-25
K14542ADO0,90,CHF,2011-07-25
K14542ADP0,90,CHF,2011-07-25
K14542ADT0,20,CHF,2012-04-27
K14542ADU0,20,CHF,2012-04-30
K14542ADW0,90,CHF,2012-06-22
K14542ADX0,20,CHF,2013-09-30
K140060001,20,CHF,2014-04-25
K140260000,10,CHF,2010-01-22
K140360001,20,CHF,2010-02-23
K140560000,90,CHF,2006-07-24
K140700000,20,CHF,2012-06-20
K140860000,10,CHF,2016-01-07
K141020000,90,CHF,2012-07-04
K141100000,20,CHF,2006-07-24
K142090000,20,CHF,2006-07-24
K142110000,90,CHF,2015-08-06
K142300000,90,CHF,2006-07-24
K142310000,20,CHF,2006-07-24
K142340000,20,CHF,2006-07-24
K142460000,20,CHF,2013-01-28
K142650000,90,CHF,2006-07-24
K143000000,90,CHF,2006-07-24
K143180000,90,CHF,2006-07-24
K143270000,20,CHF,2007-08-17
K143290000,20,CHF,2008-06-10
K143490000,90,CHF,2006-07-24
K143580000,90,CHF,2006-07-24
K143780000,90,CHF,2006-07-24
K143790000,90,CHF,2006-07-24
K143810000,10,CHF,2006-07-24
K143850000,20,CHF,2006-07-24
K143860000,90,CHF,2006-07-24
K150180000,90,CHF,2006-07-24
K150190000,20,CHF,2006-11-27
K150320000,90,CHF,2006-07-24
K150330007,90,CHF,2006-07-28
K150330019,90,CHF,2006-07-28
K150330029,90,CHF,2006-07-28
K150330030,90,CHF,2006-07-28
K150330036,90,CHF,2006-07-28
K150330070,90,CHF,2006-07-28
K150330076,90,CHF,2006-07-28
K150330081,90,CHF,2006-07-28
K015410000,20,CHF,2006-07-24
K015460000,90,CHF,2006-07-24
K015490000,20,CHF,2006-07-24
K015530000,90,CHF,2006-07-24
K015570000,20,CHF,2014-08-07
K015620000,20,CHF,2006-07-24
K015680000,20,CHF,2014-09-01
K015700000,20,CHF,2014-10-20
K015780000,20,CHF,2013-02-26
K015850000,20,CHF,2012-09-04
K016030000,90,CHF,2007-07-27
K016100000,90,CHF,2010-05-11
K016110000,10,CHF,2008-04-10
K01627AAB0,90,CHF,2009-06-18
K01627AAC0,90,CHF,2009-06-18
K01627AAE0,90,CHF,2009-06-18
K016330000,20,CHF,2006-12-12
K016340000,10,CHF,2006-07-24
K016370000,20,CHF,2008-06-23
K016510000,90,CHF,2006-07-24
K016560000,10,CHF,2006-07-24
K016630000,90,CHF,2008-09-19
K016640000,90,CHF,2013-01-14
K014620000,10,CHF,2006-07-24
K014650000,90,CHF,2006-07-24
K014700000,90,CHF,2011-03-07
K014750000,90,CHF,2006-07-24
K014770000,90,CHF,2007-07-24
K014880000,90,CHF,2008-03-10
K014890000,20,CHF,2008-10-14
K014930000,90,CHF,2013-04-10
K014960000,90,CHF,2013-10-15
K015000000,90,CHF,2014-02-18
K015050000,90,CHF,2006-07-24
K015100000,90,CHF,2008-08-07
K015120000,10,CHF,2009-09-14
K015160000,90,CHF,2006-07-24
K01526AAF0,90,CHF,2010-07-12
K01526AAG0,90,CHF,2010-07-12
K150330087,90,CHF,2006-07-28
K150330088,90,CHF,2006-07-28
K150330098,90,CHF,2006-07-28
K150330105,90,CHF,2006-07-28
K150330113,90,CHF,2006-07-28
K150330118,90,CHF,2006-07-28
K150330124,90,CHF,2006-07-28
K150330127,90,CHF,2006-07-28
K150330141,90,CHF,2007-11-22
K150330148,90,CHF,2008-06-03
K150330157,90,CHF,2008-06-03
K150330162,90,CHF,2008-06-03
K150330165,90,CHF,2008-06-03
K150330170,90,CHF,2008-06-03
K150330177,90,CHF,2008-06-03
K150330180,90,CHF,2008-06-03
K150330189,90,CHF,2008-06-03
K150330190,90,CHF,2008-06-03
K150330198,90,CHF,2008-06-03
K150330206,90,CHF,2008-06-03
K150330216,90,CHF,2008-06-03
K150330224,90,CHF,2008-06-19
K150330233,90,CHF,2008-07-11
K150330235,90,CHF,2008-07-11
K150330242,90,CHF,2008-07-11
K150330253,90,CHF,2008-07-11
K150330256,90,CHF,2008-07-11
K150330261,90,CHF,2008-07-11
K150330267,90,CHF,2008-08-06
K150330275,90,CHF,2009-04-22
K150330280,90,CHF,2009-04-22
K150330283,90,CHF,2009-04-22
K150330297,90,CHF,2009-04-22
K150330302,90,CHF,2009-04-22
K150330305,90,CHF,2009-04-22
K150330315,90,CHF,2009-04-22
K150330320,90,CHF,2009-04-22
K150330328,90,CHF,2009-04-22
K150330330,90,CHF,2009-04-22
K01526ABM0,90,CHF,2010-07-12
K01526ACB0,90,CHF,2010-07-12
K01526ACS0,90,CHF,2010-07-12
K01526ADB0,90,CHF,2010-07-12
K01526ADC0,90,CHF,2010-07-12
K016700000,20,CHF,2006-07-24
K016820000,20,CHF,2012-09-27
K016830000,20,CHF,2015-05-20
K016960000,20,CHF,2006-07-24
K016990000,20,CHF,2014-06-18
K017020000,10,CHF,2006-07-24
K017050000,20,CHF,2016-03-02
K017060000,10,CHF,2006-07-24
K017210000,20,CHF,2014-01-15
K017350000,20,CHF,2013-02-05
K017500000,90,CHF,2011-04-20
K017620003,90,CHF,2007-10-30
K017620004,90,CHF,2011-09-13
K017690000,90,CHF,2015-06-26
K017730000,20,CHF,2016-02-22
K017830000,20,EUR,2014-01-20
K017850000,90,CHF,2016-03-15
K018030020,90,CHF,2006-07-29
K018030035,90,CHF,2006-07-29
K01526AES0,90,CHF,2010-07-12
K01526AEY0,90,CHF,2010-07-12
K01526AFD0,90,CHF,2010-07-12
K01526AFK0,90,CHF,2010-07-12
K01526AFX0,90,CHF,2010-07-12
K01526AFY0,90,CHF,2010-07-12
K01526AGF0,90,CHF,2010-07-12
K01526AGJ0,90,CHF,2010-07-12
K01526AGL0,90,CHF,2010-07-12
K01526AGN0,90,CHF,2010-07-12
K01526AGS0,90,CHF,2010-07-12
K01526AGW0,90,CHF,2010-07-12
K01526AGX0,90,CHF,2010-07-12
K01526AHA0,90,CHF,2010-07-12
K01526AHB0,90,CHF,2010-07-12
K150330338,90,CHF,2009-04-22
K150330339,90,CHF,2009-04-22
K150330340,90,CHF,2009-04-22
K150330343,90,CHF,2009-04-22
K150330356,90,CHF,2009-04-22
K150330360,90,CHF,2009-04-22
K150330367,90,CHF,2009-04-22
K150330375,90,CHF,2009-04-22
K150330385,90,CHF,2009-04-22
K150330395,90,CHF,2009-04-22
K150330399,90,CHF,2009-04-22
K150330401,90,CHF,2009-04-22
K150330408,90,CHF,2009-04-22
K150330416,90,CHF,2009-04-22
K150330417,90,CHF,2009-04-22
K150330426,90,CHF,2009-08-13
K150330429,90,CHF,2009-10-05
K150330439,90,CHF,2009-10-05
K150330443,90,CHF,2009-10-05
K150330459,90,CHF,2009-10-05
K150330469,90,CHF,2009-10-05
K150330479,90,CHF,2009-10-05
K150330487,90,CHF,2009-10-05
K150330493,90,CHF,2009-10-05
K150330498,90,CHF,2009-10-05
K150330509,90,CHF,2009-10-05
K150330520,90,CHF,2009-10-27
K14542ADY0,20,EUR,2014-02-28
K145510000,10,CHF,2006-07-24
K145550000,90,CHF,2006-07-24
K145580000,90,CHF,2006-07-24
K145670000,20,CHF,2006-07-24
K145740000,20,CHF,2006-07-24
K145760000,10,CHF,2006-07-24
K145880000,20,CHF,2008-02-26
K14590AAAA,90,CHF,2008-04-22
K145920000,90,CHF,2006-07-24
K145980000,10,CHF,2006-07-24
K146050000,20,CHF,2006-07-24
K01526AHP0,90,CHF,2010-12-20
K01526AHS0,90,CHF,2011-04-29
K01526AHV0,90,CHF,2011-07-18
K01526ZZZZ,90,CHF,2010-04-30
K01530AAD0,90,CHF,2011-09-15
K01530AAF0,90,CHF,2011-09-15
K01530AAQ0,90,CHF,2011-09-15
K01530AAV0,90,CHF,2011-09-15
K01530AAZ0,90,CHF,2011-09-15
K01530ABW0,90,CHF,2011-09-15
K01530ACB0,90,CHF,2011-09-15
K01530ACC0,90,CHF,2011-09-15
K01530ACF0,90,CHF,2011-09-15
K01530ACL0,90,CHF,2011-09-15
K01530ACQ0,90,CHF,2011-09-15
K01530ACY0,90,CHF,2011-09-15
K01530ADE0,90,CHF,2011-09-15
K01530ADF0,90,CHF,2011-09-15
K01530ADL0,90,CHF,2011-09-15
K01530ADN0,90,CHF,2011-09-15
K01530ADP0,90,CHF,2011-09-15
K01530ADX0,90,CHF,2011-09-15
K01530AFE0,90,CHF,2011-09-15
K01530AFJ0,90,CHF,2011-09-15
K01530AFN0,90,CHF,2011-09-15
K01530AGI0,90,CHF,2011-09-15
K01530AGO0,90,CHF,2011-09-15
K01530AGS0,90,CHF,2011-09-15
K01530AGU0,90,CHF,2011-09-15
K01530AHB0,90,CHF,2011-09-15
K01530AHF0,90,CHF,2011-09-15
K01530AHL0,90,CHF,2011-09-15
K01530AIM0,90,CHF,2011-09-15
K018030549,90,CHF,2011-06-16
K018250000,20,CHF,2009-08-27
K018440000,90,CHF,2007-06-05
K018770000,90,CHF,2008-05-19
K018880000,20,CHF,2010-11-16
K018920000,90,CHF,2006-10-18
K146110000,10,CHF,2006-07-24
K146290000,90,CHF,2010-11-05
K146330000,90,CHF,2006-07-24
K146350000,90,CHF,2006-07-24
K14652AAAA,90,CHF,2008-04-22
K146570000,90,CHF,2015-04-16
K146590000,20,CHF,2006-07-24
K146650000,20,CHF,2015-05-08
K146680000,20,CHF,2009-12-29
K146750000,90,CHF,2006-07-24
K146800000,90,CHF,2006-07-24
K146870000,90,CHF,2006-07-24
K146950000,10,CHF,2006-07-24
K146980000,90,CHF,2006-07-24
K147370000,20,CHF,2006-07-24
K147410000,20,CHF,2006-10-19
K147590000,20,CHF,2006-07-24
K147610000,20,CHF,2006-07-24
K147910000,20,CHF,2006-07-24
K147970000,90,CHF,2006-07-24
K148170000,20,CHF,2006-07-24
K148340000,90,CHF,2006-07-24
K148420000,20,CHF,2006-12-13
K148600000,90,CHF,2006-07-24
K150330549,90,CHF,2009-10-27
K150330551,90,CHF,2009-11-10
K150330561,90,CHF,2010-01-14
K150330585,90,CHF,2010-09-06
K150330602,90,CHF,2010-09-06
K150330617,90,CHF,2010-09-06
K150330620,90,CHF,2010-09-06
K150330629,90,CHF,2010-09-06
K150330648,90,CHF,2010-09-06
K150330658,90,CHF,2010-09-06
K150330662,90,CHF,2010-09-06
K150330665,90,CHF,2010-09-06
K150330670,90,CHF,2010-09-06
K150330675,90,CHF,2010-09-06
K150330678,90,CHF,2010-09-06
K018950000,90,CHF,2007-10-09
K019070001,20,CHF,2013-06-20
K019140000,90,CHF,2015-04-27
K019210000,20,CHF,2006-07-24
K019240000,90,CHF,2006-09-08
K019260000,90,CHF,2015-07-10
K018030041,90,CHF,2006-07-29
K018030047,90,CHF,2006-07-29
K018030057,90,CHF,2006-07-29
K018030058,90,CHF,2006-07-29
K018030077,90,CHF,2006-07-29
K018030080,90,CHF,2006-07-29
K018030082,90,CHF,2006-07-29
K018030093,90,CHF,2006-07-29
K018030098,90,CHF,2006-07-29
K018030113,90,CHF,2006-07-29
K018030118,90,CHF,2006-07-29
K018030123,90,CHF,2006-07-29
K018030126,90,CHF,2006-07-29
K018030134,90,CHF,2006-07-29
K018030146,90,CHF,2006-07-29
K018030147,90,CHF,2006-07-29
K018030151,90,CHF,2006-07-29
K018030157,90,CHF,2006-07-29
K018030158,90,CHF,2006-07-29
K018030168,90,CHF,2006-08-09
K018030173,90,CHF,2006-08-15
K018030189,90,CHF,2006-08-22
K018030213,90,CHF,2006-08-22
K018030216,90,CHF,2006-08-22
K018030221,90,CHF,2006-08-22
K018030226,90,CHF,2006-08-22
K018030249,90,CHF,2006-08-22
K018030252,90,CHF,2006-08-22
K018030258,90,CHF,2006-08-22
K018030266,90,CHF,2006-08-22
K018030273,90,CHF,2006-08-22
K018030283,90,CHF,2006-08-22
K018030294,90,CHF,2006-08-22
K018030302,90,CHF,2006-08-22
K150330682,90,CHF,2010-09-06
K150330696,90,CHF,2010-09-06
K150330705,90,CHF,2010-09-06
K150330711,90,CHF,2010-09-06
K150330721,90,CHF,2010-09-06
K150330728,90,CHF,2010-09-06
K150330749,90,CHF,2010-09-06
K150330755,90,CHF,2010-09-06
K150330756,90,CHF,2010-09-06
K150330773,90,CHF,2010-09-06
K150330776,90,CHF,2010-09-06
K150330782,90,CHF,2010-09-06
K150330793,90,CHF,2010-09-06
K150330800,90,CHF,2010-09-06
K150330816,90,CHF,2010-09-06
K150330819,90,CHF,2010-09-06
K150330826,90,CHF,2010-09-06
K150330833,90,CHF,2010-09-06
K149100000,90,CHF,2006-07-24
K149110000,20,CHF,2006-07-24
K149130000,90,CHF,2006-07-24
K149160002,90,CHF,2009-02-10
K149390000,90,CHF,2008-11-10
K149470000,90,CHF,2006-07-24
K149500000,20,CHF,2006-07-24
K149670000,20,CHF,2006-07-24
K149680000,20,CHF,2009-05-04
K14972XXXX,20,CHF,2013-03-28
K149770000,90,CHF,2006-07-24
K149790000,90,CHF,2006-07-24
K149810000,90,CHF,2007-08-13
K149860000,90,CHF,2006-07-24
K149870000,20,CHF,2006-07-24
K149910000,90,CHF,2006-07-24
K150120000,90,CHF,2006-07-24
K150810000,20,CHF,2006-07-24
K150840000,90,CHF,2006-07-24
K150880000,10,CHF,2006-07-24
K150330859,90,CHF,2010-09-06
K018030305,90,CHF,2006-08-22
K018030316,90,CHF,2006-08-22
K018030324,90,CHF,2006-08-22
K018030329,90,CHF,2006-08-22
K018030330,90,CHF,2006-08-22
K018030344,90,CHF,2006-08-22
K018030349,90,CHF,2006-08-22
K018030350,90,CHF,2006-08-22
K018030352,90,CHF,2006-08-22
K018030357,90,CHF,2006-08-22
K018030372,90,CHF,2006-08-22
K018030376,90,CHF,2006-08-22
K018030382,90,CHF,2006-08-22
K018030386,90,CHF,2006-08-22
K018030390,90,CHF,2006-08-22
K018030401,90,CHF,2006-08-22
K018030406,90,CHF,2006-08-22
K018030409,90,CHF,2006-08-22
K018030416,90,CHF,2006-08-22
K018030417,90,CHF,2006-08-22
K018030425,90,CHF,2006-08-22
K018030436,90,CHF,2006-08-22
K018030439,90,CHF,2006-08-22
K018030456,90,CHF,2006-08-22
K018030461,90,CHF,2006-08-22
K018030469,90,CHF,2006-08-22
K018030475,90,CHF,2006-08-22
K018030481,90,CHF,2006-08-22
K018030489,90,CHF,2006-09-08
K018030495,90,CHF,2006-11-20
K018030505,90,CHF,2007-04-02
K018030507,90,CHF,2007-06-04
K018030515,90,CHF,2007-11-12
K023700001,90,CHF,2006-09-05
K024260000,10,CHF,2006-07-24
K024320000,90,CHF,2006-07-24
K024380000,90,CHF,2006-07-24
K024460000,90,CHF,2006-07-24
K024540000,10,CHF,2006-07-24
K150330867,90,CHF,2010-09-06
K150330869,90,CHF,2010-09-06
K150330875,90,CHF,2010-09-06
K150330901,90,CHF,2010-10-15
K150330902,90,CHF,2010-10-15
K150330914,90,CHF,2010-12-13
K150330939,90,CHF,2011-06-10
K150330947,90,CHF,2011-11-04
K150330954,90,CHF,2012-04-24
K150330960,90,CHF,2012-09-26
K150330966,90,CHF,2013-03-21
K150330970,90,CHF,2013-08-09
K150330983,90,CHF,2013-08-26
K150330988,90,CHF,2013-08-26
K150330992,90,CHF,2013-08-26
K150330996,90,CHF,2013-08-26
K150331004,90,CHF,2013-08-28
K150331010,90,CHF,2013-08-28
K150331020,90,CHF,2013-08-29
K150331029,90,CHF,2013-08-29
K150331039,90,CHF,2013-08-29
K150331042,90,CHF,2013-08-29
K150331049,90,CHF,2014-01-06
K150331050,90,CHF,2014-01-21
K150331059,90,CHF,2014-06-03
K150331062,90,CHF,2014-06-03
K150331071,90,CHF,2014-06-03
K150331074,90,CHF,2014-06-03
K150331084,90,CHF,2014-06-03
K150331087,90,CHF,2014-06-03
K150331091,90,CHF,2014-06-03
K150331100,90,CHF,2014-11-05
K150331113,90,CHF,2015-03-19
K150331125,90,CHF,2015-06-23
K150331139,90,CHF,2015-12-16
K150331143,90,CHF,2016-01-08
K15033XXXX,90,CHF,2013-06-21
K150390000,20,CHF,2006-07-24
K150440000,90,CHF,2006-12-22
K024560000,10,CHF,2006-07-24
K024730000,20,CHF,2013-06-20
K024800000,20,CHF,2006-07-24
K025560000,20,CHF,2009-06-22
K025590000,90,CHF,2011-02-02
K025670000,90,CHF,2014-09-30
K025960000,20,CHF,2006-07-24
K026120000,10,CHF,2006-07-24
K026140000,90,CHF,2010-11-08
K026150000,10,CHF,2006-07-24
K020080000,20,CHF,2016-01-05
K020220000,90,CHF,2007-06-18
K020400000,90,CHF,2006-10-02
K020650000,20,CHF,2006-07-24
K087690000,90,CHF,2006-07-24
K087870000,90,CHF,2006-07-24
K087900000,20,CHF,2006-07-24
K088370000,20,CHF,2007-09-05
K088460000,90,CHF,2007-01-19
K088470000,90,CHF,2006-07-24
K078730000,90,CHF,2006-07-24
K078830000,90,CHF,2006-07-24
K078970000,20,CHF,2006-07-24
K079040000,20,CHF,2014-08-18
K079120000,90,CHF,2006-07-24
K079600000,90,CHF,2006-07-24
K080360000,90,CHF,2006-07-24
K080440000,10,CHF,2006-07-24
K080660000,20,CHF,2006-07-24
K080760000,20,CHF,2006-07-24
K080770000,20,CHF,2006-07-24
K080810000,90,CHF,2006-10-02
K080820000,90,CHF,2010-12-01
K091900000,20,CHF,2006-09-13
K092000000,20,CHF,2012-03-06
K092210000,90,USD,2012-10-22
K092250000,20,EUR,2010-11-18
K092260000,10,CHF,2012-05-24
K092330000,20,CHF,2006-07-24
K092360000,20,CHF,2006-07-24
K092380000,20,CHF,2010-05-07
K092560000,20,CHF,2009-01-05
K092610000,20,CHF,2006-07-24
K089290000,20,CHF,2006-07-24
K089550000,20,CHF,2012-05-02
K089590000,20,CHF,2015-02-17
K089610000,20,CHF,2014-10-09
K089730000,10,CHF,2006-07-24
K089770000,90,CHF,2008-05-09
K089940000,20,CHF,2006-07-24
K090340000,90,CHF,2007-10-10
K090370004,90,CHF,2008-08-04
K09037AAAA,90,CHF,2008-04-22
K09037AAQ0,90,CHF,2010-08-27
K09037ABX0,90,CHF,2010-09-07
K09037ACB0,90,CHF,2011-03-09
K09037ACN0,90,CHF,2012-09-14
K09037ACQ0,90,CHF,2012-09-26
K09037ACS0,90,CHF,2012-12-10
K092730000,20,CHF,2009-03-03
K092770000,20,CHF,2011-07-07
K092800000,20,CHF,2013-02-25
K093040000,90,CHF,2006-07-24
K093080001,90,CHF,2008-07-17
K093140000,20,CHF,2007-07-05
K093150000,20,CHF,2006-07-24
K093320000,20,CHF,2012-08-21
K093390000,20,CHF,2013-03-20
K093610000,20,CHF,2008-11-06
K093800000,90,CHF,2006-07-24
K093990000,10,CHF,2007-04-03
K094020000,20,CHF,2007-06-07
K094280000,20,CHF,2006-07-24
K094330000,90,CHF,2006-09-20
K094340000,90,CHF,2012-08-20
K094450000,90,CHF,2006-07-24
K094820000,10,CHF,2006-08-01
K094880000,20,CHF,2006-07-24
K095400000,90,CHF,2010-05-10
K095650000,90,CHF,2006-07-24
K09037ADB0,90,CHF,2013-11-19
K09037ADK0,90,CHF,2014-06-18
K09037ADQ0,90,CHF,2014-07-01
K09037ADU0,90,CHF,2014-07-02
K09037ADV0,90,CHF,2014-07-04
K09037ADW0,90,CHF,2014-08-14
K09037YYYY,90,CHF,2009-11-02
K090510000,20,CHF,2006-07-24
K090790000,20,CHF,2006-07-24
K091070000,90,CHF,2007-12-17
K091260000,10,CHF,2006-07-24
K091370000,20,CHF,2006-09-19
K091460000,20,CHF,2006-07-24
K091610000,20,CHF,2011-04-04
K10100ABT0,90,EUR,2012-07-26
K10100ABV0,90,EUR,2012-07-26
K10100ACJ0,90,EUR,2012-07-26
K10100ACN0,90,EUR,2012-07-26
K10100ACO0,90,EUR,2012-07-26
K10100ACS0,90,EUR,2012-07-26
K10100ACX0,90,EUR,2012-07-26
K095880000,90,CHF,2006-07-24
K096580000,20,CHF,2006-07-24
K09671AAAA,90,CHF,2008-04-22
K09671AAF0,20,CHF,2009-02-23
K09671AAN0,20,CHF,2009-10-07
K096950000,20,CHF,2007-08-27
K096990000,20,CHF,2006-07-24
K097070000,20,CHF,2006-07-24
K097120000,90,CHF,2006-07-24
K097220000,90,EUR,2016-02-23
K097240000,90,CHF,2008-01-30
K097610000,20,CHF,2006-07-24
K097620000,90,CHF,2012-04-16
K097680000,90,CHF,2006-07-24
K097800000,90,CHF,2007-11-21
K097810000,10,CHF,2006-07-24
K150570000,20,CHF,2006-07-24
K150650000,20,CHF,2006-07-24
K150690000,20,CHF,2006-07-24
K150740000,90,CHF,2006-07-24
K168960000,20,CHF,2007-06-26
K169130000,10,CHF,2007-09-05
K169180000,90,CHF,2007-09-13
K169260000,20,CHF,2007-10-02
K169430000,90,CHF,2008-02-25
K169470000,20,CHF,2008-03-11
K169530000,90,CHF,2008-04-16
K169600000,90,CHF,2008-05-05
K169670000,90,CHF,2008-07-21
K169680000,90,CHF,2008-07-30
K169740000,20,CHF,2008-09-16
K169820000,90,CHF,2008-11-13
K169860000,20,CHF,2008-12-08
K169880000,20,CHF,2008-12-11
K169890000,20,CHF,2008-12-11
K169950000,20,CHF,2009-02-09
K150900000,90,CHF,2006-07-24
K150950000,10,CHF,2009-05-12
K151120000,20,CHF,2006-07-24
K151130000,90,CHF,2008-05-16
K151190000,20,CHF,2007-02-06
K151250000,20,CHF,2008-10-30
K151280000,90,CHF,2006-07-24
K151290000,20,CHF,2009-08-07
K151390000,20,CHF,2010-02-24
K151560001,20,CHF,2007-04-30
K01448EWX0,90,CHF,2014-11-05
K01448EXM0,90,CHF,2014-12-02
K01448EXT0,90,CHF,2014-12-02
K01448EYP0,90,CHF,2014-12-22
K01448EYW0,90,CHF,2015-01-20
K01448EYZ0,90,CHF,2015-01-20
K01448EZA0,90,CHF,2015-01-20
K01448EZT0,90,CHF,2015-02-02
K01448FAE0,90,CHF,2015-03-10
K097900000,20,CHF,2015-01-14
K098000000,90,CHF,2006-07-24
K10100ADB0,90,EUR,2012-07-26
K10100AED0,90,EUR,2012-07-26
K10100AER0,90,EUR,2012-07-26
K10100AEV0,90,EUR,2012-07-26
K10100AFL0,90,EUR,2012-07-26
K10100AFW0,90,EUR,2012-07-26
K10100AFZ0,90,EUR,2012-07-26
K10100AGB0,90,EUR,2012-07-26
K10100AGJ0,90,EUR,2012-08-08
K10100AGM0,90,EUR,2012-08-08
K10100AGN0,90,EUR,2012-08-08
K10100AGS0,90,EUR,2012-08-08
K10100AGV0,90,EUR,2012-08-08
K10100AHE0,90,EUR,2012-08-08
K10100AHF0,90,EUR,2012-08-08
K10100AHK0,90,EUR,2012-08-08
K10100AHN0,90,EUR,2012-08-08
K10100AHO0,90,EUR,2012-08-08
K10100AHT0,90,EUR,2012-08-08
K10100AHU0,90,EUR,2012-08-08
K10100AIH0,90,EUR,2012-08-08
K10100AII0,90,EUR,2012-08-08
K10100AIX0,90,EUR,2012-08-08
K10100AJG0,90,EUR,2012-08-08
K10100AJJ0,90,EUR,2012-08-08
K10100AJL0,90,EUR,2012-08-08
K10100AJM0,90,EUR,2012-08-08
K10100ALE0,90,EUR,2012-08-08
K10100ALM0,90,EUR,2012-08-08
K10100ALN0,90,EUR,2012-08-08
K10100ALT0,90,EUR,2012-10-17
K10100AMQ0,90,EUR,2012-10-17
K10100AMT0,90,EUR,2012-10-17
K10100AMW0,90,EUR,2012-10-17
K10100AMX0,90,EUR,2012-10-17
K10100ANC0,90,EUR,2012-10-17
K10100ANF0,90,EUR,2012-10-17
K01448FAJ0,90,CHF,2015-03-16
K01448FAK0,90,CHF,2015-03-16
K01448FAR0,90,CHF,2015-03-17
K01448FAS0,90,CHF,2015-03-17
K01448FBE0,90,CHF,2015-03-31
K01448FBJ0,90,CHF,2015-04-16
K01448FBO0,90,CHF,2015-05-26
K01448FBQ0,90,CHF,2015-05-26
K01448FBY0,90,CHF,2015-05-27
K01448FCC0,90,CHF,2015-05-27
K01448FCE0,90,CHF,2015-05-27
K01448FCF0,90,CHF,2015-05-27
K01448FCR0,90,CHF,2015-06-23
K01448FCS0,90,CHF,2015-06-23
K01448FDH0,90,CHF,2015-07-29
K01448FEB0,90,CHF,2015-08-12
K01448FEM0,90,CHF,2015-09-21
K01448FES0,90,CHF,2015-09-22
K01448XXXX,20,CHF,2011-08-29
K014530000,90,CHF,2006-08-28
K014570000,20,CHF,2006-07-24
K014870000,90,CHF,2006-07-24
K014920000,10,CHF,2010-08-10
K015070000,90,CHF,2006-09-13
K015190000,90,CHF,2007-01-10
K015200000,20,CHF,2007-12-11
K01448EBA0,90,CHF,2013-06-07
K01448EBT0,90,CHF,2013-07-15
K01448ECB0,90,CHF,2013-07-15
K01448ECD0,90,CHF,2013-07-15
K01448ECH0,90,CHF,2013-07-15
K01448ECJ0,90,CHF,2013-07-15
K01448ECP0,90,CHF,2013-07-15
K01448ECT0,90,CHF,2013-07-15
K01448ECW0,90,CHF,2013-08-12
K01448ECX0,90,CHF,2013-08-12
K01530AIS0,90,CHF,2011-09-15
K01530AJH0,90,CHF,2011-09-15
K01530AJJ0,90,CHF,2011-09-15
K10100ANX0,90,EUR,2012-10-17
K10100AOA0,90,EUR,2012-10-17
K10100AOG0,90,EUR,2012-10-17
K10100AOL0,90,EUR,2012-10-17
K10100AOS0,90,EUR,2012-10-17
K10100AOU0,90,EUR,2012-10-17
K10100APK0,90,EUR,2012-10-17
K10100APL0,90,EUR,2012-10-17
K10100AQB0,90,EUR,2012-10-17
K10100AQQ0,90,EUR,2012-10-24
K10100AQR0,90,EUR,2012-10-24
K10100AQT0,90,EUR,2012-10-24
K10100AQW0,90,EUR,2012-10-24
K10100ARE0,90,EUR,2012-10-24
K10100ARS0,90,EUR,2012-10-24
K10100ARZ0,90,EUR,2012-10-24
K10100ASA0,90,EUR,2012-10-24
K10100ASF0,90,EUR,2012-10-24
K10100ASI0,90,EUR,2012-10-24
K10100ASR0,90,EUR,2012-10-24
K10100ASS0,90,EUR,2012-10-24
K10100AST0,90,EUR,2012-10-24
K10100ATD0,90,EUR,2012-10-24
K10100ATF0,90,EUR,2012-10-24
K10100ATU0,90,EUR,2012-10-24
K10100ATV0,90,EUR,2012-10-24
K10100ATW0,90,EUR,2012-10-24
K10100ATY0,90,EUR,2012-10-24
K10100AUE0,90,EUR,2012-10-24
K10100AUH0,90,EUR,2012-10-24
K10100AUL0,90,CHF,2012-11-19
K10100AVG0,90,EUR,2012-11-19
K10100AVJ0,90,EUR,2012-11-19
K10100AVS0,90,EUR,2012-11-19
K10100AVT0,90,EUR,2012-11-19
K10100AVU0,90,EUR,2012-11-19
K10100AVX0,90,EUR,2012-11-19
K10100AWQ0,90,EUR,2012-11-19
K10100AWY0,90,EUR,2012-11-19
K10100AXA0,90,EUR,2012-11-19
K10100AXB0,90,EUR,2012-11-19
K10100AXS0,90,EUR,2012-11-19
K10100AXT0,90,EUR,2012-11-19
K10100AXU0,90,EUR,2012-11-19
K10100AXV0,90,EUR,2012-11-19
K10100AXX0,90,EUR,2012-11-19
K10100AXY0,90,EUR,2012-11-19
K10100AYL0,90,EUR,2012-12-10
K10100AYM0,90,EUR,2012-12-10
K10100AZD0,90,EUR,2012-12-10
K10100AZE0,90,EUR,2012-12-10
K10100AZR0,90,EUR,2012-12-07
K098110000,20,CHF,2007-02-19
K098160000,20,CHF,2006-07-24
K098220000,20,CHF,2006-07-24
K098440000,90,CHF,2006-08-01
K098680000,90,CHF,2010-03-16
K098720000,90,CHF,2007-10-17
K098850000,20,CHF,2006-07-24
K098930000,90,CHF,2011-04-06
K099170000,20,CHF,2007-05-14
K099190000,20,EUR,2006-07-24
K099360000,90,CHF,2011-06-30
K099370000,20,CHF,2006-07-24
K099440000,20,CHF,2016-02-22
K099650000,20,EUR,2006-07-24
K099670000,90,CHF,2006-07-24
K099680000,10,CHF,2007-02-22
K099690000,20,CHF,2007-04-20
K099700000,90,CHF,2007-09-18
K099710000,90,CHF,2008-07-09
K099720000,90,CHF,2009-03-30
K099740000,20,CHF,2006-07-24
K09974AAO0,90,CHF,2008-11-21
K09974AAQ0,20,CHF,2009-07-15
K09974ABT0,90,CHF,2010-04-27
K09974ACD0,90,CHF,2010-04-27
K09974ACE0,90,CHF,2010-04-27
K01530AJK0,90,CHF,2011-09-15
K01530AJR0,90,CHF,2011-09-15
K01530AJS0,90,CHF,2011-09-15
K01530AKD0,90,CHF,2011-09-15
K01530AKG0,90,CHF,2011-09-15
K01530AKS0,90,CHF,2011-09-15
K01530ALA0,90,CHF,2011-09-15
K01530ALS0,90,CHF,2011-09-15
K01530ALZ0,90,CHF,2011-09-15
K01530AMA0,90,CHF,2011-09-15
K01530AMZ0,90,CHF,2011-09-15
K01530AND0,90,CHF,2011-09-15
K01530ANI0,90,CHF,2011-09-15
K01530ANL0,90,CHF,2011-09-15
K01530ANM0,90,CHF,2011-09-15
K01530ANO0,90,CHF,2011-09-15
K01530ANY0,90,CHF,2011-09-15
K01530AOD0,90,CHF,2011-09-15
K01530AOF0,90,CHF,2011-09-15
K01530APZ0,90,CHF,2014-09-30
K01530ARA0,90,CHF,2015-04-28
K01530ARD0,90,CHF,2015-06-01
K01530ARJ0,90,CHF,2015-06-15
K01530ARZ0,90,CHF,2015-11-13
K01530ASA0,90,CHF,2015-11-23
K015390000,20,CHF,2012-08-28
K015400000,20,CHF,2014-06-06
K015450000,20,CHF,2006-07-24
K015740000,20,CHF,2015-01-26
K015770000,90,CHF,2006-07-24
K015800000,90,CHF,2006-07-24
K015820000,10,CHF,2006-07-24
K015870000,20,CHF,2014-08-13
K015930000,20,CHF,2006-07-24
K015940000,90,EUR,2011-10-14
K016050000,20,CHF,2009-12-02
K016130000,20,CHF,2006-07-24
K016180000,20,EUR,2011-08-19
K016230000,90,CHF,2014-02-10
K09974ACJ0,90,CHF,2010-04-27
K09974ACN0,90,CHF,2010-04-27
K09974ACW0,90,CHF,2010-04-27
K09974ADN0,90,CHF,2010-04-27
K09974ADO0,90,CHF,2010-04-27
K09974AEL0,90,CHF,2010-04-27
K09974AFC0,90,CHF,2010-04-27
K09974AFQ0,90,CHF,2010-04-27
K09974AFZ0,90,CHF,2010-04-27
K09974AGJ0,90,CHF,2011-11-22
K09974AGK0,90,CHF,2011-11-22
K09974AGL0,90,CHF,2011-11-22
K09974AGR0,90,CHF,2011-11-22
K09974AGS0,90,CHF,2011-11-22
K09974AHD0,90,CHF,2011-11-22
K09974AHE0,90,CHF,2012-07-23
K09974AHG0,20,CHF,2012-07-24
K100080000,90,EUR,2013-03-08
K100120000,90,CHF,2006-07-24
K100150000,90,EUR,2013-05-29
K100340000,20,CHF,2006-07-24
K100380000,90,CHF,2006-07-24
K100580000,20,CHF,2015-02-25
K100810000,90,CHF,2007-06-04
K101000000,90,EUR,2007-01-30
K10100AAH0,90,EUR,2012-07-26
K10100AAV0,90,EUR,2012-07-26
K10100AAX0,90,EUR,2012-07-26
K10100CAU0,90,EUR,2013-11-13
K10100CBA0,90,EUR,2013-11-13
K10100CBB0,90,EUR,2013-11-13
K10100CBJ0,90,EUR,2013-11-13
K10100CBM0,90,EUR,2013-11-13
K10100CBZ0,90,EUR,2013-11-13
K10100CCH0,90,EUR,2013-11-13
K10100CCQ0,90,EUR,2013-12-06
K10100BAD0,90,EUR,2012-12-07
K10100BAY0,90,EUR,2012-12-07
K10100BAZ0,90,EUR,2012-12-07
K10100BBH0,90,EUR,2013-01-17
K016250000,90,CHF,2006-07-24
K01627AAK0,90,CHF,2010-08-12
K016360000,20,CHF,2006-07-24
K016410000,10,CHF,2006-07-24
K016420000,20,EUR,2006-07-24
K016520000,20,CHF,2006-07-24
K016530000,20,CHF,2014-08-12
K016540000,10,CHF,2015-06-25
K016600000,90,CHF,2007-09-28
K016610000,90,CHF,2008-04-30
K016890000,20,CHF,2014-06-02
K016970000,20,CHF,2006-07-24
K017010000,90,CHF,2015-08-11
K017040000,90,CHF,2016-02-11
K017160000,20,CHF,2006-07-24
K017190000,90,CHF,2016-02-25
K017230000,90,CHF,2016-02-01
K01526AAN0,90,CHF,2010-07-12
K01526AAO0,90,CHF,2010-07-12
K01526ABK0,90,CHF,2010-07-12
K01526ABR0,90,CHF,2010-07-12
K01526ABV0,90,CHF,2010-07-12
K01526ACA0,90,CHF,2010-07-12
K01526ACH0,90,CHF,2010-07-12
K01526ACL0,90,CHF,2010-07-12
K01526ACM0,90,CHF,2010-07-12
K01526ACZ0,90,CHF,2010-07-12
K01526ADL0,90,CHF,2010-07-12
K01526ADS0,90,CHF,2010-07-12
K01526ADT0,90,CHF,2010-07-12
K01526ADV0,90,CHF,2010-07-12
K01526AEE0,90,CHF,2010-07-12
K01526AEI0,90,CHF,2010-07-12
K01526AEQ0,90,CHF,2010-07-12
K01526AFJ0,90,CHF,2010-07-12
K01526AFN0,90,CHF,2010-07-12
K01526AFR0,90,CHF,2010-07-12
K01526AFS0,90,CHF,2010-07-12
K01526AHF0,90,CHF,2010-07-12
K01526AHH0,90,CHF,2010-07-12
K01526AHM0,90,CHF,2010-09-16
K015280000,10,CHF,2006-07-24
K01530AAB0,90,CHF,2011-09-15
K01530AAN0,90,CHF,2011-09-15
K01530AAU0,90,CHF,2011-09-15
K01530AAX0,90,CHF,2011-09-15
K01530ABA0,90,CHF,2011-09-15
K01530ABK0,90,CHF,2011-09-15
K01530ABM0,90,CHF,2011-09-15
K01530ABP0,90,CHF,2011-09-15
K01530ABQ0,90,CHF,2011-09-15
K01530ABU0,90,CHF,2011-09-15
K01530ACT0,90,CHF,2011-09-15
K01530ACU0,90,CHF,2011-09-15
K01530ACZ0,20,CHF,2011-09-15
K01530ADB0,90,CHF,2011-09-15
K01530ADJ0,90,CHF,2011-09-15
K01530ADU0,90,CHF,2011-09-15
K01530ADZ0,90,CHF,2011-09-15
K01530AEC0,90,CHF,2011-09-15
K01530AEE0,90,CHF,2011-09-15
K01530AFA0,90,CHF,2011-09-15
K01530AFB0,90,CHF,2011-09-15
K01530AFC0,90,CHF,2011-09-15
K01530AFG0,90,CHF,2011-09-15
K01530AFK0,90,CHF,2011-09-15
K01530AFQ0,90,CHF,2011-09-15
K01530AFT0,90,CHF,2011-09-15
K01530AGD0,90,CHF,2011-09-15
K01530AGT0,90,CHF,2011-09-15
K01530AGW0,90,CHF,2011-09-15
K01530AHD0,90,CHF,2011-09-15
K01530AHV0,90,CHF,2011-09-15
K01530AIK0,90,CHF,2011-09-15
K01530AIO0,90,CHF,2011-09-15
K018030546,90,CHF,2011-05-09
K018030551,90,CHF,2011-07-01
K018030556,90,CHF,2011-08-09
K017270000,90,CHF,2016-02-11
K017310000,20,CHF,2006-07-24
K017400000,20,CHF,2014-12-05
K017470000,20,CHF,2009-01-13
K017520000,20,CHF,2015-01-05
K017550000,20,CHF,2016-01-26
K017640000,90,CHF,2006-07-24
K017660000,20,CHF,2014-06-25
K017670000,90,CHF,2014-06-25
K017810000,90,CHF,2012-09-19
K017990000,20,CHF,2006-07-24
K018030000,20,CHF,2006-07-24
K018030008,90,CHF,2006-07-29
K018030015,90,CHF,2006-07-29
K018030022,90,CHF,2006-07-29
K018030038,90,CHF,2006-07-29
K018030046,90,CHF,2006-07-29
K018030060,90,CHF,2006-07-29
K018030067,90,CHF,2006-07-29
K018030071,90,CHF,2006-07-29
K018030086,90,CHF,2006-07-29
K018140000,10,CHF,2006-07-24
K018290000,20,CHF,2011-08-29
K018320000,20,CHF,2015-02-06
K018350000,20,CHF,2015-05-06
K018460000,20,CHF,2015-11-04
K018700000,10,CHF,2006-07-24
K019110000,10,CHF,2014-11-05
K019440000,20,CHF,2012-09-11
K019480000,90,CHF,2014-01-09
K019640000,20,CHF,2008-01-25
K019750000,20,CHF,2008-09-25
K019910000,20,CHF,2015-10-07
K019940000,20,CHF,2015-10-13
K019950000,20,CHF,2015-10-15
K019970000,20,CHF,2015-10-22
K020010000,20,CHF,2015-11-03
K020020000,20,CHF,2015-11-05
K020090000,20,CHF,2006-07-24
K10100BBL0,90,EUR,2013-01-17
K10100BBR0,90,EUR,2013-01-17
K10100BBS0,90,EUR,2013-01-17
K10100BBU0,90,EUR,2013-01-17
K10100BBW0,90,EUR,2013-01-17
K10100BCC0,90,EUR,2013-01-17
K10100BCG0,90,EUR,2013-01-17
K10100BDA0,90,EUR,2013-01-17
K10100BDC0,90,EUR,2013-01-17
K10100BDF0,90,EUR,2013-01-17
K10100BDR0,90,EUR,2013-01-17
K10100BDS0,90,EUR,2013-01-17
K10100BGF0,90,EUR,2013-02-22
K10100CDQ0,90,EUR,2013-12-09
K10100CEA0,90,EUR,2013-12-09
K10100CEK0,90,EUR,2013-12-09
K10100CEL0,90,EUR,2013-12-09
K10100CER0,90,EUR,2013-12-09
K10100CEU0,90,EUR,2013-12-09
K10100CFA0,90,EUR,2014-01-10
K10100CFD0,90,EUR,2014-01-10
K10100CFG0,90,EUR,2014-01-10
K10100CFI0,90,EUR,2014-01-10
K10100CFW0,90,EUR,2014-01-10
K10100CGA0,90,EUR,2014-01-10
K10100CGB0,90,EUR,2014-01-10
K10100CGG0,90,EUR,2014-01-10
K10100CGL0,90,EUR,2014-01-10
K10100CGS0,90,EUR,2014-02-19
K10100CHP0,90,EUR,2014-02-19
K10100CHQ0,90,EUR,2014-02-19
K10100CHS0,90,EUR,2014-02-19
K10100CHX0,90,EUR,2014-02-19
K10100CHZ0,90,EUR,2014-03-19
K10100CJP0,90,EUR,2014-03-20
K10100CKY0,90,EUR,2014-04-09
K10100BGK0,90,EUR,2013-02-22
K10100BHB0,90,EUR,2013-03-11
K10100BHC0,90,EUR,2013-03-11
K020130000,20,CHF,2011-03-30
K020250000,90,CHF,2007-11-19
K018030099,90,CHF,2006-07-29
K018030103,90,CHF,2006-07-29
K018030119,90,CHF,2006-07-29
K018030129,90,CHF,2006-07-29
K018030131,90,CHF,2006-07-29
K018030136,90,CHF,2006-07-29
K018030149,90,CHF,2006-07-29
K018030154,90,CHF,2006-07-29
K018030164,90,CHF,2006-08-09
K018030170,90,CHF,2006-08-11
K018030180,90,CHF,2006-11-02
K018030198,90,CHF,2006-08-22
K018030202,90,CHF,2006-08-22
K018030206,90,CHF,2006-08-22
K018030209,90,CHF,2006-08-22
K018030210,90,CHF,2006-08-22
K018030219,90,CHF,2006-08-22
K018030220,90,CHF,2006-08-22
K018030227,90,CHF,2006-08-22
K018030234,90,CHF,2006-08-22
K018030244,90,CHF,2006-08-22
K018030255,90,CHF,2006-08-22
K018030265,90,CHF,2006-08-22
K018030274,90,CHF,2006-08-22
K018030280,90,CHF,2006-08-22
K018030291,90,CHF,2006-08-22
K018030299,90,CHF,2006-08-22
K018030304,90,CHF,2006-08-22
K018030312,90,CHF,2006-08-22
K018030319,90,CHF,2006-08-22
K018030321,90,CHF,2006-08-22
K018030335,90,CHF,2006-08-22
K018030341,90,CHF,2006-08-22
K018030355,90,CHF,2006-08-22
K018030367,90,CHF,2006-08-22
K018030369,90,CHF,2006-08-22
K018030377,90,CHF,2006-08-22
K018030379,90,CHF,2006-08-22
K018030387,90,CHF,2006-08-22
K018030393,90,CHF,2006-08-22
K018030397,90,CHF,2006-08-22
K018030403,90,CHF,2006-08-22
K018030420,90,CHF,2006-08-22
K018030444,90,CHF,2006-08-22
K018030450,90,CHF,2006-08-22
K018030452,90,CHF,2006-08-22
K018030473,90,CHF,2006-08-22
K018030478,90,CHF,2006-08-22
K018030494,90,CHF,2006-11-20
K018030514,90,CHF,2007-10-25
K018030517,90,CHF,2007-11-29
K018030520,90,CHF,2007-12-05
K018030526,90,CHF,2008-07-11
K018030530,90,CHF,2010-08-11
K018030535,90,CHF,2011-02-07
K018030536,90,CHF,2011-03-01
K018030539,90,CHF,2011-03-29
K023390000,90,CHF,2011-09-02
K023440000,20,CHF,2006-07-24
K023500000,90,CHF,2013-07-05
K023730000,20,CHF,2016-01-06
K024160000,90,CHF,2006-07-24
K024170000,20,CHF,2012-01-19
K020330000,90,CHF,2014-10-13
K020820000,10,CHF,2006-10-10
K020830000,10,CHF,2007-01-24
K020840000,90,CHF,2007-11-01
K020960000,20,CHF,2009-06-08
K021250000,90,CHF,2008-08-07
K02151AAB0,90,CHF,2009-06-09
K02151AAU0,20,CHF,2009-06-09
K02151ABA0,20,CHF,2009-06-09
K02151ABC0,90,CHF,2009-06-09
K02151ABE0,20,CHF,2009-06-09
K02151ADA0,20,CHF,2010-04-20
K02151ADB0,20,CHF,2010-06-18
K02151ADK0,90,CHF,2010-12-02
K10100BHD0,90,EUR,2013-03-11
K10100BHP0,90,EUR,2013-03-11
K10100BIM0,90,EUR,2013-03-11
K10100BIR0,90,EUR,2013-03-11
K10100BIT0,90,EUR,2013-03-11
K10100BJH0,90,EUR,2013-03-11
K10100BJM0,90,EUR,2013-03-11
K10100BJQ0,90,EUR,2013-03-11
K10100BJX0,90,EUR,2013-03-11
K10100BLQ0,90,EUR,2013-04-10
K10100BLR0,90,EUR,2013-04-10
K10100BLU0,90,EUR,2013-04-10
K10100BLZ0,90,EUR,2013-04-10
K10100BMN0,90,EUR,2013-04-10
K10100BMZ0,90,EUR,2013-05-13
K10100BNE0,90,EUR,2013-05-13
K10100BNH0,90,EUR,2013-05-13
K10100BNM0,90,EUR,2013-05-13
K10100BNN0,90,EUR,2013-05-13
K10100BNP0,90,EUR,2013-05-13
K10100BNQ0,90,EUR,2013-05-13
K10100BNV0,90,EUR,2013-05-13
K10100BNX0,90,EUR,2013-05-13
K10100BOR0,90,EUR,2013-05-13
K10100BOT0,90,EUR,2013-05-13
K10100BPI0,90,EUR,2013-05-13
K10100BPM0,90,EUR,2013-05-13
K10100BQE0,90,EUR,2013-06-10
K10100BQU0,90,EUR,2013-06-10
K10100BQW0,90,EUR,2013-06-10
K10100BRE0,90,EUR,2013-06-10
K10100BRH0,90,EUR,2013-06-10
K10100BSF0,90,EUR,2013-07-09
K10100BSO0,90,EUR,2013-07-09
K10100BSZ0,90,EUR,2013-07-09
K10100BTG0,90,EUR,2013-07-08
K10100BTH0,90,EUR,2013-07-08
K10100BTI0,90,EUR,2013-07-08
K10100BTL0,90,EUR,2013-07-08
K10100BUE0,90,EUR,2013-08-13
K02151ADV0,20,CHF,2011-09-14
K02151ADW0,20,CHF,2011-09-14
K02151ADY0,20,CHF,2011-09-14
K02151AEK0,90,CHF,2011-09-14
K02151AEV0,20,CHF,2011-09-14
K02151AGB0,90,CHF,2011-10-05
K02151AGE0,20,CHF,2011-10-05
K02151AGF0,90,CHF,2011-10-05
K02151AGW0,90,CHF,2011-10-05
K02151AHB0,20,CHF,2011-10-05
K02151AHC0,20,CHF,2011-10-05
K02151AHH0,20,CHF,2011-10-05
K02151AHU0,20,CHF,2011-12-01
K02151AIC0,20,CHF,2012-02-17
K02151AIJ0,20,CHF,2012-03-22
K02151AIQ0,20,CHF,2012-05-09
K02151AJF0,90,CHF,2012-06-18
K02151AJK0,90,CHF,2012-07-10
K02151AJL0,20,CHF,2012-07-10
K02151AJO0,20,CHF,2012-07-13
K02151AJP0,20,CHF,2012-07-16
K02151AKU0,20,CHF,2013-02-01
K02151AKX0,90,CHF,2013-02-21
K02151AMB0,90,CHF,2013-11-26
K02151AMF0,20,CHF,2014-02-07
K02151AMI0,90,CHF,2014-03-07
K02151AMQ0,20,CHF,2014-04-03
K02151AMU0,20,CHF,2014-05-23
K02151ANF0,90,CHF,2014-10-21
K02151ANS0,20,CHF,2015-03-12
K02151ANZ0,20,CHF,2015-06-22
K02151AOH0,20,CHF,2015-07-07
K02151AOS0,20,CHF,2015-09-01
K02151API0,20,CHF,2015-11-09
K02151APN0,20,CHF,2015-12-03
K02151APP0,20,CHF,2015-12-08
K02152AAA0,20,CHF,2014-06-17
K02152AAD0,20,CHF,2014-06-18
K02152AAF0,20,CHF,2014-06-18
K02152AAG0,20,CHF,2014-06-18
K10100BUY0,90,EUR,2013-08-13
K10100BVH0,90,EUR,2013-08-13
K10100BVK0,90,EUR,2013-08-13
K10100BVT0,90,EUR,2013-08-13
K10100BVU0,90,EUR,2013-09-11
K10100BWC0,90,EUR,2013-09-11
K10100BWD0,90,EUR,2013-09-11
K10100BWU0,90,EUR,2013-09-16
K10100BXC0,90,EUR,2013-09-16
K10100BXD0,90,EUR,2013-09-16
K10100BXK0,90,EUR,2013-09-17
K10100BXQ0,90,EUR,2013-10-24
K10100BXR0,90,EUR,2013-10-24
K10100BYA0,90,EUR,2013-10-24
K10100BYB0,90,EUR,2013-10-24
K10100BYM0,90,EUR,2013-10-24
K10100BZB0,90,EUR,2013-10-24
K10100BZD0,90,EUR,2013-10-24
K10100BZS0,90,EUR,2013-10-24
K10100BZT0,90,EUR,2013-10-24
K10100BZZ0,90,EUR,2013-11-12
K10100CAC0,90,EUR,2013-11-12
K10100CAI0,90,EUR,2013-11-12
K10100CAJ0,90,EUR,2013-11-12
K107850000,20,CHF,2006-07-24
K10100CMT0,90,EUR,2014-05-22
K10100CNF0,90,EUR,2014-05-22
K10100CNI0,90,EUR,2014-05-22
K10100CNW0,90,EUR,2014-06-18
K10100COY0,90,EUR,2014-06-19
K10100CPA0,90,EUR,2014-06-19
K10100CPU0,90,EUR,2014-07-17
K10100CQS0,90,EUR,2014-07-17
K10100CQW0,90,EUR,2014-07-17
K10100CRF0,90,EUR,2014-08-05
K10100CRU0,90,EUR,2014-08-05
K10100CSC0,90,EUR,2014-08-05
K10100CTS0,90,EUR,2014-09-15
K10100CTU0,90,EUR,2014-09-15
K10100CUB0,90,EUR,2014-10-10
K02152AAU0,20,CHF,2014-08-04
K02152AAX0,20,CHF,2014-09-16
K02152ABC0,20,CHF,2014-10-13
K02152ABD0,20,CHF,2014-10-13
K02152ABF0,20,CHF,2014-10-13
K02152ABU0,20,CHF,2015-01-05
K02152ABV0,20,CHF,2015-02-03
K02152ACJ0,20,CHF,2015-03-23
K02152ADM0,20,CHF,2015-09-10
K02152ADU0,20,CHF,2015-10-02
K02152AEH0,20,CHF,2016-01-11
K02152AEI0,20,CHF,2016-01-11
K02152AEW0,20,CHF,2016-03-08
K02152AEY0,20,CHF,2016-03-08
K021540000,20,CHF,2006-07-24
K021590000,20,CHF,2006-07-24
K021670000,20,CHF,2006-07-24
K021710000,90,CHF,2006-07-24
K021760000,20,CHF,2010-09-02
K021790000,20,CHF,2012-02-10
K021810000,20,CHF,2006-07-24
K021860000,20,CHF,2013-01-16
K021920000,90,CHF,2007-04-05
K021990000,90,CHF,2007-09-18
K022000000,20,CHF,2010-12-14
K022170000,20,CHF,2014-05-21
K024280000,10,CHF,2008-09-17
K024300000,90,CHF,2006-07-24
K024310000,10,CHF,2013-04-10
K024520000,20,CHF,2012-08-21
K024550000,90,CHF,2006-12-21
K024670000,20,CHF,2006-07-24
K024740000,20,CHF,2013-07-12
K024750000,20,CHF,2013-07-22
K024790000,20,CHF,2014-02-25
K024860000,20,CHF,2014-08-05
K025170000,10,CHF,2006-09-28
K025390000,20,CHF,2006-07-24
K025400000,90,CHF,2006-07-24
K025600000,90,CHF,2006-07-24
K025640000,20,CHF,2013-09-16
K025650000,20,CHF,2013-10-18
K026200000,10,CHF,2013-05-02
K026280000,20,CHF,2015-03-10
K026320000,20,CHF,2011-04-27
K026400000,20,CHF,2015-03-27
K026410000,90,CHF,2006-07-24
K026450000,20,CHF,2006-07-24
K026560000,10,CHF,2008-11-14
K026780000,10,CHF,2014-01-20
K027010000,20,CHF,2008-01-03
K027070000,90,CHF,2006-07-24
K027190000,10,CHF,2009-05-13
K027330001,10,CHF,2013-12-13
K027340000,20,CHF,2013-04-11
K027400000,20,CHF,2006-07-24
K027510000,90,CHF,2006-07-24
K027630000,90,CHF,2008-05-21
K027710000,90,CHF,2007-06-13
K027860000,90,CHF,2006-07-24
K027950000,20,CHF,2006-07-24
K013140000,20,CHF,2014-02-12
K013160000,10,CHF,2006-07-24
K013330000,20,CHF,2014-06-18
K013360000,20,CHF,2008-07-02
K013380000,90,CHF,2014-07-25
K013540000,90,CHF,2007-10-02
K013670000,20,CHF,2007-12-04
K013840000,20,CHF,2006-07-24
K013920000,90,CHF,2009-04-16
K014040000,20,CHF,2012-03-30
K014060000,90,CHF,2006-07-24
K014080000,20,CHF,2012-09-17
K014110000,20,CHF,2006-07-24
K014210000,20,CHF,2012-08-07
K014240000,20,CHF,2006-07-24
K014380000,20,CHF,2011-09-29
K014410000,90,CHF,2006-07-24
K10100CUD0,90,EUR,2014-10-10
K10100CUG0,90,EUR,2014-10-10
K10100CUM0,90,EUR,2014-10-09
K10100CWG0,90,EUR,2014-11-13
K10100CWJ0,90,EUR,2014-11-13
K120840000,20,CHF,2006-07-24
K120910000,20,CHF,2006-07-24
K120960000,20,CHF,2006-07-24
K121020000,90,CHF,2006-07-24
K121030000,20,CHF,2006-07-24
K121200000,20,CHF,2006-07-24
K121530000,90,CHF,2006-07-24
K121650000,90,CHF,2006-07-24
K121760000,90,CHF,2006-07-24
K121970000,90,CHF,2006-07-24
K122110000,20,CHF,2012-03-13
K122470000,20,CHF,2006-07-24
K122560000,20,CHF,2014-02-27
K122640000,20,CHF,2012-09-18
K117160000,20,CHF,2008-02-29
K117280000,90,CHF,2006-07-24
K117500000,90,CHF,2006-07-24
K117530000,20,CHF,2006-07-24
K117560000,20,CHF,2006-07-24
K126750000,20,CHF,2011-06-09
K126830000,90,CHF,2006-07-24
K126910000,20,CHF,2006-07-24
K127030000,90,CHF,2006-07-24
K127170000,20,CHF,2006-07-24
K127360000,20,CHF,2006-07-24
K127420000,20,CHF,2006-07-24
K128070000,20,CHF,2006-07-24
K128220000,90,CHF,2006-07-24
K128320000,90,CHF,2009-10-26
K128330000,90,CHF,2010-08-24
K128440000,20,CHF,2015-09-24
K128450000,90,CHF,2006-07-24
K128990000,20,CHF,2007-09-28
K122710000,10,CHF,2006-07-24
K122780000,90,CHF,2006-07-24
K122950000,20,CHF,2006-07-24
K122970000,20,CHF,2007-07-25
K123170000,20,CHF,2006-07-24
K123370000,90,CHF,2007-07-27
K123380000,10,CHF,2007-09-21
K123400000,10,CHF,2008-08-12
K123490000,90,CHF,2006-07-24
K123840000,90,CHF,2007-04-16
K124110000,20,CHF,2006-07-24
K124310000,90,CHF,2007-07-03
K124330000,20,CHF,2014-01-20
K124520000,20,CHF,2006-07-24
K124620000,90,CHF,2006-07-24
K125110000,90,CHF,2006-07-24
K129080000,10,CHF,2013-08-08
K129130000,20,CHF,2008-02-21
K129160000,90,CHF,2012-04-19
K129170000,20,CHF,2006-07-24
K129210000,90,CHF,2006-07-24
K129270000,90,CHF,2006-07-24
K129410000,90,CHF,2006-07-24
K129700000,20,CHF,2006-07-24
K130000000,90,CHF,2006-07-24
K130060000,90,CHF,2009-11-20
K130230000,90,CHF,2006-07-24
K130320000,10,CHF,2006-07-24
K130490000,20,CHF,2007-06-04
K130510000,20,CHF,2006-07-24
K130570000,20,CHF,2012-02-03
K130790000,20,CHF,2006-07-24
K130910000,90,CHF,2006-07-24
K131340000,20,CHF,2014-09-19
K131600000,90,CHF,2006-07-24
K131680000,90,CHF,2006-07-24
K131730000,20,EUR,2015-04-20
K131760000,20,CHF,2010-06-15
K125470000,20,CHF,2006-07-24
K125520000,20,CHF,2010-06-24
K014440000,90,CHF,2006-07-24
K014480001,90,CHF,2008-02-06
K01448AAD0,90,CHF,2008-07-29
K01448AAJ0,90,CHF,2008-07-29
K01448AMT0,90,CHF,2008-10-24
K01448AMU0,90,CHF,2008-10-24
K01448ANE0,90,CHF,2008-10-24
K01448ANT0,90,CHF,2008-10-24
K01448APB0,90,CHF,2008-10-24
K01448AQH0,90,CHF,2008-10-24
K01448AQL0,90,CHF,2008-10-24
K01448AQM0,90,CHF,2008-10-24
K01448AQY0,90,CHF,2008-10-24
K01448ARB0,90,CHF,2008-10-24
K01448ARR0,90,CHF,2008-10-24
K01448ARW0,90,CHF,2008-10-24
K01448ARX0,90,CHF,2008-10-24
K01448AST0,90,CHF,2008-10-24
K01448ASX0,90,CHF,2008-10-24
K01448ATC0,90,CHF,2008-10-24
K01448ATF0,90,CHF,2008-10-24
K01448ATJ0,90,CHF,2008-10-24
K01448ATM0,90,CHF,2008-10-24
K01448ATZ0,90,CHF,2008-10-24
K01448AUA0,90,CHF,2008-10-24
K01448AUJ0,90,CHF,2008-10-24
K01448AUR0,90,CHF,2008-10-24
K01448AUU0,90,CHF,2008-10-24
K01448AVE0,90,CHF,2008-10-24
K01448AWF0,90,CHF,2008-10-24
K01448AWI0,90,CHF,2008-10-24
K01448AWM0,90,CHF,2008-10-24
K01448AWU0,90,CHF,2008-10-24
K01448AXI0,90,CHF,2008-10-24
K01448AXO0,90,CHF,2008-10-24
K01448AXP0,90,CHF,2008-10-24
K01448AXV0,90,CHF,2008-10-24
K01448AXY0,90,CHF,2008-10-24
K01448AYF0,90,CHF,2008-10-24
K01448AYQ0,90,CHF,2008-10-24
K125670000,90,CHF,2008-09-02
K125680000,20,CHF,2012-05-29
K125750000,10,CHF,2006-07-24
K125820000,90,CHF,2011-11-23
K125860004,90,CHF,2006-07-28
K125860007,20,CHF,2006-07-28
K125860009,90,CHF,2006-07-28
K125900000,20,CHF,2006-07-24
K126000000,90,CHF,2006-07-24
K126060000,20,CHF,2006-08-16
K126100000,20,CHF,2008-07-22
K126150000,20,CHF,2011-09-12
K126160000,20,CHF,2012-02-15
K126170000,20,CHF,2012-08-06
K126230000,10,EUR,2010-09-30
K126360000,20,CHF,2006-07-24
K136370000,90,CHF,2008-08-27
K136530000,90,CHF,2006-07-24
K136600000,20,CHF,2008-06-18
K136650000,20,CHF,2013-07-01
K136710000,20,CHF,2006-07-24
K136830000,20,CHF,2006-08-30
K136840000,10,CHF,2006-07-24
K136850000,90,CHF,2006-07-24
K13685ZZZZ,90,CHF,2007-06-15
K137000000,90,CHF,2009-08-19
K137040000,90,CHF,2008-04-24
K137110000,20,CHF,2009-12-04
K137240000,20,CHF,2006-07-24
K137300000,90,CHF,2006-07-24
K137400000,20,CHF,2011-10-12
K137410000,90,CHF,2006-07-24
K137420000,20,CHF,2006-07-24
K137480000,90,CHF,2010-03-30
K137580000,90,CHF,2007-01-19
K13762AAT0,90,CHF,2010-02-25
K13762ACF0,90,CHF,2010-02-25
K13762ACZ0,90,CHF,2010-08-05
K13762ADJ0,90,CHF,2010-09-27
K01448AZB0,90,CHF,2008-10-24
K01448AZD0,90,CHF,2008-10-24
K01448AZL0,90,CHF,2008-10-24
K01448AZN0,90,CHF,2008-10-24
K01448AZO0,90,CHF,2008-10-24
K01448AZP0,90,CHF,2008-10-24
K01448AZU0,90,CHF,2008-10-24
K01448BAH0,90,CHF,2008-10-24
K01448BAR0,90,CHF,2008-10-24
K01448BBI0,90,CHF,2008-10-24
K01448BCA0,90,CHF,2008-10-24
K01448BCE0,90,CHF,2008-10-24
K01448BCF0,90,CHF,2008-10-24
K01448BCO0,90,CHF,2008-10-24
K01448BCQ0,90,CHF,2008-10-24
K01448BCR0,90,CHF,2008-10-24
K01448BCT0,90,CHF,2008-10-24
K01448BDF0,90,CHF,2008-10-24
K01448BDX0,90,CHF,2008-10-24
K01448BDZ0,90,CHF,2008-10-24
K01448BEP0,90,CHF,2008-10-24
K01448BFO0,90,CHF,2008-10-24
K01448BGE0,90,CHF,2008-10-24
K01448BGK0,90,CHF,2008-10-24
K01448BHA0,90,CHF,2008-10-24
K01448BHB0,90,CHF,2008-10-24
K01448BHG0,90,CHF,2008-10-24
K01448BHY0,90,CHF,2008-10-24
K01448BIH0,90,CHF,2008-10-24
K01448BIN0,90,CHF,2008-10-24
K01448BIT0,90,CHF,2008-10-24
K01448BIU0,90,CHF,2008-10-24
K01448BIY0,90,CHF,2008-10-24
K01448BJD0,90,CHF,2008-10-24
K01448BJE0,90,CHF,2008-10-24
K01448BJF0,90,CHF,2008-10-24
K01448BKB0,90,CHF,2008-10-24
K01448BKE0,90,CHF,2008-10-24
K01448BKK0,90,CHF,2008-10-24
K01448BKV0,90,CHF,2008-10-24
K13762ADS0,90,CHF,2011-01-26
K13762AEF0,90,CHF,2011-01-26
K13762AEN0,90,CHF,2011-02-25
K13762AEQ0,90,CHF,2011-03-31
K13762AEW0,90,CHF,2011-05-20
K13762AFW0,90,CHF,2011-05-20
K13762AGL0,90,CHF,2011-05-20
K13762AGZ0,90,CHF,2011-05-20
K13762AHA0,90,CHF,2011-05-20
K13762AHF0,90,CHF,2011-06-23
K13762AHJ0,90,CHF,2011-08-03
K13762AIH0,90,CHF,2011-08-03
K13762AIK0,90,CHF,2011-08-03
K13762AIZ0,90,CHF,2011-08-03
K13762AJH0,90,CHF,2011-08-03
K13762AJM0,90,CHF,2011-08-03
K13762AJO0,90,CHF,2011-08-03
K137710000,90,CHF,2006-07-24
K137800000,90,CHF,2007-05-04
K137980000,20,CHF,2006-07-24
K138050000,20,CHF,2006-07-24
K138060000,90,CHF,2006-07-24
K138200000,20,CHF,2006-07-24
K138280000,90,CHF,2006-07-24
K138580000,90,CHF,2006-07-24
K138610000,10,CHF,2009-02-23
K138800000,90,CHF,2006-07-24
K138860000,20,CHF,2006-07-24
K138980000,20,CHF,2006-08-01
K139030000,90,CHF,2009-09-25
K139070000,20,CHF,2015-11-04
K139220000,90,CHF,2010-02-19
K139370000,90,CHF,2007-07-19
K139530000,90,CHF,2006-07-24
K139600000,10,CHF,2006-07-24
K139730000,90,CHF,2006-07-24
K131980000,90,CHF,2006-07-24
K132060000,90,CHF,2006-08-01
K132380000,20,CHF,2007-11-07
K01448BKW0,90,CHF,2008-10-24
K01448BKY0,90,CHF,2008-10-24
K01448BLD0,90,CHF,2008-10-24
K01448AAP0,90,CHF,2008-08-06
K01448ABA0,90,CHF,2008-10-09
K01448ABI0,90,CHF,2008-10-09
K01448ABK0,90,CHF,2008-10-09
K01448ABL0,90,CHF,2008-10-10
K01448ABU0,90,CHF,2008-10-24
K01448ADB0,90,CHF,2008-10-24
K01448ADE0,90,CHF,2008-10-24
K01448ADF0,90,CHF,2008-10-24
K01448ADI0,90,CHF,2008-10-24
K01448ADJ0,90,CHF,2008-10-24
K01448ADK0,90,CHF,2008-10-24
K01448ADQ0,90,CHF,2008-10-24
K01448ADS0,90,CHF,2008-10-24
K01448AED0,90,CHF,2008-10-24
K01448AEE0,90,CHF,2008-10-24
K01448AFP0,90,CHF,2008-10-24
K01448AFS0,90,CHF,2008-10-24
K01448AFW0,90,CHF,2008-10-24
K01448AFX0,90,CHF,2008-10-24
K01448AGC0,90,CHF,2008-10-24
K01448AHG0,90,CHF,2008-10-24
K01448AHJ0,90,CHF,2008-10-24
K01448AHQ0,90,CHF,2008-10-24
K01448AHS0,90,CHF,2008-10-24
K01448AHT0,90,CHF,2008-10-24
K01448CGF0,90,CHF,2010-02-09
K01448CGL0,90,CHF,2010-02-09
K01448CGR0,90,CHF,2010-02-09
K01448CHN0,90,CHF,2010-04-23
K01448CHR0,90,CHF,2010-04-23
K01448CIW0,90,CHF,2010-05-18
K01448CIX0,90,CHF,2010-05-18
K01448CJO0,90,CHF,2010-05-26
K01448CJR0,90,CHF,2010-05-26
K01448CJT0,90,CHF,2010-05-26
K01448CKB0,90,CHF,2010-05-26
K132390000,90,CHF,2013-06-18
K132680000,90,CHF,2006-07-24
K132730000,20,CHF,2006-07-24
K132750000,90,CHF,2006-07-24
K132890000,90,CHF,2006-07-24
K132900000,90,CHF,2006-07-24
K132910000,90,CHF,2011-05-05
K132920000,90,CHF,2006-07-24
K132950000,90,CHF,2008-01-04
K133070000,20,EUR,2006-11-03
K133220000,20,EUR,2010-09-22
K133240000,20,CHF,2012-07-05
K133310000,20,CHF,2006-07-24
K133500000,10,CHF,2007-09-25
K133510000,90,CHF,2011-03-09
K133570000,90,CHF,2006-07-24
K133590000,90,CHF,2008-09-02
K133600000,20,CHF,2006-07-24
K133620000,90,CHF,2010-07-01
K133710000,20,CHF,2012-01-27
K133720000,90,CHF,2012-09-03
K133870000,20,CHF,2006-07-24
K133920000,20,CHF,2011-11-17
K133940000,10,CHF,2006-07-24
K133980000,20,CHF,2006-07-24
K134040000,20,CHF,2006-07-24
K134200000,20,CHF,2007-12-17
K134260000,90,CHF,2006-07-24
K134400000,20,CHF,2006-07-24
K134450000,20,CHF,2006-07-24
K134470000,90,CHF,2012-09-17
K134500000,90,CHF,2007-07-27
K134570000,20,CHF,2006-07-24
K134760000,20,CHF,2014-03-04
K134860000,20,CHF,2006-07-24
K134880000,10,CHF,2009-07-24
K134940000,20,CHF,2006-07-24
K135030000,10,CHF,2006-07-24
K135090000,90,CHF,2015-01-08
K01448CKN0,90,CHF,2010-05-26
K01448CKS0,90,CHF,2010-05-31
K01448CKU0,90,CHF,2010-06-04
K01448CLH0,90,CHF,2010-07-02
K01448CLQ0,90,CHF,2010-07-02
K01448CLR0,90,CHF,2010-07-02
K01448CLU0,90,CHF,2010-07-08
K01448CLZ0,90,CHF,2010-08-18
K01448CMB0,90,CHF,2010-08-19
K01448CMO0,90,CHF,2010-08-19
K01448CMQ0,90,CHF,2010-08-19
K01448CMR0,90,CHF,2010-08-19
K01448CMT0,90,CHF,2010-08-19
K01448CMV0,90,CHF,2010-08-20
K01448CNA0,90,CHF,2010-09-06
K01448CNB0,90,CHF,2010-09-06
K01448CNS0,90,CHF,2010-10-04
K01448CNT0,90,CHF,2010-10-04
K01448CNX0,90,CHF,2010-10-04
K01448CNY0,90,CHF,2010-10-11
K01448COD0,90,CHF,2010-10-19
K01448COE0,90,CHF,2010-10-19
K01448COI0,90,CHF,2010-10-26
K01448COX0,90,CHF,2010-11-08
K01448CPC0,90,CHF,2010-11-08
K01448CPL0,90,CHF,2010-11-22
K01448CPN0,90,CHF,2010-11-22
K01448CQD0,90,CHF,2010-12-14
K01448CQE0,90,CHF,2010-12-14
K01448CRF0,90,CHF,2011-05-18
K01448CSD0,90,CHF,2011-05-18
K01448CSR0,90,CHF,2011-05-18
K01448CSS0,90,CHF,2011-05-18
K01448CSX0,90,CHF,2011-05-18
K01448CTB0,90,CHF,2011-05-18
K01448CUI0,90,CHF,2011-05-30
K01448CUL0,90,CHF,2011-05-30
K01448CVA0,90,CHF,2011-06-20
K01448CVU0,90,CHF,2011-06-21
K01448CWB0,90,CHF,2011-06-21
K135110000,90,CHF,2015-12-18
K135130000,90,CHF,2006-07-24
K135330000,90,CHF,2006-07-24
K135360000,90,CHF,2006-07-24
K135410000,90,CHF,2006-07-24
K135640000,90,CHF,2006-07-24
K135790000,90,CHF,2006-07-24
K135950000,90,CHF,2006-07-24
K136160000,20,CHF,2006-07-24
K136180000,90,CHF,2009-01-16
K136260000,90,CHF,2006-07-24
K143880000,20,CHF,2015-07-27
K143920000,90,CHF,2006-07-24
K143990000,20,CHF,2006-07-24
K144020000,20,CHF,2006-07-24
K144280000,20,CHF,2009-11-27
K144390000,20,CHF,2006-07-24
K144690000,20,CHF,2006-09-08
K144710000,90,CHF,2008-10-16
K144850000,20,CHF,2010-04-28
K144910000,20,CHF,2006-07-24
K144930000,20,CHF,2006-07-24
K139740000,20,CHF,2007-04-20
K139820000,90,CHF,2009-09-15
K139840000,20,CHF,2006-07-24
K139850000,90,CHF,2006-07-24
K139930000,20,CHF,2006-07-24
K139950000,20,CHF,2006-07-24
K139960000,90,CHF,2007-11-21
K140060000,20,CHF,2006-07-24
K140080000,20,CHF,2006-07-24
K140230000,20,CHF,2006-07-24
K140250000,90,CHF,2006-07-24
K140310000,20,CHF,2011-05-25
K140370000,10,CHF,2006-07-24
K140400000,20,CHF,2006-07-24
K140630000,90,CHF,2009-01-08
K140750000,90,CHF,2006-07-24
K140760000,20,CHF,2014-10-24
K01448CWD0,90,CHF,2011-06-21
K01448CWE0,90,CHF,2011-06-21
K01448CWI0,90,CHF,2011-06-21
K01448CWS0,90,CHF,2011-06-21
K01448CWY0,90,CHF,2011-06-21
K01448CXA0,90,CHF,2011-06-21
K01448CXS0,90,CHF,2011-06-21
K01448CYC0,90,CHF,2011-07-01
K01448CYH0,90,CHF,2011-07-01
K01448CYR0,90,CHF,2011-07-01
K01448CZD0,90,CHF,2011-08-08
K01448CZE0,90,CHF,2011-08-08
K01448CZZ0,90,CHF,2011-09-12
K01448DAA0,90,CHF,2011-09-12
K01448DAI0,90,CHF,2011-09-12
K01448DAQ0,90,CHF,2011-09-12
K01448DAR0,90,CHF,2012-03-19
K01448DBG0,90,CHF,2011-11-21
K01448BLL0,90,CHF,2008-10-24
K01448BLM0,90,CHF,2008-10-24
K01448BLO0,90,CHF,2008-10-24
K01448BLQ0,90,CHF,2008-10-24
K01448BNJ0,90,CHF,2008-10-24
K01448BOA0,90,CHF,2008-10-24
K01448BOR0,90,CHF,2008-10-24
K01448BOW0,90,CHF,2008-10-24
K01448BQI0,90,CHF,2008-10-24
K01448BQJ0,90,CHF,2008-10-24
K01448BQN0,90,CHF,2008-10-24
K01448BQQ0,90,CHF,2008-10-24
K01448BRB0,90,CHF,2008-10-24
K01448BRD0,90,CHF,2008-10-24
K01448BRK0,90,CHF,2008-10-24
K01448BSA0,90,CHF,2008-10-24
K01448BSO0,90,CHF,2008-10-24
K01448BSQ0,90,CHF,2008-10-24
K01448BSR0,90,CHF,2008-10-24
K01448BTL0,90,CHF,2008-10-24
K01448BTM0,90,CHF,2008-10-24
K141390000,90,CHF,2006-07-24
K142220000,20,CHF,2011-02-03
K142940000,90,CHF,2006-07-24
K143010000,20,CHF,2012-08-07
K143050000,90,CHF,2006-07-24
K143090000,90,CHF,2006-07-24
K143110000,20,CHF,2006-07-24
K143190000,20,CHF,2006-07-24
K143200000,90,CHF,2006-07-24
K143300000,10,CHF,2006-07-24
K143330000,90,CHF,2007-08-22
K143360000,90,CHF,2010-07-09
K143540000,90,CHF,2006-07-24
K143630000,90,CHF,2006-07-24
K143730000,20,CHF,2006-07-24
K143770000,90,CHF,2006-07-24
K150170000,90,CHF,2006-07-24
K150300000,20,CHF,2006-07-24
K150330000,90,CHF,2006-07-24
K150330009,90,CHF,2006-07-28
K150330014,90,CHF,2006-07-28
K150330026,90,CHF,2006-07-28
K150330033,90,CHF,2006-07-28
K150330039,90,CHF,2006-07-28
K150330040,90,CHF,2006-07-28
K150330044,90,CHF,2006-07-28
K150330056,90,CHF,2006-07-28
K150330059,90,CHF,2006-07-28
K150330066,90,CHF,2006-07-28
K150330074,90,CHF,2006-07-28
K150330079,90,CHF,2006-07-28
K150330085,90,CHF,2006-07-28
K150330097,90,CHF,2006-07-28
K150330100,90,CHF,2006-07-28
K150330106,90,CHF,2006-07-28
K150330115,90,CHF,2006-07-28
K150330116,90,CHF,2006-07-28
K150330129,90,CHF,2006-07-28
K150330130,90,CHF,2006-07-28
K01448BTN0,90,CHF,2008-10-24
K01448BUG0,90,CHF,2008-10-24
K01448BUH0,90,CHF,2008-10-24
K01448BUT0,90,CHF,2008-10-31
K01448BUZ0,90,CHF,2008-10-31
K01448BVK0,90,CHF,2008-10-31
K01448BVL0,90,CHF,2008-11-14
K01448BVM0,90,CHF,2008-12-01
K01448BWC0,90,CHF,2008-12-18
K01448BWE0,90,CHF,2009-01-05
K01448BWJ0,90,CHF,2009-01-19
K01448BWN0,90,CHF,2009-01-19
K01448BWT0,90,CHF,2009-01-19
K01448BYB0,90,CHF,2009-03-17
K01448BYK0,90,CHF,2009-03-17
K01448BYL0,90,CHF,2009-03-18
K01448BYN0,90,CHF,2009-03-20
K01448BYW0,90,CHF,2009-04-27
K01448BZT0,90,CHF,2009-05-05
K01448BZX0,90,CHF,2009-05-05
K01448CAI0,90,CHF,2009-05-25
K01448CAK0,90,CHF,2009-05-25
K01448CAV0,90,CHF,2009-05-25
K01448CBH0,90,CHF,2009-06-25
K01448CBO0,90,CHF,2009-08-13
K01448CBQ0,90,CHF,2009-08-13
K01448CCT0,90,CHF,2009-08-13
K01448CCV0,90,CHF,2009-08-19
K01448CDA0,90,CHF,2009-09-15
K01448CDB0,90,CHF,2009-09-15
K01448CDF0,90,CHF,2009-09-15
K01448CDU0,90,CHF,2009-10-12
K01448CDY0,90,CHF,2009-10-12
K01448CEH0,90,CHF,2009-11-12
K01448CEO0,90,CHF,2009-11-12
K01448CEW0,90,CHF,2009-12-10
K01448EDP0,90,CHF,2013-08-12
K01448EEG0,90,CHF,2013-09-18
K01448EEH0,90,CHF,2013-09-18
K01448EFF0,90,CHF,2013-09-18
K01448EFI0,90,CHF,2013-09-18
K01448EFJ0,90,CHF,2013-09-18
K01448EFK0,90,CHF,2013-09-18
K01448EFM0,90,CHF,2013-09-18
K01448EFZ0,90,CHF,2013-09-25
K01448EGE0,90,CHF,2013-09-25
K01448EGF0,90,CHF,2013-09-25
K01448EGG0,90,CHF,2013-10-08
K01448EGU0,90,CHF,2013-10-25
K01448EGV0,90,CHF,2013-10-25
K01448EGW0,90,CHF,2013-10-25
K01448EHA0,90,CHF,2013-10-25
K01448DBJ0,90,CHF,2011-11-23
K01448DBQ0,90,CHF,2011-11-23
K01448DBR0,90,CHF,2011-11-23
K01448DBY0,90,CHF,2011-11-23
K01448DCR0,90,CHF,2011-11-23
K01448DDR0,90,CHF,2012-01-30
K01448DDS0,90,CHF,2012-01-30
K01448DEG0,90,CHF,2012-01-30
K01448DEO0,90,CHF,2012-01-30
K01448DFK0,90,CHF,2012-01-30
K01448DFL0,90,CHF,2012-01-30
K01448DFO0,90,CHF,2012-01-30
K01448DFR0,90,CHF,2012-01-30
K01448DGO0,90,CHF,2012-05-03
K01448DGU0,90,CHF,2012-05-03
K01448DGW0,90,CHF,2012-05-03
K01448DHA0,90,CHF,2012-05-03
K01448DHM0,90,CHF,2012-05-03
K01448DHN0,90,CHF,2012-05-03
K01448DHO0,90,CHF,2012-05-03
K01448DIJ0,90,CHF,2012-07-20
K01448DIV0,90,CHF,2012-07-20
K01448DJU0,90,CHF,2012-07-20
K01448DKK0,90,CHF,2012-07-23
K01448DKL0,90,CHF,2012-07-23
K01448DLH0,90,CHF,2012-09-17
K01448DMJ0,90,CHF,2012-09-17
K01448DMQ0,90,CHF,2012-09-17
K150330132,90,CHF,2006-07-28
K150330137,90,CHF,2006-10-04
K150330168,90,CHF,2008-06-03
K150330195,90,CHF,2008-06-03
K150330202,90,CHF,2008-06-03
K150330218,90,CHF,2008-06-03
K150330232,90,CHF,2008-07-11
K150330266,90,CHF,2008-07-15
K150330276,90,CHF,2009-04-22
K150330304,90,CHF,2009-04-22
K150330318,90,CHF,2009-04-22
K150330323,90,CHF,2009-04-22
K150330326,90,CHF,2009-04-22
K150330336,90,CHF,2009-04-22
K150330344,90,CHF,2009-04-22
K150330346,90,CHF,2009-04-22
K150330354,90,CHF,2009-04-22
K150330359,90,CHF,2009-04-22
K150330376,90,CHF,2009-04-22
K150330384,90,CHF,2009-04-22
K150330398,90,CHF,2009-04-22
K150330405,90,CHF,2009-04-22
K145160000,90,CHF,2006-07-24
K145200000,90,CHF,2006-07-24
K145240000,90,CHF,2006-07-24
K145280000,90,CHF,2006-07-24
K145330000,20,CHF,2006-07-24
K145360000,20,CHF,2007-02-13
K145410000,20,EUR,2006-07-24
K145420004,90,CHF,2008-08-04
K14542AAH0,90,CHF,2011-07-25
K14542AAM0,90,CHF,2011-07-25
K14542ABD0,90,CHF,2011-07-25
K14542ABE0,90,CHF,2011-07-25
K14542ABL0,90,CHF,2011-07-25
K14542ABY0,90,CHF,2011-07-25
K14542ACD0,90,CHF,2011-07-25
K14542ACH0,90,CHF,2011-07-25
K14542ACI0,90,CHF,2011-07-25
K01448DNR0,90,CHF,2012-10-10
K01448DOH0,90,CHF,2012-10-10
K01448DOQ0,90,CHF,2012-11-13
K01448DPA0,90,CHF,2012-11-13
K01448DPE0,90,CHF,2012-11-13
K01448DQC0,90,CHF,2012-11-13
K01448DQI0,90,CHF,2012-11-13
K01448DQR0,90,CHF,2012-11-13
K01448DQV0,90,CHF,2012-11-13
K01448DRF0,90,CHF,2012-12-06
K01448DRH0,90,CHF,2012-12-06
K01448DRK0,90,CHF,2012-12-06
K01448DRS0,90,CHF,2012-12-06
K01448DRW0,90,CHF,2012-12-06
K01448DSL0,90,CHF,2012-12-17
K01448DSM0,90,CHF,2012-12-17
K01448DTO0,90,CHF,2013-01-04
K01448DTV0,90,CHF,2013-01-04
K01448DTZ0,90,CHF,2013-01-04
K01448DUE0,90,CHF,2013-01-17
K01448DUG0,90,CHF,2013-01-17
K01448DUK0,90,CHF,2013-01-17
K01448DUM0,90,CHF,2013-01-17
K01448DUN0,90,CHF,2013-01-17
K01448DUR0,90,CHF,2013-01-17
K01448DVA0,90,CHF,2013-01-17
K01448DVC0,90,CHF,2013-01-18
K01448DVV0,90,CHF,2013-02-25
K01448DWW0,90,CHF,2013-02-25
K01448DXM0,90,CHF,2013-03-25
K01448DXP0,90,CHF,2013-03-25
K01448DYL0,90,CHF,2013-04-18
K01448DZV0,90,CHF,2013-05-22
K01448DZW0,90,CHF,2013-05-22
K01448DZY0,90,CHF,2013-05-22
K01448EAA0,90,CHF,2013-05-22
K01448EAC0,90,CHF,2013-05-22
K01448EAD0,90,CHF,2013-05-22
K01448EAE0,90,CHF,2013-05-22
K14542ACK0,20,CHF,2011-07-25
K14542ACU0,90,CHF,2011-07-25
K14542ACZ0,90,CHF,2011-07-25
K14542ADL0,20,CHF,2011-07-25
K14542ADV0,20,CHF,2012-05-23
K14542AEF0,20,CHF,2015-05-29
K14542YYYY,20,CHF,2010-04-08
K145430000,90,CHF,2006-07-24
K150330428,90,CHF,2009-10-05
K150330434,90,CHF,2009-10-05
K150330448,90,CHF,2009-10-05
K150330452,90,CHF,2009-10-05
K150330460,90,CHF,2009-10-05
K150330464,90,CHF,2009-10-05
K150330476,90,CHF,2009-10-05
K150330484,90,CHF,2009-10-05
K150330492,90,CHF,2009-10-05
K150330499,90,CHF,2009-10-05
K150330504,90,CHF,2009-10-05
K150330521,90,CHF,2009-10-27
K150330523,90,CHF,2009-10-27
K150330531,90,CHF,2009-10-27
K150330533,90,CHF,2009-10-27
K150330543,90,CHF,2009-10-27
K150330546,90,CHF,2009-10-27
K150330555,90,CHF,2010-01-14
K150330556,90,CHF,2010-01-14
K150330567,90,CHF,2010-05-25
K150330575,90,CHF,2010-07-21
K150330580,90,CHF,2010-09-02
K150330588,90,CHF,2010-09-06
K150330591,90,CHF,2010-09-06
K145570000,10,CHF,2006-07-24
K145630000,20,CHF,2006-07-24
K145650000,90,CHF,2006-07-24
K145830000,90,CHF,2006-07-24
K145840000,10,CHF,2006-07-24
K145860000,90,CHF,2006-07-24
K145900000,20,CHF,2007-11-22
K01448EAH0,90,CHF,2013-05-22
K01448EHS0,90,CHF,2013-10-31
K01448EIF0,90,CHF,2013-10-31
K01448EIJ0,90,CHF,2013-11-26
K01448EIK0,90,CHF,2013-11-27
K01448EIU0,90,CHF,2013-11-27
K01448EJA0,90,CHF,2013-11-27
K01448EJB0,90,CHF,2013-11-27
K01448EJR0,90,CHF,2013-12-17
K01448EJU0,90,CHF,2013-12-20
K01448EKC0,90,CHF,2013-12-20
K01448EKD0,90,CHF,2013-12-20
K01448EKJ0,90,CHF,2013-12-20
K01448ELC0,90,CHF,2014-01-15
K01448ELS0,90,CHF,2014-01-29
K01448ELV0,90,CHF,2014-02-03
K01448EMA0,90,CHF,2014-02-04
K01448EMC0,90,CHF,2014-02-19
K01448EMG0,90,CHF,2014-02-21
K01448EMT0,90,CHF,2014-02-21
K01448ENM0,90,CHF,2014-03-25
K01448ENT0,90,CHF,2014-03-25
K01448ENV0,90,CHF,2014-03-25
K01448ENZ0,90,CHF,2014-03-25
K01448EOI0,90,CHF,2014-03-25
K01448EPK0,90,CHF,2014-04-15
K01448EPL0,90,CHF,2014-04-15
K01448EQA0,90,CHF,2014-05-20
K01448EQD0,90,CHF,2014-05-22
K01448EQT0,90,CHF,2014-06-16
K01448ERX0,90,CHF,2014-06-30
K01448ESA0,90,CHF,2014-07-14
K01448ESB0,90,CHF,2014-07-21
K01448ESI0,90,CHF,2014-07-24
K01448ESJ0,90,CHF,2014-07-24
K01448ESN0,90,CHF,2014-07-28
K01448ESP0,90,CHF,2014-07-28
K01448ESZ0,90,CHF,2014-08-18
K01448ETG0,90,CHF,2014-09-09
K01448ETH0,90,CHF,2014-09-09
K145940000,90,CHF,2008-05-26
K146080000,20,CHF,2006-07-24
K146300000,90,CHF,2006-07-24
K146320000,10,CHF,2006-07-24
K146340000,20,CHF,2007-07-02
K146380000,90,CHF,2008-05-08
K146400000,20,CHF,2006-07-24
K146430000,90,CHF,2006-07-24
K146560000,10,CHF,2014-10-30
K146740000,20,CHF,2006-07-24
K146920000,90,CHF,2006-07-24
K147000000,90,CHF,2009-11-19
K147010000,20,CHF,2010-09-09
K147040000,90,CHF,2011-01-04
K147070000,90,CHF,2006-07-24
K147100000,20,CHF,2010-11-15
K147290001,90,CHF,2006-07-28
K147310000,90,CHF,2006-07-28
K147390000,90,CHF,2006-07-24
K147510000,20,CHF,2006-07-24
K147710000,20,CHF,2006-07-24
K147760000,20,CHF,2006-07-24
K147800000,90,CHF,2006-07-24
K147990000,20,CHF,2008-06-30
K148020000,90,CHF,2006-07-24
K148040000,90,CHF,2006-07-24
K148060000,10,CHF,2006-07-24
K148100000,90,CHF,2006-07-24
K148220000,90,CHF,2006-07-24
K148230000,20,CHF,2006-10-17
K148280000,90,CHF,2006-07-24
K148300000,90,CHF,2006-07-24
K150330599,90,CHF,2010-09-06
K150330608,90,CHF,2010-09-06
K150330610,90,CHF,2010-09-06
K150330615,90,CHF,2010-09-06
K150330626,90,CHF,2010-09-06
K150330630,90,CHF,2010-09-06
K10100DRI0,90,EUR,2017-04-03
K10100DRS0,90,EUR,2017-04-03
K10100DRY0,90,EUR,2017-04-03
K10100DSD0,90,EUR,2017-04-03
K10100DSF0,90,EUR,2017-04-03
K10100DSH0,90,EUR,2017-04-03
K10100DSI0,90,EUR,2017-04-03
K10100DSM0,90,EUR,2017-04-03
K10100DSO0,90,EUR,2017-04-03
K01286DTI0,20,CHF,2017-04-04
K10100DTM0,90,EUR,2017-04-04
K07393BCE0,90,EUR,2017-04-05
K07393BCF0,90,EUR,2017-04-05
K07393BCG0,90,EUR,2017-04-05
K02152AHW0,20,CHF,2017-04-05
K04370AKL0,20,CHF,2017-04-05
K01286DUH0,20,CHF,2017-04-24
K035630000,20,CHF,2017-04-25
K003930000,20,CHF,2017-04-25
K027370000,10,CHF,2017-04-26
K000140000,20,CHF,2017-05-03
K10100DVH0,90,EUR,2017-05-04
K10100DVM0,90,EUR,2017-05-04
K10100DVQ0,90,EUR,2017-05-04
K10100DVW0,90,EUR,2017-05-04
K10100DUO0,90,EUR,2017-05-05
K10100DUP0,90,EUR,2017-05-05
K10100DUS0,90,EUR,2017-05-05
K10100DUU0,90,EUR,2017-05-05
K10100DVT0,90,EUR,2017-05-05
K003850000,20,CHF,2017-05-05
K07393BCR0,90,EUR,2017-05-08
K07393BCW0,90,EUR,2017-05-08
K01286DUT0,20,CHF,2017-05-08
K107460000,20,CHF,2017-05-12
K140800000,90,CHF,2017-05-30
K02151ASD0,90,CHF,2017-05-30
K02151ASF0,90,CHF,2017-05-30
K11285AIB0,20,CHF,2017-05-31
K01111KX22,20,CHF,2014-01-08
K01448ETO0,90,CHF,2014-09-16
K01448ETP0,90,CHF,2014-09-16
K01448ETR0,90,CHF,2014-09-16
K01448ETT0,90,CHF,2014-09-16
K01448ETV0,90,CHF,2014-09-16
K01448EUA0,90,CHF,2014-09-16
K01448EUY0,90,CHF,2014-09-29
K01448EVS0,90,CHF,2014-10-20
K01448EWQ0,90,CHF,2014-10-28
K006230000,10,CHF,2009-06-12
K006290000,10,CHF,2009-06-12
K006340000,20,CHF,2009-06-12
K006360000,10,CHF,2009-06-12
K006450000,10,CHF,2009-06-12
K006560000,90,CHF,2009-06-12
K006670000,20,CHF,2009-06-12
K006830000,90,CHF,2009-06-12
K006970000,90,CHF,2009-06-12
K007050000,20,CHF,2009-06-12
K007070000,90,CHF,2009-06-12
K007080000,20,CHF,2009-06-12
K007250000,90,CHF,2009-06-12
K007270000,20,CHF,2009-06-12
K007290000,20,CHF,2009-06-12
K007440000,90,CHF,2009-06-12
K007460000,90,CHF,2009-06-12
K007490000,20,CHF,2009-06-12
K007510000,20,CHF,2009-06-12
K007580000,20,CHF,2009-06-12
K007640000,90,CHF,2009-06-12
K007690000,90,CHF,2009-06-12
K007700000,90,CHF,2009-06-12
K007750000,20,CHF,2009-06-12
K007820000,90,CHF,2009-06-12
K007900000,20,CHF,2009-06-12
K000560000,90,CHF,2013-09-24
K001050000,10,CHF,2008-06-16
K004840000,20,CHF,2013-10-18
K006150000,90,CHF,2009-06-12
K01286DVQ0,20,CHF,2017-06-07
K07393BDB0,90,EUR,2017-06-07
K01286DTR0,20,CHF,2017-04-18
K150331180,90,CHF,2017-04-19
K01286DTY0,20,CHF,2017-04-20
K003940000,90,CHF,2017-04-20
K01286DUY0,20,CHF,2017-05-15
K094940000,90,CHF,2017-05-16
K003820000,90,CHF,2017-05-16
K040710000,90,EUR,2017-05-22
K000190000,20,CHF,2017-05-24
K064140000,90,CHF,2017-06-09
K01286DVW0,20,CHF,2017-06-13
K01286DVY0,20,CHF,2017-06-13
K030920000,20,CHF,2017-06-19
K01286DWG0,20,CHF,2017-06-19
K01286DWI0,20,CHF,2017-06-19
K01286DWO0,20,CHF,2017-06-19
K109240000,10,CHF,2017-06-21
K01286DWV0,20,CHF,2017-06-26
K01286CNR0,20,CHF,2014-12-01
K10100DMP0,90,EUR,2015-09-10
K07393BDI0,90,EUR,2017-07-06
K01286DYR0,20,CHF,2017-07-20
K10100DWQ0,90,EUR,2017-07-24
K10100DWR0,90,EUR,2017-07-24
K10100DWZ0,90,EUR,2017-07-24
K10100DXB0,90,EUR,2017-07-24
K10100DXF0,90,EUR,2017-07-24
K10100DXR0,90,EUR,2017-07-24
K10100DYD0,90,EUR,2017-07-24
K10100DYS0,90,EUR,2017-07-24
K000410000,20,CHF,2017-07-24
K003700000,20,CHF,2017-07-24
K10100CRL0,90,EUR,2014-08-05
K10100DLW0,90,EUR,2015-09-10
K10100DMQ0,90,EUR,2015-09-10
K01286CWW0,20,CHF,2015-08-17
K01286CZC0,20,CHF,2015-10-28
K006200000,90,CHF,2009-06-12
K006210000,10,CHF,2009-06-12
K012490000,90,CHF,2006-07-24
K012730000,90,CHF,2006-07-24
K012760000,10,EUR,2006-07-24
K012790000,20,CHF,2007-07-09
K012810000,20,CHF,2006-07-24
K012830000,90,CHF,2009-06-10
K01286AAC0,20,CHF,2008-12-15
K01286AAD0,20,CHF,2009-04-17
K01286AAE0,20,CHF,2009-05-06
K01286AAL0,20,CHF,2010-02-25
K01286AAM0,20,CHF,2010-03-03
K01286AAO0,20,CHF,2010-03-31
K01286AAP0,20,CHF,2010-04-09
K01286AAW0,90,CHF,2010-04-26
K01286AAX0,90,CHF,2010-04-26
K01286AAY0,90,CHF,2010-04-26
K01286ABL0,90,CHF,2010-04-26
K01286ABO0,20,CHF,2010-04-26
K01286ABP0,90,CHF,2010-04-26
K01286ABQ0,20,CHF,2010-04-26
K01286ABU0,90,CHF,2010-04-26
K01286ACB0,90,CHF,2010-04-26
K01286ACG0,20,CHF,2010-04-26
K01286ACQ0,20,CHF,2010-04-26
K01286ADL0,90,CHF,2010-09-08
K01286ADX0,20,CHF,2011-05-31
K01286ADZ0,20,CHF,2011-06-20
K01286AEG0,20,CHF,2012-02-15
K01286AEH0,20,CHF,2012-04-24
K01286AEK0,20,CHF,2012-07-30
K01286AEN0,20,CHF,2012-07-30
K01286AES0,20,CHF,2012-07-30
K01286AFB0,20,CHF,2012-07-30
K01286AFN0,20,CHF,2012-08-07
K01286AFS0,20,CHF,2012-08-07
K01286AFT0,20,CHF,2012-08-07
K01286AFY0,90,CHF,2012-08-07
K01286DXO0,20,CHF,2017-07-06
K01286DXY0,20,CHF,2017-07-06
K161350000,10,CHF,2017-07-10
K01286DYD0,20,CHF,2017-07-10
K01286DYF0,20,CHF,2017-07-10
K01286DYH0,20,CHF,2017-07-10
K01286DYL0,20,CHF,2017-07-10
K000370000,90,CHF,2017-07-18
K10100DZR0,90,EUR,2017-08-04
K10100DZU0,90,EUR,2017-08-04
K10100EAG0,90,EUR,2017-08-04
K07393BDR0,90,EUR,2017-08-07
K07393BDU0,90,EUR,2017-08-07
K07393BDY0,90,EUR,2017-08-07
K01286EBR0,20,CHF,2017-08-07
K01286EBT0,90,CHF,2017-08-07
K01286EAI0,20,CHF,2017-07-25
K01286EAO0,20,CHF,2017-07-25
K01286EAT0,20,CHF,2017-07-25
K11285AIM0,20,CHF,2017-07-28
K01286EBB0,20,CHF,2017-07-31
K01286EBD0,20,CHF,2017-07-31
K01286EBI0,20,CHF,2017-07-31
K01286EBN0,20,CHF,2017-07-31
K01286EBP0,90,CHF,2017-07-31
K11285AIN0,20,CHF,2017-08-02
K04370AKQ0,20,CHF,2017-08-04
K01286ECY0,20,CHF,2017-08-29
K01286ECZ0,20,CHF,2017-08-29
K01286EDF0,20,CHF,2017-08-29
K01286EDH0,20,CHF,2017-08-29
K02151ASO0,90,CHF,2017-08-30
K07393AOR0,90,EUR,2015-09-14
K01286EDY0,20,CHF,2017-09-04
K01286ECH0,20,CHF,2017-08-14
K02152AJC0,20,CHF,2017-09-07
K000780000,10,CHF,2017-09-07
K10100EAY0,90,EUR,2017-09-07
K10100EBB0,90,EUR,2017-09-07
K01286AFZ0,90,CHF,2012-08-07
K01286AHG0,20,CHF,2012-08-07
K01286AHN0,20,CHF,2012-08-07
K01286AHR0,20,CHF,2012-08-07
K01286AHT0,20,CHF,2012-08-07
K01286AHV0,20,CHF,2012-08-07
K01286AHW0,20,CHF,2012-08-07
K007950000,20,CHF,2009-06-12
K008180000,20,CHF,2009-06-12
K008270000,20,CHF,2009-06-12
K008380000,20,CHF,2009-06-12
K008430000,20,CHF,2009-06-12
K008450000,20,CHF,2009-06-12
K008540000,20,CHF,2009-06-12
K008570000,20,CHF,2009-06-12
K008600000,20,CHF,2009-06-12
K008850000,20,CHF,2009-06-12
K009060000,20,CHF,2009-06-12
K009110000,20,CHF,2009-06-12
K009400000,20,CHF,2009-06-12
K009420000,20,CHF,2009-06-12
K009450000,10,CHF,2009-06-12
K01286AIB0,20,CHF,2012-08-07
K01286AJC0,90,CHF,2012-08-27
K01286AJG0,20,CHF,2012-08-27
K01286AJS0,20,CHF,2012-08-27
K01286AKP0,20,CHF,2012-08-27
K01286AKW0,90,CHF,2012-08-27
K01286AKX0,20,CHF,2012-08-27
K01286ALM0,20,CHF,2012-08-27
K01286ALP0,90,CHF,2012-08-27
K01286ALT0,20,CHF,2012-08-27
K01286ALY0,20,CHF,2012-08-27
K01286AMG0,20,CHF,2012-08-27
K01286AML0,20,CHF,2012-08-27
K01286AMP0,20,CHF,2012-08-27
K01286AND0,20,CHF,2012-08-27
K01286ANH0,90,CHF,2012-08-27
K01286ANI0,20,CHF,2012-08-27
K009510000,10,CHF,2009-06-12
K009620000,20,CHF,2009-06-12
K009720000,10,CHF,2010-03-11
K009840000,20,CHF,2010-09-15
K009900000,20,CHF,2011-05-02
K009910000,10,CHF,2011-05-13
K010000000,20,CHF,2011-10-06
K010060000,20,CHF,2011-12-16
K010070000,20,CHF,2012-01-05
K010090000,10,CHF,2006-07-24
K010210000,20,CHF,2011-08-12
K010310000,90,CHF,2012-03-29
K010440000,20,CHF,2012-01-24
K010450000,20,CHF,2006-07-24
K010520000,10,CHF,2012-02-09
K010610000,10,CHF,2012-05-07
K010640000,90,CHF,2012-05-29
K010720002,90,CHF,2007-01-18
K010740000,90,CHF,2006-07-24
K010810000,90,CHF,2006-07-24
K010830000,90,CHF,2006-07-24
K010890000,20,CHF,2010-03-04
K010940000,20,CHF,2010-12-02
K01286AOH0,90,CHF,2012-08-27
K01286AOI0,20,CHF,2012-08-27
K01286AOO0,90,CHF,2012-08-27
K01286APF0,20,CHF,2012-08-27
K01286APG0,20,CHF,2012-08-27
K01286APK0,20,CHF,2012-08-27
K01286APS0,20,CHF,2012-08-27
K01286APW0,20,CHF,2012-08-27
K01286APZ0,20,CHF,2012-08-27
K01286AQA0,90,CHF,2012-09-03
K01286AQB0,20,CHF,2012-09-03
K01286AQJ0,20,CHF,2012-10-08
K01286AQR0,20,CHF,2012-10-08
K01286ARS0,20,CHF,2012-10-08
K01286ARW0,20,CHF,2012-10-08
K01286ASC0,20,CHF,2012-10-08
K01286ATF0,90,CHF,2012-10-08
K01286ATN0,20,CHF,2012-10-08
K01286AUC0,20,CHF,2012-10-08
K01286AUD0,20,CHF,2012-10-08
K011070000,20,CHF,2008-06-04
K011110002,90,CHF,2006-07-27
K01111KH01,20,CHF,2015-05-21
K01111KN03,20,CHF,2013-01-07
K011210000,90,CHF,2012-08-17
K011240000,10,CHF,2006-07-24
K011260000,20,CHF,2012-05-09
K011350000,90,CHF,2012-10-16
K011390000,20,CHF,2013-03-15
K011430000,20,CHF,2012-09-21
K011470000,10,CHF,2012-08-31
K011490001,20,CHF,2015-11-26
K011500000,20,CHF,2013-07-26
K011580000,90,CHF,2006-07-24
K011650000,90,CHF,2006-07-24
K011740000,90,CHF,2013-09-06
K011750000,10,CHF,2013-09-19
K011850000,90,CHF,2008-04-02
K011880000,90,CHF,2008-11-12
K011890000,90,CHF,2008-11-20
K01286AUF0,20,CHF,2012-10-08
K01286AUJ0,20,CHF,2012-10-08
K01286AUL0,20,CHF,2012-10-08
K01286AUP0,20,CHF,2012-10-08
K01286AUZ0,20,CHF,2012-10-08
K01286AVC0,90,CHF,2012-10-08
K01286AVO0,20,CHF,2012-10-08
K01286AWA0,90,CHF,2012-10-08
K01286AWE0,20,CHF,2012-10-08
K01286AWF0,90,CHF,2012-10-08
K01286AWN0,20,CHF,2012-10-08
K01286AXA0,20,CHF,2012-10-08
K01286AXG0,90,CHF,2012-10-08
K01286AXH0,20,CHF,2012-10-08
K01286AXJ0,20,CHF,2012-10-08
K10100EBF0,90,EUR,2017-09-07
K10100EBI0,90,EUR,2017-09-07
K10100EBM0,90,EUR,2017-09-07
K10100EBV0,90,EUR,2017-09-07
K17719AOH0,20,CHF,2017-09-08
K003650000,20,CHF,2017-09-11
K01286EEX0,20,CHF,2017-09-11
K000840000,20,CHF,2017-09-14
K000860000,20,CHF,2017-09-15
K000870000,20,CHF,2017-09-15
K01286EEY0,20,CHF,2017-09-18
K01286EEZ0,90,CHF,2017-09-18
K01286EFR0,20,CHF,2017-09-18
K000910000,20,CHF,2017-09-19
K01286EFV0,20,CHF,2017-09-20
K01286EGB0,20,CHF,2017-09-25
K01286EGD0,20,CHF,2017-09-25
K11285AIZ0,20,CHF,2017-10-02
K01286EGO0,20,CHF,2017-10-03
K01286EEI0,20,CHF,2017-09-04
K07393BEK0,90,EUR,2017-10-04
K07393BEM0,90,EUR,2017-10-04
K01286EGU0,20,CHF,2017-10-05
K10100ECW0,90,EUR,2017-10-09
K10100ECY0,90,EUR,2017-10-09
K10100ECZ0,90,EUR,2017-10-09
K10100EDC0,90,EUR,2017-10-09
K10100EDT0,90,EUR,2017-10-09
K10100EDW0,90,EUR,2017-10-09
K01286EGZ0,20,CHF,2017-10-10
K01286EHD0,20,CHF,2017-10-10
K01286EHE0,20,CHF,2017-10-10
K102830000,20,CHF,2017-10-12
K001250000,20,CHF,2017-10-13
K01286EHX0,20,CHF,2017-10-16
K001270000,20,CHF,2017-10-19
K01286EIC0,20,CHF,2017-10-23
K01286EIK0,20,CHF,2017-10-23
K01286EIM0,20,CHF,2017-10-23
K01286EIU0,20,CHF,2017-10-23
K01286AXP0,20,CHF,2012-10-08
K01286AXT0,20,CHF,2012-10-08
K01286AXZ0,20,CHF,2012-10-08
K01286AYC0,90,CHF,2012-10-08
K01286AYD0,20,CHF,2012-10-08
K01286AYU0,20,CHF,2012-10-08
K01286AYV0,20,CHF,2012-10-08
K01286AZH0,90,CHF,2012-10-08
K01286AZI0,20,CHF,2012-10-08
K01286AZL0,90,CHF,2012-10-08
K01286BAI0,20,CHF,2012-10-08
K01286BAJ0,20,CHF,2012-10-08
K01286BAN0,90,CHF,2012-10-08
K011920000,90,CHF,2012-08-29
K011960000,20,CHF,2006-07-24
K012050000,90,CHF,2013-02-15
K012070000,20,CHF,2013-10-02
K012090000,90,CHF,2007-01-29
K012290000,20,CHF,2006-07-24
K012310000,90,CHF,2006-07-24
K01234AAC0,20,CHF,2009-10-19
K012380000,20,EUR,2011-09-01
K01286BVG0,20,CHF,2013-10-28
K01286BVH0,90,CHF,2013-10-28
K01286BVV0,20,CHF,2013-11-20
K01286BXD0,20,CHF,2013-12-03
K01286BXG0,20,CHF,2013-12-09
K01286BXO0,20,CHF,2013-12-16
K01286BXT0,90,CHF,2013-12-16
K01286BYD0,20,CHF,2013-12-23
K01286BYG0,20,CHF,2013-12-23
K01286BYH0,20,CHF,2013-12-23
K01286BYR0,20,CHF,2014-01-16
K01286BYS0,20,CHF,2014-01-20
K01286BYX0,20,CHF,2014-01-20
K01286BZH0,90,CHF,2014-02-03
K01286BZM0,90,CHF,2014-02-03
K01286CAM0,20,CHF,2014-02-24
K01286CAZ0,90,CHF,2014-03-18
K01286CBM0,20,CHF,2014-03-24
K04370AKZ0,20,CHF,2017-10-04
K02152AJX0,20,CHF,2017-11-08
K04370ALA0,20,CHF,2017-11-08
K07393BFD0,90,EUR,2017-11-08
K17719AON0,20,CHF,2017-11-08
K01286ELC0,20,CHF,2017-11-13
K01286ELF0,20,CHF,2017-11-13
K07393BFE0,90,EUR,2017-11-14
K003590000,20,CHF,2017-11-15
K07393ALR0,90,EUR,2015-03-25
K07393ANZ0,90,EUR,2015-09-14
K10100BSD0,90,EUR,2013-07-09
K10100BSI0,90,EUR,2013-07-09
K10100BVX0,90,EUR,2013-09-11
K10100BWR0,90,EUR,2013-09-16
K10100CDS0,90,EUR,2013-12-09
K10100CGV0,90,EUR,2014-02-19
K10100CIF0,90,EUR,2014-03-19
K02151ASX0,90,CHF,2017-10-24
K001330000,20,CHF,2017-10-26
K10100EEH0,90,EUR,2017-11-02
K10100EES0,90,EUR,2017-11-02
K10100EFA0,90,EUR,2017-11-02
K10100EFC0,90,EUR,2017-11-02
K01286EIY0,20,CHF,2017-11-02
K11285AJD0,20,CHF,2017-11-03
K01286EJH0,20,CHF,2017-11-03
K01286EJT0,20,CHF,2017-11-03
K001410000,20,CHF,2017-11-07
K001460000,20,CHF,2017-11-23
K018470000,20,CHF,2017-12-01
K10100EFT0,90,EUR,2017-12-04
K10100EFW0,90,EUR,2017-12-04
K10100EFX0,90,EUR,2017-12-04
K10100EGA0,90,EUR,2017-12-04
K10100DGN0,90,EUR,2015-05-15
K10100DGQ0,90,EUR,2015-05-15
K10100DHB0,90,EUR,2015-06-22
K10100DHQ0,90,EUR,2015-06-22
K10100DHT0,90,EUR,2015-06-22
K01286CBO0,20,CHF,2014-03-24
K01286CBP0,90,CHF,2014-03-24
K01286CCB0,90,CHF,2014-04-01
K01286CCQ0,20,CHF,2014-04-14
K01286CDE0,90,CHF,2014-05-12
K01286CDM0,20,CHF,2014-05-20
K01286CDV0,20,CHF,2014-05-20
K01286CEC0,20,CHF,2014-05-21
K01286CEE0,20,CHF,2014-05-21
K01286CEF0,90,CHF,2014-05-21
K01286CFC0,20,CHF,2014-06-16
K01286CFG0,20,CHF,2014-06-23
K01286CFI0,20,CHF,2014-06-24
K01286BAX0,20,CHF,2012-10-08
K01286BBC0,90,CHF,2012-10-08
K01286BBV0,20,CHF,2012-10-09
K01286BBW0,20,CHF,2012-10-16
K01286BCF0,20,CHF,2012-10-29
K01286BCJ0,90,CHF,2012-10-29
K01286BCP0,20,CHF,2012-10-29
K01286BCR0,20,CHF,2012-10-29
K01286BEA0,20,CHF,2012-11-12
K01286BEB0,90,CHF,2012-11-12
K01286BEC0,90,CHF,2012-11-12
K01286BEM0,20,CHF,2012-11-26
K01286BEP0,20,CHF,2012-11-26
K01286BFA0,20,CHF,2012-12-14
K01286BFC0,20,CHF,2012-12-14
K01286BFJ0,20,CHF,2012-12-17
K01286BFU0,20,CHF,2012-12-19
K01286BFZ0,20,CHF,2012-12-21
K01286BGU0,20,CHF,2013-01-11
K01286BHB0,20,CHF,2013-01-09
K01286BHH0,20,CHF,2013-01-16
K01286BHR0,20,CHF,2013-01-25
K01286BHV0,20,CHF,2013-01-29
K01286BHW0,20,CHF,2013-01-29
K01286BHY0,90,CHF,2013-02-04
K01286BIE0,20,CHF,2013-02-12
K10100DHW0,90,EUR,2015-06-22
K10100DHX0,90,EUR,2015-06-22
K10100DID0,90,EUR,2015-07-08
K10100DIS0,90,EUR,2015-07-08
K10100DIY0,90,EUR,2015-07-08
K10100DJJ0,90,EUR,2015-07-08
K10100DJK0,90,EUR,2015-07-08
K10100DLB0,90,EUR,2015-08-04
K10100DLC0,90,EUR,2015-08-04
K10100DLD0,90,EUR,2015-08-04
K10100DLF0,90,EUR,2015-08-04
K10100DLI0,90,EUR,2015-08-04
K10100DLK0,90,EUR,2015-09-10
K10100DNU0,90,EUR,2015-10-06
K10100DNZ0,90,EUR,2015-10-06
K10100DOL0,90,EUR,2015-10-06
K10100DOM0,90,EUR,2015-10-06
K101130000,20,CHF,2015-09-25
K101180000,10,CHF,2006-07-24
K101190000,10,CHF,2009-10-06
K101570000,20,CHF,2013-02-12
K101680001,90,CHF,2007-09-14
K101820000,90,CHF,2006-07-24
K102000000,20,CHF,2007-12-04
K102150000,90,CHF,2006-07-24
K102360000,20,CHF,2006-07-24
K102590000,20,CHF,2007-10-15
K102620000,20,CHF,2006-07-24
K102760000,10,CHF,2006-07-24
K102790000,90,CHF,2006-07-24
K102980000,90,CHF,2008-05-06
K103190000,20,CHF,2009-07-07
K103210000,90,CHF,2006-07-24
K103270000,20,CHF,2006-07-24
K103800000,20,CHF,2006-07-24
K104230000,20,CHF,2009-06-30
K104240000,90,CHF,2006-07-24
K104330000,90,CHF,2006-07-24
K104350000,20,CHF,2006-07-24
K01286BIG0,90,CHF,2013-02-14
K01286BJZ0,20,CHF,2013-03-13
K01286BKD0,90,CHF,2013-03-13
K01286BKG0,20,CHF,2013-03-13
K01286BKI0,20,CHF,2013-03-13
K01286BKL0,90,CHF,2013-03-20
K01286BKQ0,20,CHF,2013-03-25
K01286BLR0,20,CHF,2013-03-27
K01286BLS0,20,CHF,2013-03-27
K01286BLU0,20,CHF,2013-04-09
K01286BMH0,20,CHF,2013-04-18
K01286BMJ0,20,CHF,2013-04-24
K01286BMM0,20,CHF,2013-04-29
K01286BNC0,20,CHF,2013-05-14
K01286BNE0,20,CHF,2013-05-14
K01286BNL0,20,CHF,2013-05-14
K01286BNQ0,20,CHF,2013-05-22
K01286BNY0,20,CHF,2013-05-24
K01286BOD0,20,CHF,2013-06-03
K01286BOL0,90,CHF,2013-06-06
K01286BOQ0,20,CHF,2013-06-20
K01286BOT0,20,CHF,2013-06-20
K01286BOU0,20,CHF,2013-06-20
K01286BOV0,20,CHF,2013-06-20
K01286BPF0,20,CHF,2013-07-03
K01286BPN0,20,CHF,2013-07-03
K01286BPO0,20,CHF,2013-07-03
K01286BPS0,20,CHF,2013-07-11
K01286BPU0,20,CHF,2013-07-11
K01286BQA0,20,CHF,2013-07-11
K01286BRL0,20,CHF,2013-07-30
K01286BRS0,90,CHF,2013-08-09
K01286BSA0,20,CHF,2013-08-19
K01286BSE0,20,CHF,2013-08-26
K01286BSN0,20,CHF,2013-09-26
K01286BSO0,20,CHF,2013-09-26
K01286BSW0,20,CHF,2013-09-26
K01286BSX0,20,CHF,2013-09-26
K01286BTI0,20,CHF,2013-10-21
K104580000,10,CHF,2006-07-24
K104830000,90,CHF,2007-01-09
K104850000,90,CHF,2007-02-22
K104920000,20,CHF,2009-12-23
K108180000,10,CHF,2006-07-24
K108510000,90,CHF,2008-03-06
K108620000,20,CHF,2006-07-24
K108880000,20,CHF,2006-07-24
K108980000,10,CHF,2011-06-22
K108990000,20,CHF,2013-03-19
K109380000,90,CHF,2010-10-20
K109550000,20,CHF,2006-07-24
K109580000,10,CHF,2006-07-24
K109590000,20,CHF,2012-11-14
K109670000,90,CHF,2006-07-24
K109710000,90,CHF,2006-07-24
K109710003,90,CHF,2007-05-31
K109710009,90,CHF,2009-10-05
K109710010,90,CHF,2009-11-17
K109710013,90,CHF,2010-02-26
K109710023,90,CHF,2011-07-08
K109720000,90,CHF,2006-09-05
K109850000,20,CHF,2006-07-24
K109890000,20,CHF,2008-02-21
K110080000,20,CHF,2006-07-24
K110110000,10,CHF,2008-09-04
K110140000,20,CHF,2006-07-24
K110170000,10,CHF,2011-01-27
K110220000,90,CHF,2006-07-24
K110240000,10,CHF,2012-06-07
K110320000,20,CHF,2006-07-24
K110550000,90,CHF,2006-07-24
K110770000,90,CHF,2006-07-24
K111130000,20,CHF,2011-06-29
K111310000,20,CHF,2007-02-15
K111570000,20,CHF,2006-07-24
K111580000,20,CHF,2010-05-28
K111900000,10,CHF,2006-07-24
K111960000,20,CHF,2006-07-24
K01286BTT0,90,CHF,2013-10-23
K01286BTU0,20,CHF,2013-10-23
K01286BTZ0,20,CHF,2013-10-23
K01286BUB0,20,CHF,2013-10-23
K01286BUD0,20,CHF,2013-10-23
K01448AIE0,90,CHF,2008-10-24
K01448AII0,90,CHF,2008-10-24
K01448AIL0,90,CHF,2008-10-24
K01448AIQ0,90,CHF,2008-10-24
K01448AJK0,90,CHF,2008-10-24
K01448AJL0,90,CHF,2008-10-24
K01448AJZ0,90,CHF,2008-10-24
K01448AKE0,90,CHF,2008-10-24
K01448AKM0,90,CHF,2008-10-24
K01448ALA0,90,CHF,2008-10-24
K01448ALB0,90,CHF,2008-10-24
K01448ALD0,90,CHF,2008-10-24
K01286CFL0,20,CHF,2014-06-30
K01286CFO0,20,CHF,2014-06-30
K01286CFW0,90,CHF,2014-07-14
K01286CGA0,20,CHF,2014-07-21
K01286CGN0,90,CHF,2014-08-04
K01286CGQ0,20,CHF,2014-08-05
K01286CHC0,20,CHF,2014-08-14
K01286CHT0,20,CHF,2014-09-09
K01286CIB0,20,CHF,2014-09-09
K01286CIJ0,20,CHF,2014-09-09
K01286CIQ0,20,CHF,2014-09-09
K01286CKQ0,20,CHF,2014-10-13
K01286CMA0,20,CHF,2014-11-04
K01286CMB0,20,CHF,2014-11-04
K01286CMT0,20,CHF,2014-11-25
K01286CNQ0,20,CHF,2014-12-01
K01286COF0,90,CHF,2014-12-12
K01286COH0,20,CHF,2014-12-15
K01286COK0,90,CHF,2014-12-15
K01286CON0,20,CHF,2014-12-23
K01286COS0,20,CHF,2014-12-23
K01286CPA0,20,CHF,2015-01-16
K112040000,90,CHF,2006-07-24
K112080001,90,CHF,2008-01-29
K112150000,90,CHF,2007-06-14
K112160000,90,CHF,2008-03-18
K112190000,20,CHF,2006-07-24
K112230000,20,CHF,2006-07-24
K112300000,90,CHF,2006-10-09
K112630000,20,CHF,2006-07-24
K112670000,90,CHF,2006-07-24
K112750000,90,CHF,2010-11-29
K112820000,90,CHF,2006-07-24
K11285AAW0,20,CHF,2012-12-10
K11285ABR0,20,CHF,2013-09-12
K11285ABS0,20,CHF,2013-09-12
K11285ACA0,20,CHF,2013-12-04
K11285ADD0,20,CHF,2014-08-07
K11285ADO0,20,CHF,2014-09-22
K11285ADQ0,20,CHF,2014-09-30
K11285AEN0,20,CHF,2014-12-17
K11285AEY0,20,CHF,2015-04-17
K11285AFT0,20,CHF,2015-12-09
K11285AGF0,20,CHF,2016-03-09
K113060001,10,CHF,2013-08-21
K113250000,90,CHF,2006-07-24
K113410000,10,CHF,2006-07-24
K113530000,20,CHF,2007-12-06
K113700000,90,CHF,2006-07-24
K113920000,20,CHF,2006-07-24
K114010000,10,CHF,2007-09-27
K114270000,90,CHF,2006-07-24
K114360001,90,CHF,2009-04-08
K114670000,20,CHF,2006-07-24
K114830000,90,CHF,2006-07-24
K115110000,90,CHF,2009-02-03
K11511AAJ0,90,CHF,2009-03-06
K11511AAK0,90,CHF,2009-03-06
K11511AAQ0,90,CHF,2009-03-06
K115220000,90,CHF,2010-03-10
K115810001,90,CHF,2012-03-05
K01286CPC0,90,CHF,2015-01-16
K01286CPI0,20,CHF,2015-01-16
K01286CPP0,20,CHF,2015-01-22
K01286CQS0,20,CHF,2015-02-17
K01286CQW0,20,CHF,2015-02-25
K01286CRH0,90,CHF,2015-03-02
K01286CRL0,20,CHF,2015-03-09
K01286CRY0,20,CHF,2015-03-25
K01286CSB0,20,CHF,2015-03-25
K01286CSC0,90,CHF,2015-03-25
K01286CSE0,20,CHF,2015-03-23
K01286CTE0,90,CHF,2015-05-13
K01286CTQ0,20,CHF,2015-05-27
K01286CUZ0,20,CHF,2015-06-24
K01286CVJ0,20,CHF,2015-07-07
K01286CVP0,20,CHF,2015-07-08
K01286CVT0,20,CHF,2015-07-14
K01286CWB0,20,CHF,2015-07-17
K01286CWD0,20,CHF,2015-07-20
K01286CWN0,20,CHF,2015-08-04
K01286CXF0,20,CHF,2015-09-01
K01286CYH0,90,CHF,2015-09-23
K01286CYM0,20,CHF,2015-10-01
K01286CYO0,90,CHF,2015-10-06
K01286CYS0,20,CHF,2015-10-14
K01286CZH0,90,CHF,2015-11-03
K01286CZQ0,20,CHF,2015-11-09
K01286DAA0,20,CHF,2015-11-30
K01286DAC0,20,CHF,2015-11-30
K01286DAD0,20,CHF,2015-12-01
K01286DBC0,20,CHF,2016-01-11
K01286DBD0,20,CHF,2016-01-11
K01286DBH0,20,CHF,2016-01-25
K01286DBS0,20,CHF,2016-02-08
K01286DCS0,20,CHF,2016-02-17
K01286DDE0,20,CHF,2016-03-07
K01286DDQ0,90,CHF,2016-03-14
K01286ZZZZ,90,CHF,2008-08-11
K012870000,20,CHF,2007-06-11
K115820000,20,CHF,2006-07-24
K115860000,10,CHF,2006-07-24
K116070000,20,CHF,2007-03-27
K116240000,90,CHF,2006-07-24
K116280000,90,CHF,2006-07-24
K116380000,20,CHF,2013-09-10
K116420000,90,CHF,2009-05-08
K116580000,20,CHF,2012-04-30
K116720000,90,CHF,2006-07-24
K116890000,90,CHF,2010-07-21
K117000000,20,EUR,2006-07-24
K105270000,10,CHF,2006-07-24
K105420000,20,CHF,2007-06-01
K105570000,20,CHF,2006-07-24
K105670000,90,CHF,2006-07-24
K106390000,90,CHF,2014-05-05
K106690000,20,CHF,2015-03-16
K106770000,20,CHF,2006-07-24
K106780000,90,CHF,2013-03-11
K106870000,20,CHF,2008-06-09
K107130000,90,CHF,2006-07-24
K107230000,90,CHF,2016-03-02
K107510000,20,CHF,2006-07-24
K107720000,10,CHF,2011-07-28
K117680000,20,CHF,2012-10-12
K117740000,90,CHF,2006-07-24
K118010002,20,EUR,2011-03-18
K118240000,90,CHF,2006-07-24
K118460000,20,CHF,2006-07-24
K11864AAH0,90,CHF,2008-08-07
K11864AAK0,20,CHF,2008-08-07
K11864AAT0,20,CHF,2009-01-20
K11864AAY0,20,CHF,2009-02-20
K11864ABQ0,90,CHF,2009-11-10
K11864ABW0,20,CHF,2009-12-11
K11864ABX0,20,CHF,2009-12-15
K11864ABY0,90,CHF,2010-01-08
K11864ABZ0,20,CHF,2010-01-11
K11864ACC0,90,CHF,2010-01-19
K012870003,10,CHF,2007-12-21
K013130000,90,CHF,2014-02-12
K10100BNZ0,90,EUR,2013-05-13
K10100BOA0,90,EUR,2013-05-13
K10100BOB0,90,EUR,2013-05-13
K10100BOD0,90,EUR,2013-05-13
K10100BOP0,90,EUR,2013-05-13
K10100BOZ0,90,EUR,2013-05-13
K10100BPG0,90,EUR,2013-05-13
K10100BPO0,90,EUR,2013-05-13
K10100BPQ0,90,EUR,2013-05-13
K10100BPR0,90,EUR,2013-05-13
K10100BPU0,90,EUR,2013-05-13
K10100BQC0,90,EUR,2013-06-10
K10100BQI0,90,EUR,2013-06-10
K10100BRF0,90,EUR,2013-06-10
K10100BRI0,90,EUR,2013-06-10
K10100BRK0,90,EUR,2013-06-10
K10100BRN0,90,EUR,2013-06-10
K10100BRT0,90,EUR,2013-06-10
K10100BRU0,90,EUR,2013-06-10
K10100BRY0,90,EUR,2013-06-10
K10100BST0,90,EUR,2013-07-09
K10100BSV0,90,EUR,2013-07-09
K10100BTE0,90,EUR,2013-07-08
K10100BTN0,90,EUR,2013-07-08
K10100BTP0,90,EUR,2013-07-08
K10100BUH0,90,EUR,2013-08-13
K10100BUI0,90,EUR,2013-08-13
K10100BUJ0,90,EUR,2013-08-13
K10100BUN0,90,EUR,2013-08-13
K10100BUO0,90,EUR,2013-08-13
K10100BUU0,90,EUR,2013-08-13
K10100BVD0,90,EUR,2013-08-13
K10100BVP0,90,EUR,2013-08-13
K10100BWP0,90,EUR,2013-09-11
K10100BWW0,90,EUR,2013-09-16
K10100BWX0,90,EUR,2013-09-16
K10100BXI0,90,EUR,2013-09-17
K10100BXJ0,90,EUR,2013-09-17
K10100BXN0,90,EUR,2013-09-17
K10100BXZ0,90,EUR,2013-10-24
K10100BYQ0,90,EUR,2013-10-24
K10100BYV0,90,EUR,2013-10-24
K10100BYX0,90,EUR,2013-10-24
K10100BZK0,90,EUR,2013-10-24
K10100BZN0,90,EUR,2013-10-24
K10100CAA0,90,EUR,2013-11-12
K10100CAN0,90,EUR,2013-11-12
K107920000,20,CHF,2014-03-05
K107990000,90,CHF,2006-07-24
K108150000,20,CHF,2006-07-24
K108480000,90,CHF,2006-07-24
K108500000,20,CHF,2007-05-08
K108600000,90,CHF,2006-07-24
K108850000,90,CHF,2007-10-08
K10100CGJ0,90,EUR,2014-01-10
K10100CGP0,90,EUR,2014-02-19
K10100CGW0,90,EUR,2014-02-19
K10100CHL0,90,EUR,2014-02-19
K10100CHU0,90,EUR,2014-02-19
K10100CJF0,90,EUR,2014-03-19
K10100CJS0,90,EUR,2014-03-20
K10100CKW0,90,EUR,2014-04-09
K10100CLG0,90,EUR,2014-04-09
K10100CLK0,90,EUR,2014-04-09
K10100CMZ0,90,EUR,2014-05-22
K10100COW0,90,EUR,2014-06-19
K10100CPD0,90,EUR,2014-06-19
K10100CPM0,90,EUR,2014-07-14
K10100CPY0,90,EUR,2014-07-17
K10100CQR0,90,EUR,2014-07-17
K10100CTQ0,90,EUR,2014-09-15
K10100CTT0,90,EUR,2014-09-15
K10100CUH0,90,EUR,2014-10-08
K10100CUP0,90,EUR,2014-10-09
K10100CVU0,90,EUR,2014-11-13
K10100CWD0,90,EUR,2014-11-13
K10100CWO0,90,EUR,2014-11-13
K11864ACH0,20,CHF,2010-02-02
K11864ACJ0,90,CHF,2010-02-26
K11864ADC0,20,CHF,2010-06-17
K11864AEK0,20,CHF,2010-06-17
K11864AEU0,20,CHF,2010-06-17
K11864AFV0,90,CHF,2010-06-17
K11864AGV0,20,CHF,2010-06-17
K11864AHK0,20,CHF,2010-06-17
K11864AIE0,90,CHF,2010-06-17
K11864AIF0,20,CHF,2010-06-17
K11864AIW0,20,CHF,2010-06-17
K11864AIY0,90,CHF,2010-06-17
K11864AJD0,90,CHF,2010-06-17
K11864AJQ0,90,CHF,2010-06-17
K11864AKA0,90,CHF,2010-06-17
K11864AKX0,20,CHF,2012-07-03
K118730001,10,CHF,2012-03-22
K118920000,90,CHF,2007-01-24
K118950000,10,CHF,2007-05-23
K118960000,90,CHF,2006-07-24
K118980000,20,CHF,2008-07-17
K120030000,90,CHF,2006-07-24
K120040000,20,CHF,2006-07-24
K120050000,20,CHF,2015-06-08
K120150000,20,CHF,2006-07-24
K120550000,20,CHF,2007-02-23
K120580000,20,CHF,2014-11-13
K120590000,20,CHF,2016-02-26
K120670000,20,CHF,2012-11-21
K120810000,20,CHF,2006-07-24
K173430000,20,CHF,2008-04-23
K173530000,90,CHF,2008-04-23
K173540000,10,CHF,2008-04-23
K173720000,20,CHF,2008-04-23
K173740000,20,CHF,2008-04-23
K173770000,10,CHF,2008-04-23
K173910000,20,CHF,2015-03-12
K173950000,20,CHF,2008-04-23
K174020000,10,CHF,2008-04-23
K10100CYC0,90,EUR,2014-12-01
K10100CYI0,90,EUR,2014-12-02
K10100CZA0,90,EUR,2015-01-15
K10100DAU0,90,EUR,2015-02-23
K10100DBO0,90,EUR,2015-02-24
K10100DDA0,90,EUR,2015-03-13
K10100DDP0,90,EUR,2015-04-08
K10100DEH0,90,EUR,2015-04-08
K10100DEK0,90,EUR,2015-04-08
K10100DFM0,90,EUR,2015-05-13
K10100DGK0,90,EUR,2015-05-13
K10100DGL0,90,EUR,2015-05-15
K10100DGP0,90,EUR,2015-05-15
K10100DHO0,90,EUR,2015-06-22
K10100DHP0,90,EUR,2015-06-22
K10100DIA0,90,EUR,2015-06-22
K10100DIV0,90,EUR,2015-07-08
K10100DIZ0,90,EUR,2015-07-08
K10100DJF0,90,EUR,2015-07-08
K10100DJL0,90,EUR,2015-07-08
K10100DJM0,90,EUR,2015-07-08
K10100DKD0,90,EUR,2015-08-04
K10100DOE0,90,EUR,2015-10-06
K10100DOI0,90,EUR,2015-10-06
K10100DOS0,90,EUR,2015-10-06
K101040000,90,CHF,2006-07-24
K101080000,20,CHF,2006-07-24
K101230000,90,CHF,2008-07-01
K101330000,90,CHF,2008-07-02
K101360000,90,CHF,2006-07-24
K102020000,90,CHF,2008-07-08
K102060000,20,CHF,2006-07-24
K102070000,20,CHF,2012-02-23
K102100000,20,CHF,2012-02-28
K102110000,20,CHF,2016-01-08
K102370000,10,CHF,2006-07-24
K102450000,10,CHF,2006-07-24
K102550000,20,CHF,2006-07-24
K102720000,90,CHF,2007-02-01
K174040000,10,CHF,2014-01-23
K174070000,20,CHF,2008-04-23
K174170000,10,CHF,2008-04-23
K174210000,20,CHF,2008-04-23
K174380000,20,CHF,2008-04-23
K174440000,20,CHF,2008-04-23
K174460000,90,CHF,2008-04-23
K166850000,20,CHF,2006-08-07
K166890000,20,CHF,2009-11-04
K167870000,20,CHF,2006-08-08
K167910000,20,CHF,2006-09-27
K167930000,20,CHF,2006-09-28
K168090000,20,CHF,2006-11-14
K168120000,90,CHF,2006-11-20
K168130000,20,CHF,2006-11-20
K168180000,20,CHF,2006-11-29
K168220000,20,CHF,2006-12-06
K168380000,20,CHF,2007-01-17
K168450000,90,CHF,2007-02-05
K168510000,20,CHF,2007-02-15
K168610000,20,CHF,2007-03-22
K168650000,20,CHF,2007-03-29
K168680000,90,CHF,2007-04-16
K168760000,20,CHF,2007-05-09
K168830000,20,CHF,2007-06-07
K175310000,10,CHF,2009-02-13
K175530000,20,CHF,2009-04-29
K175570000,20,CHF,2009-05-12
K17561AAA0,90,CHF,2009-10-06
K175650000,90,CHF,2009-06-05
K17580AAA0,20,CHF,2010-08-06
K17580AAC0,20,CHF,2010-08-09
K17580AAN0,20,CHF,2011-04-14
K17580YYYY,20,CHF,2009-09-29
K176080000,20,CHF,2009-12-16
K176120000,20,CHF,2010-02-09
K176170000,10,CHF,2010-02-18
K176270000,20,CHF,2010-03-22
K176330000,20,CHF,2010-05-07
K102740000,90,CHF,2007-08-31
K102800000,90,CHF,2008-12-09
K102810000,90,CHF,2007-10-02
K102820000,90,CHF,2006-07-24
K103300000,10,CHF,2006-07-24
K103770000,20,CHF,2006-07-24
K104290000,90,CHF,2007-11-09
K108930000,90,CHF,2007-07-11
K108960000,90,CHF,2009-07-22
K109000000,20,CHF,2006-07-24
K109010000,90,CHF,2006-11-08
K109050000,20,CHF,2015-11-30
K109220000,20,CHF,2007-05-02
K109410000,20,CHF,2007-05-08
K109490000,20,CHF,2006-07-24
K109500000,90,CHF,2007-03-02
K109620000,20,CHF,2006-07-24
K109670002,90,CHF,2010-12-23
K109670003,90,CHF,2010-12-23
K109710004,90,CHF,2007-05-31
K109710014,90,CHF,2010-03-16
K109710016,90,CHF,2010-08-24
K10971XXXX,10,CHF,2012-11-16
K109930000,20,CHF,2008-01-31
K110180000,10,CHF,2013-09-12
K110470000,10,CHF,2007-12-10
K110480000,20,CHF,2006-07-24
K110990000,20,CHF,2011-07-04
K111080000,20,CHF,2014-06-26
K111150000,20,CHF,2007-11-16
K111320000,90,CHF,2008-01-18
K111400000,90,CHF,2006-07-24
K111410000,10,CHF,2007-02-06
K111430000,20,CHF,2008-05-16
K111550000,20,CHF,2007-06-11
K111560000,90,CHF,2009-11-12
K112140000,90,EUR,2006-07-24
K112170000,20,CHF,2006-07-24
K112370000,20,CHF,2006-07-24
K176340000,20,CHF,2010-05-07
K176400000,20,CHF,2010-06-10
K176710000,10,CHF,2010-11-10
K176800000,20,CHF,2010-11-26
K176910000,90,CHF,2011-02-11
K176950000,20,CHF,2011-02-17
K176970000,20,CHF,2011-03-01
K176980000,20,CHF,2011-03-03
K177040000,90,CHF,2011-04-06
K17719AAE0,20,CHF,2011-09-23
K17719ABX0,20,CHF,2011-09-02
K17719ACD0,20,CHF,2012-02-15
K17719ACE0,90,CHF,2012-02-20
K17719ACN0,20,CHF,2012-03-27
K17719ACZ0,20,CHF,2012-06-13
K17719ADA0,20,CHF,2012-06-14
K17719ADM0,20,CHF,2011-09-02
K17719AEC0,20,CHF,2013-02-21
K17719AEK0,90,CHF,2013-10-07
K17719AGL0,20,CHF,2013-10-24
K17719AGP0,20,CHF,2013-11-28
K17719AGR0,90,CHF,2013-12-05
K17719AHA0,20,CHF,2014-02-03
K17719AHB0,20,CHF,2014-02-04
K17719AHN0,20,CHF,2014-03-12
K17719AHO0,20,CHF,2014-03-24
K17719AHV0,20,CHF,2014-06-12
K17719AIJ0,20,CHF,2014-09-23
K17719AIO0,20,CHF,2014-10-16
K17719AIP0,20,CHF,2014-10-20
K17719AIQ0,20,CHF,2014-10-22
K17719AJC0,20,CHF,2015-02-04
K17719AJD0,20,CHF,2015-02-10
K17719AJE0,20,CHF,2015-02-11
K17719AJH0,20,CHF,2015-02-23
K17719AJI0,20,CHF,2015-02-24
K17719AJJ0,20,CHF,2015-03-03
K17719AKA0,90,CHF,2015-05-04
K17719AKV0,20,CHF,2015-10-22
K112410000,90,CHF,2009-11-04
K112510000,90,CHF,2012-08-22
K112620000,20,CHF,2008-08-04
K112690000,20,CHF,2009-04-02
K112780000,20,CHF,2014-01-29
K11285AAM0,90,CHF,2012-11-26
K11285AAN0,20,CHF,2012-11-26
K11285AAP0,20,CHF,2012-11-26
K11285AAR0,20,CHF,2012-11-26
K11285AAV0,90,CHF,2012-11-26
K11285ABF0,90,CHF,2013-02-25
K11285ABZ0,20,CHF,2013-12-04
K11285ACB0,20,CHF,2013-12-04
K11285ACD0,90,CHF,2014-01-27
K11285ACR0,20,CHF,2014-06-16
K11285ACT0,20,CHF,2014-06-16
K11285ADF0,20,CHF,2014-08-12
K11285ADH0,20,CHF,2014-09-18
K11285AEL0,20,CHF,2014-12-01
K11285AEO0,20,CHF,2014-12-17
K11285AEZ0,20,CHF,2015-04-21
K11285AFV0,20,CHF,2015-12-22
K112880000,20,CHF,2009-01-07
K113620000,20,CHF,2008-07-11
K113840000,90,CHF,2006-07-24
K114030000,90,CHF,2008-12-16
K104400000,90,CHF,2006-07-24
K104420000,10,CHF,2006-07-24
K104460000,20,CHF,2012-10-02
K104470000,20,CHF,2015-08-13
K104670000,20,CHF,2006-07-24
K104770000,20,CHF,2006-07-24
K104820000,90,CHF,2006-07-24
K104880000,20,CHF,2014-10-27
K104950000,20,CHF,2006-07-24
K104980000,20,CHF,2006-07-24
K105580000,90,CHF,2009-04-16
K105880000,20,EUR,2006-07-24
K106270000,20,CHF,2007-03-22
K17719AKX0,20,CHF,2015-10-22
K17719ALQ0,20,CHF,2016-02-24
K17719ALR0,20,CHF,2016-03-02
K177200000,20,CHF,2011-08-16
K177350000,20,CHF,2011-11-09
K177390000,20,CHF,2011-11-22
K177400000,20,CHF,2011-11-23
K177410000,20,CHF,2011-11-25
K177470000,90,CHF,2012-02-01
K177510000,90,CHF,2012-02-08
K177920000,20,CHF,2014-02-11
K177950000,20,CHF,2014-02-11
K177970000,10,CHF,2014-02-12
K178010000,10,CHF,2014-02-12
K178150000,20,CHF,2014-06-18
K178160000,20,CHF,2014-06-19
K178200000,90,CHF,2014-07-31
K178320000,20,CHF,2015-07-13
K174600000,10,CHF,2008-04-23
K174700000,20,CHF,2008-04-23
K174850000,10,CHF,2008-07-01
K174890000,90,CHF,2008-07-07
K175000000,90,CHF,2008-08-06
K175120000,90,CHF,2008-10-22
K175140000,90,CHF,2008-10-23
SMCGB00000,20,GBP,2007-04-18
K07393ART0,90,EUR,2016-03-31
K01286DEN0,20,CHF,2016-04-04
K028320001,90,CHF,2016-03-18
K150670001,20,CHF,2016-03-17
K160220000,20,CHF,2016-03-17
K02152AFA0,20,CHF,2016-04-05
K02152AFH0,20,CHF,2016-04-05
K11285AGJ0,20,CHF,2016-04-06
K11285AGK0,20,CHF,2016-04-06
K04370AIE0,20,CHF,2016-04-07
K04370AIF0,20,CHF,2016-04-07
K02151AQI0,90,CHF,2016-04-19
K02151AQJ0,20,CHF,2016-04-19
K106310000,90,CHF,2006-07-24
K106420000,20,CHF,2009-11-13
K106650000,90,CHF,2007-12-06
K106850000,20,CHF,2010-03-10
K107110000,20,CHF,2006-07-24
K107220000,20,CHF,2016-01-25
K107240000,90,CHF,2006-07-24
K107340000,90,EUR,2006-07-24
K114080000,20,CHF,2008-09-09
K114150000,20,CHF,2006-07-24
K114490000,20,CHF,2009-11-17
K114780000,20,CHF,2006-07-24
K114970000,90,CHF,2006-07-24
K114990000,20,CHF,2010-01-12
K11511AAA0,90,CHF,2009-02-26
K115180000,90,CHF,2008-10-20
K115200000,20,CHF,2008-11-25
K115210000,90,CHF,2010-02-01
K115250000,20,CHF,2007-09-07
K115280000,20,CHF,2014-09-22
K115290000,20,CHF,2015-03-16
K115810000,20,CHF,2008-06-19
K116090000,20,CHF,2007-03-26
K116250001,20,CHF,2008-07-08
K116300000,20,CHF,2007-02-22
K116430000,90,CHF,2006-07-24
K116650000,90,CHF,2006-07-24
K116850000,90,CHF,2006-07-24
K116860000,90,CHF,2009-01-16
K107610000,20,CHF,2006-07-24
K107690000,90,CHF,2009-07-06
K107760000,20,CHF,2006-08-01
K117650000,10,CHF,2009-03-05
K117660000,20,CHF,2009-03-10
K117700000,90,CHF,2006-07-24
K117710000,20,EUR,2011-09-21
K117820000,10,EUR,2010-11-30
K117850000,90,EUR,2011-09-29
K117910000,20,CHF,2006-07-24
K117920000,90,CHF,2007-02-02
K117940000,20,CHF,2006-07-24
K118170000,20,CHF,2006-07-24
K118620000,20,CHF,2006-07-24
K11864AAC0,20,CHF,2008-08-07
K11864AAQ0,20,CHF,2009-01-19
K11864ABH0,20,CHF,2009-05-13
K11864ABJ0,20,CHF,2009-10-06
K11864ABM0,90,CHF,2009-10-26
K11864ABU0,20,CHF,2009-12-09
K11864ACF0,20,CHF,2010-01-26
K11864ACR0,90,CHF,2010-06-07
K11864ACT0,90,CHF,2010-06-17
K11864ACU0,20,CHF,2010-06-17
K11864ACV0,20,CHF,2010-06-17
K11864ADR0,20,CHF,2010-06-17
K11864ADX0,90,CHF,2010-06-17
K11864ADZ0,90,CHF,2010-06-17
K11864AFG0,20,CHF,2010-06-17
K11864AFH0,20,CHF,2010-06-17
K11864AFL0,20,CHF,2010-06-17
K11864AFS0,20,CHF,2010-06-17
K11864AFU0,90,CHF,2010-06-17
K11864AFY0,90,CHF,2010-06-17
K11864AGO0,90,CHF,2010-06-17
K11864AGR0,90,CHF,2010-06-17
K11864AHA0,20,CHF,2010-06-17
K11864AHC0,90,CHF,2010-06-17
K11864AHJ0,20,CHF,2010-06-17
K11864AHL0,90,CHF,2010-06-17
K11864AHO0,90,CHF,2010-06-17
K11864AID0,90,CHF,2010-06-17
K11864AII0,90,CHF,2010-06-17
K11864AJH0,90,CHF,2010-06-17
K11864AJX0,90,CHF,2010-06-17
K11864AKH0,20,CHF,2010-11-04
K11864AKI0,20,CHF,2010-11-04
K11864AKK0,20,CHF,2010-11-04
K118770000,10,CHF,2015-11-25
K005020000,20,CHF,2016-04-15
K062280000,10,CHF,2016-04-08
K020540000,20,CHF,2016-04-21
K07393ANJ0,90,EUR,2015-07-13
K10100DNG0,90,EUR,2015-10-06
K160340000,20,CHF,2016-04-21
K01286DFD0,90,CHF,2016-04-26
K07393AOT0,90,EUR,2015-09-14
K01286DFP0,20,CHF,2016-05-02
K01286DFQ0,20,CHF,2016-05-02
K11285AGN0,20,CHF,2016-05-03
K02152AFP0,20,CHF,2016-05-09
K01286DFW0,20,CHF,2016-05-18
K01286DFX0,90,CHF,2016-05-18
K01286DGA0,20,CHF,2016-05-18
K036900000,20,CHF,2016-06-01
K01286DHF0,20,CHF,2016-06-16
K178450000,20,CHF,2015-12-04
K02151AQF0,20,CHF,2016-04-18
K01286DEV0,20,CHF,2016-04-18
K04370AIG0,20,CHF,2016-05-09
K04370AIO0,20,CHF,2016-05-09
K096480000,90,CHF,2016-06-06
K064800000,90,CHF,2016-06-07
K01286DGO0,20,CHF,2016-06-07
K01286DGS0,20,CHF,2016-06-07
K17719AMF0,20,CHF,2016-06-07
K04370AIS0,20,CHF,2016-06-07
K04370AIX0,20,CHF,2016-06-07
K02151AQR0,20,CHF,2016-06-08
K004940000,20,CHF,2016-07-01
K004930000,20,CHF,2016-07-01
K02152AFV0,20,CHF,2016-07-05
K043810000,90,CHF,2016-07-07
K00500AAA0,20,CHF,2016-06-21
K00500AAG0,90,CHF,2016-06-21
K00500AAK0,20,CHF,2016-06-21
K00500AAL0,20,CHF,2016-06-21
K00500AAX0,20,CHF,2016-06-21
K01286CHG0,20,CHF,2014-09-02
K004990000,20,CHF,2016-06-21
K01286COP0,20,CHF,2014-12-23
K07112AKO0,20,CHF,2014-08-07
K150331097,90,CHF,2014-09-17
K150331162,90,CHF,2016-06-21
K00500ABL0,20,CHF,2016-06-21
K00500ACF0,20,CHF,2016-06-21
K00500ACV0,20,CHF,2016-06-21
K00500ADD0,20,CHF,2016-06-21
K00500ADL0,20,CHF,2016-06-21
K00500ADP0,20,CHF,2016-06-21
K00500ADQ0,90,CHF,2016-06-21
K00500ADT0,20,CHF,2016-06-21
K01286DHK0,20,CHF,2016-06-27
K01286DHQ0,20,CHF,2016-06-27
K055250000,20,CHF,2016-06-28
K020350000,20,CHF,2016-06-29
K01286DJQ0,20,CHF,2016-08-22
K01286DJR0,20,CHF,2016-08-23
K02151ARC0,20,CHF,2016-08-23
K07393ANA0,90,EUR,2015-07-13
K10100CPI0,90,EUR,2014-07-14
K10100CRV0,90,EUR,2014-08-05
K10100CXC0,90,EUR,2014-12-01
K10100DDL0,90,EUR,2015-04-08
K11285AGV0,20,CHF,2016-08-25
K10100CAG0,90,EUR,2013-11-12
K10100CIA0,90,EUR,2014-03-19
K022050000,10,CHF,2016-08-25
K117710001,20,EUR,2016-08-26
K01286DKC0,20,CHF,2016-08-29
K01286DKD0,20,CHF,2016-08-29
K02151ARD0,20,CHF,2016-08-30
K004790000,90,CHF,2016-08-30
K080190000,20,CHF,2016-09-01
K01286DIA0,20,CHF,2016-07-11
K047990000,20,CHF,2016-07-11
K01286DIC0,20,CHF,2016-07-13
K118930000,90,CHF,2007-03-16
K118940000,20,CHF,2006-07-24
K119110000,10,CHF,2006-07-24
K119670000,20,CHF,2014-07-25
K119720000,90,CHF,2006-07-24
K120000000,90,EUR,2010-12-03
K120180000,90,CHF,2008-08-27
K120370000,20,CHF,2006-07-24
K120560000,90,CHF,2008-09-02
K120640000,90,CHF,2006-07-24
K120650000,20,CHF,2009-05-27
K120870000,20,CHF,2006-07-24
K121010000,20,CHF,2006-07-24
K117410000,10,CHF,2008-05-14
K117440000,90,CHF,2008-05-16
K117490000,10,CHF,2012-04-24
K127200000,90,CHF,2009-02-16
K127220000,90,CHF,2014-10-27
K127380000,90,CHF,2006-07-24
K127530000,90,CHF,2013-11-05
K127630000,20,CHF,2016-01-05
K12766AAA0,20,CHF,2009-04-23
K127860000,20,CHF,2014-10-22
K127960000,20,CHF,2006-07-24
K127980000,90,CHF,2006-07-24
K128150000,20,EUR,2006-07-24
K128190000,20,CHF,2006-07-24
K128240000,20,CHF,2006-07-24
K128530000,90,CHF,2006-07-24
K128570000,20,CHF,2006-07-24
K128820000,10,CHF,2006-07-24
K121150000,20,CHF,2006-09-11
K121220000,20,CHF,2010-01-15
K121370000,10,CHF,2008-04-10
K121600000,90,CHF,2006-08-01
K121850000,20,CHF,2006-07-24
K122060000,90,CHF,2006-07-24
K122310000,20,CHF,2006-07-24
K122350000,10,CHF,2006-07-24
K122540000,20,CHF,2006-07-24
K122600000,20,CHF,2006-07-24
K122910000,20,CHF,2010-02-23
K122960000,20,CHF,2006-07-24
K123010000,20,CHF,2013-07-31
K123060000,90,CHF,2006-07-24
K123140000,20,CHF,2006-07-24
K123160000,90,CHF,2009-02-09
K123330000,20,CHF,2006-07-24
K123350000,10,CHF,2006-08-14
K123540000,20,CHF,2012-02-22
K123570000,20,CHF,2006-07-24
K123620000,10,CHF,2015-08-14
K129100000,20,CHF,2006-07-24
K129120000,20,CHF,2006-07-24
K129300000,20,CHF,2006-07-24
K129670000,20,CHF,2006-09-20
K130180000,20,CHF,2006-07-24
K130210000,20,CHF,2006-07-24
K131060000,20,CHF,2006-07-24
K131180000,90,CHF,2006-07-24
K131190000,20,CHF,2006-08-30
K131520001,20,CHF,2009-06-10
K131700000,10,CHF,2008-06-23
K123860000,90,CHF,2007-07-03
K123880000,10,CHF,2007-08-14
K123930000,20,CHF,2006-07-24
K124220000,20,CHF,2006-07-24
K124300000,20,CHF,2007-01-15
K124670000,90,CHF,2006-07-24
K124770000,20,CHF,2013-10-21
K125180000,20,EUR,2006-07-24
K125250000,20,CHF,2006-07-24
K125440000,90,CHF,2007-09-21
K125580000,90,CHF,2008-02-21
K125710000,90,CHF,2010-03-03
K125860006,20,CHF,2006-07-28
K125870000,90,CHF,2006-07-24
K125960000,90,CHF,2006-08-01
K017860000,20,CHF,2016-07-15
K004870000,10,CHF,2016-07-19
K03288AAB0,90,EUR,2016-07-26
K150331166,90,CHF,2016-07-26
K01286DIU0,90,CHF,2016-07-27
K005160000,20,CHF,2016-07-28
K143530000,20,CHF,2016-07-29
K160710000,90,CHF,2016-08-02
K11285AGR0,20,CHF,2016-08-02
K07393ATU0,90,EUR,2016-08-08
K07393ATO0,90,EUR,2016-08-08
K07393ATW0,90,EUR,2016-08-08
K01286DJD0,20,CHF,2016-08-09
K130830000,90,CHF,2016-08-11
K07393AUI0,90,EUR,2016-09-06
K004750000,20,CHF,2016-09-07
K04370AJG0,20,CHF,2016-09-07
K04370AJI0,20,CHF,2016-09-07
K11285AHA0,20,CHF,2016-10-05
K11285AHB0,20,CHF,2016-10-05
K07393AUT0,90,EUR,2016-10-06
K08095AAW0,20,CHF,2016-10-10
K10100CRE0,90,EUR,2014-08-05
K10100CSY0,90,EUR,2014-09-15
K10100CUJ0,90,EUR,2014-10-08
K10100CVI0,90,EUR,2014-11-12
K10100DDY0,90,EUR,2015-04-08
K10100DED0,90,EUR,2015-04-08
K10100DMO0,90,EUR,2015-09-10
K01286DMK0,20,CHF,2016-10-20
K004450000,20,CHF,2016-10-21
K01286DML0,20,CHF,2016-10-24
K161080000,20,CHF,2016-10-24
K14542AEI0,20,CHF,2016-09-01
K14542AEJ0,90,CHF,2016-09-01
K01286DKF0,20,CHF,2016-09-01
K02152AGQ0,20,CHF,2016-09-05
K01286DKH0,20,CHF,2016-09-05
K01286DKJ0,90,CHF,2016-09-06
K126050000,20,CHF,2006-07-24
K126140000,20,CHF,2011-09-09
K131810000,20,CHF,2009-09-15
K132370000,20,CHF,2015-04-17
K132480000,20,CHF,2015-08-07
K132550000,90,CHF,2006-07-24
K132700000,20,CHF,2012-04-25
K132740000,20,CHF,2006-07-24
K132770000,20,CHF,2006-07-24
K132880000,20,CHF,2011-03-10
K133000000,90,CHF,2010-02-22
K133170000,90,CHF,2006-07-24
K133180000,20,CHF,2006-07-24
K133270000,20,CHF,2006-07-24
K133280000,90,CHF,2006-07-24
K133330000,20,CHF,2006-11-10
K133380000,20,CHF,2006-07-24
K133540000,90,CHF,2006-07-24
K133550000,20,CHF,2007-10-25
K133740000,20,CHF,2006-07-24
K126350000,20,CHF,2006-07-24
K126580000,20,CHF,2007-10-01
K126590000,90,CHF,2006-07-24
K136350000,20,CHF,2016-02-17
K136410000,90,CHF,2006-07-24
K136540000,90,CHF,2006-07-24
K13666AAA0,90,CHF,2010-08-23
K137070000,20,CHF,2009-07-27
K137270000,90,CHF,2007-05-29
K137310000,90,CHF,2006-07-24
K137330000,10,CHF,2006-07-24
K137460000,90,CHF,2006-09-14
K137520000,20,CHF,2006-07-24
K137610000,20,CHF,2008-04-15
K07393AIO0,90,EUR,2014-10-14
K07393AIP0,90,EUR,2014-10-15
K07393AJD0,90,EUR,2014-10-15
K07393AJF0,90,EUR,2014-10-15
K07393AJO0,90,EUR,2014-10-29
K07393AJR0,90,EUR,2014-10-29
K07393AJS0,90,EUR,2014-10-29
K07393AJT0,90,EUR,2014-10-29
K07393AJU0,90,EUR,2014-10-29
K07393AKA0,90,EUR,2014-11-12
K07393AKF0,90,EUR,2014-11-27
K07393AKO0,90,EUR,2014-12-16
K07393AMD0,90,EUR,2015-04-17
K07393AMZ0,90,EUR,2015-07-13
K07393ANO0,90,EUR,2015-07-13
K07393APB0,90,EUR,2015-09-17
K07393AQA0,90,EUR,2015-11-04
K07393AQC0,90,EUR,2015-11-05
K07393AQD0,90,EUR,2015-11-06
K07393AQH0,90,EUR,2015-12-03
K07393AQP0,90,EUR,2015-12-03
K071990000,20,CHF,2006-07-24
K072370000,10,CHF,2013-03-07
K080940000,20,CHF,2009-06-19
K08095AAK0,20,CHF,2012-05-15
K08095AAP0,20,CHF,2012-07-18
K081100000,90,CHF,2006-07-24
K081550000,20,CHF,2006-07-24
K081560000,90,CHF,2006-07-24
K081640000,90,CHF,2006-07-24
K081710000,90,CHF,2007-09-07
K081750000,90,CHF,2010-11-12
K081890000,20,CHF,2006-07-24
K082090000,90,CHF,2006-08-01
K082140000,90,CHF,2006-07-24
K082600000,20,CHF,2006-07-24
K082790000,20,CHF,2006-07-24
K082800000,20,CHF,2006-07-24
K07393ARB0,90,EUR,2016-02-29
K07393ARC0,90,EUR,2016-02-29
K07393ARG0,90,EUR,2016-02-29
K07393ARQ0,90,EUR,2016-03-09
K073960000,20,CHF,2006-07-24
K074050000,20,CHF,2006-07-24
K074190000,10,CHF,2006-07-24
K074250000,10,CHF,2006-07-24
K074510000,20,CHF,2006-07-24
K074990000,90,CHF,2006-07-24
K075050000,10,CHF,2006-07-24
K075080000,90,CHF,2006-07-24
K075110000,20,CHF,2006-08-01
K075140000,20,CHF,2016-03-22
K075190000,20,CHF,2006-07-24
K075290000,90,CHF,2006-07-24
K075630000,90,CHF,2006-07-24
K075650000,20,CHF,2014-11-24
K075680000,20,CHF,2006-07-24
K075700000,20,CHF,2015-03-03
K075790000,20,CHF,2008-10-02
K082810000,90,CHF,2009-12-18
K082980000,90,CHF,2015-10-13
K083150001,90,CHF,2012-06-06
K083330000,90,CHF,2006-08-01
K083380000,20,CHF,2006-07-28
K083610000,20,CHF,2006-07-24
K083670000,20,CHF,2009-05-07
K083680000,20,CHF,2011-09-09
K083930000,20,CHF,2006-07-24
K084040000,10,CHF,2007-10-22
K084050000,90,CHF,2008-10-02
K084380000,20,CHF,2007-09-25
K084720000,20,CHF,2015-10-15
K084940000,20,CHF,2006-07-24
K085060000,10,CHF,2006-07-24
K085280000,20,CHF,2006-07-24
K085320000,90,CHF,2006-07-24
K085380000,20,CHF,2010-10-19
K085400000,10,CHF,2006-07-24
K085580000,20,CHF,2013-03-20
K085650001,20,CHF,2014-11-11
K085740000,90,CHF,2007-11-29
K085950000,20,CHF,2013-10-01
K085990000,90,CHF,2006-07-24
K045070000,20,CHF,2016-09-14
K093460000,20,CHF,2016-09-14
K034510000,20,CHF,2016-09-14
K004680000,20,CHF,2016-09-15
K027110000,20,CHF,2016-09-16
K01286DLC0,20,CHF,2016-09-19
K01286DLF0,20,CHF,2016-09-19
K031530000,20,CHF,2016-09-20
K004640000,20,CHF,2016-09-20
K01286DLL0,20,CHF,2016-09-26
K150331175,90,CHF,2016-09-28
K082250000,20,CHF,2016-09-29
K004580000,20,CHF,2016-09-29
K060900002,90,CHF,2016-09-29
K160990000,20,CHF,2016-10-04
K01286DMB0,20,CHF,2016-10-13
K01286DMG0,20,CHF,2016-10-17
K178590000,10,CHF,2016-10-18
K027650000,90,CHF,2016-10-18
K004430000,20,CHF,2016-10-27
K17719AMX0,20,CHF,2016-10-27
K07393AVE0,90,EUR,2016-11-02
K00500ADX0,20,CHF,2016-11-03
K11285AHF0,20,CHF,2016-11-03
K01286DMV0,20,CHF,2016-11-03
K024920000,20,CHF,2016-11-08
K003990000,20,CHF,2016-11-09
K14542AEK0,20,CHF,2016-11-09
K11285AHH0,20,CHF,2016-11-30
K114910000,20,CHF,2016-12-01
K161210000,10,CHF,2016-12-01
K161220000,90,CHF,2016-12-06
K11285AHI0,20,CHF,2016-12-07
K07393AVW0,90,EUR,2016-12-07
K083720000,20,CHF,2016-12-07
K004320000,20,CHF,2016-12-08
K10100CFH0,90,EUR,2014-01-10
K080210000,20,CHF,2017-01-04
K11285AHK0,20,CHF,2017-01-04
K086030000,20,CHF,2010-12-07
K086120000,90,CHF,2007-04-19
K086140000,20,CHF,2007-11-21
K086420000,90,CHF,2006-07-24
K086540000,90,CHF,2013-06-10
K086670000,90,CHF,2006-07-24
K086980000,90,CHF,2006-12-05
K087100000,20,CHF,2006-07-24
K087370000,20,CHF,2015-01-06
K087450000,20,CHF,2006-08-01
K087600000,90,CHF,2006-07-24
K087930000,20,CHF,2013-10-16
K087960000,20,CHF,2010-04-06
K087970000,20,CHF,2010-09-06
K088120000,90,CHF,2006-07-24
K088190000,90,CHF,2011-01-10
K088210000,20,CHF,2015-03-06
K076520000,90,CHF,2006-08-01
K076710000,10,CHF,2006-07-24
K077080000,90,CHF,2007-01-16
K077100000,20,CHF,2006-07-24
K077550000,20,CHF,2014-02-27
K077940000,20,CHF,2006-07-24
K078170000,20,CHF,2010-05-10
K078940000,90,CHF,2006-07-24
K079070000,10,CHF,2006-07-24
K088390000,10,CHF,2006-07-24
K088440000,90,CHF,2007-09-26
K089000000,20,CHF,2006-07-24
K089050000,90,CHF,2006-07-24
K089160000,90,CHF,2006-08-01
K089230000,20,CHF,2006-07-24
K089350000,20,CHF,2006-07-24
K089440000,20,CHF,2006-07-24
K089490000,20,CHF,2006-07-24
K089500000,20,CHF,2010-11-11
K089540000,20,CHF,2012-02-13
K089850000,90,CHF,2006-08-01
K090010000,20,CHF,2006-07-24
K04370AJT0,20,CHF,2017-01-04
K07393AWA0,90,EUR,2017-01-04
K07393AVZ0,90,EUR,2017-01-04
K005200000,20,CHF,2017-01-09
K07393AWJ0,90,EUR,2017-01-18
K01286CKB0,20,CHF,2014-09-24
K004390000,20,CHF,2016-11-10
K161140000,20,CHF,2016-11-10
K004470000,10,EUR,2016-10-18
K01286DNE0,20,CHF,2016-11-11
K004380000,20,CHF,2016-11-11
K01286DNG0,20,CHF,2016-11-14
K044400000,20,CHF,2016-11-15
K043820000,20,CHF,2016-11-24
K01286DNW0,20,CHF,2016-11-24
K01286DNY0,20,CHF,2016-11-25
K005610000,20,CHF,2016-11-28
K01286DOQ0,20,CHF,2016-12-12
K01286DOT0,90,CHF,2016-12-14
K004370000,20,CHF,2016-11-29
K135230000,20,CHF,2017-01-09
K01448EIS0,90,CHF,2013-11-27
K050490000,20,CHF,2017-01-10
K11864ALH0,20,CHF,2017-01-12
K029130000,90,CHF,2017-02-01
K01286CXP0,20,CHF,2015-09-02
K07393AYH0,90,EUR,2017-01-18
K07393AYU0,90,EUR,2017-01-18
K07393AZF0,90,EUR,2017-01-18
K041870000,20,CHF,2017-01-19
K07393AZW0,90,EUR,2017-01-19
K07393BAZ0,90,EUR,2017-01-19
K07393AWK0,90,EUR,2017-01-19
K07393AYR0,90,EUR,2017-01-19
K07393BBA0,90,EUR,2017-01-19
K07393BBE0,90,EUR,2017-01-19
K004230000,90,CHF,2017-01-19
K07393AYJ0,90,EUR,2017-01-19
K07393AYK0,90,EUR,2017-01-19
K090130000,20,CHF,2008-06-26
K090160000,90,CHF,2009-07-24
K090220000,10,CHF,2006-07-24
K090370001,90,CHF,2007-06-07
K09037AAA0,90,CHF,2008-10-13
K09037AAD0,90,CHF,2009-01-27
K079430000,90,CHF,2008-04-09
K079740000,90,CHF,2006-07-24
K079980000,20,CHF,2006-07-24
K080170000,10,CHF,2007-04-27
K080260000,20,CHF,2006-07-24
K080480000,90,CHF,2006-07-24
K080640000,10,CHF,2006-07-24
K080750000,20,CHF,2006-07-24
K091750000,90,CHF,2006-07-24
K091770000,20,CHF,2007-03-27
K091810000,20,CHF,2013-10-14
K092570000,20,CHF,2006-07-24
K092670000,20,CHF,2012-02-22
K092680000,20,CHF,2013-03-20
K092870000,20,CHF,2009-01-19
K093000000,90,CHF,2007-05-04
K093090000,20,CHF,2006-07-24
K093100000,20,CHF,2008-10-16
K093250000,20,CHF,2006-07-24
K093330000,20,CHF,2006-07-24
K093340000,20,CHF,2006-07-24
K093350000,20,CHF,2008-06-12
K093410000,20,CHF,2015-04-21
K093430000,20,CHF,2013-09-06
K093520000,20,CHF,2006-07-24
K093590000,20,CHF,2006-07-24
K093660000,20,CHF,2013-06-06
K094000000,20,CHF,2006-07-24
K094310000,20,CHF,2006-07-24
K094350000,20,CHF,2013-08-27
K094750002,20,CHF,2009-04-06
K095050000,90,CHF,2006-07-24
K095060000,20,EUR,2015-02-23
K07393AZD0,90,EUR,2017-01-19
K07393BBB0,90,EUR,2017-01-19
K01286DQB0,90,CHF,2017-01-23
K01286DPV0,20,CHF,2017-01-23
K02151ART0,20,CHF,2017-01-23
K01286DQF0,20,CHF,2017-01-25
K17719ANE0,20,CHF,2017-01-26
K165270000,90,CHF,2017-02-13
K01286DQX0,20,CHF,2017-02-13
K057890000,20,EUR,2017-02-16
K01286DQY0,20,CHF,2017-02-16
K097330000,20,CHF,2017-02-16
K031840001,20,CHF,2017-02-17
K04370AJY0,20,CHF,2017-02-01
K064620000,90,CHF,2017-02-03
K07393BBG0,90,EUR,2017-02-07
K097310000,20,CHF,2017-02-08
K02152ACF0,20,CHF,2015-03-23
K10100DCF0,90,EUR,2015-03-13
K10100DND0,90,EUR,2015-10-06
K01286DRD0,20,CHF,2017-03-07
K045640000,20,CHF,2017-03-07
K01286DRI0,20,CHF,2017-03-07
K04370AKD0,20,CHF,2017-03-07
K04370AKF0,20,CHF,2017-03-07
K136970000,20,CHF,2017-03-08
K07393BCC0,90,EUR,2017-03-08
K119060000,20,CHF,2017-03-13
K01286DSP0,20,CHF,2017-03-14
K01286DRS0,20,CHF,2017-03-14
K01286DRT0,20,CHF,2017-03-14
K01286DSA0,20,CHF,2017-03-14
K01286DSE0,20,CHF,2017-03-14
K01286DRB0,20,CHF,2017-02-20
K004130000,20,CHF,2017-02-22
K17719ANH0,20,CHF,2017-02-24
K024940000,20,CHF,2017-03-02
K165280000,20,CHF,2017-03-02
K004070000,20,CHF,2017-03-03
K095180000,20,CHF,2009-06-12
K095660000,20,CHF,2006-07-24
K095790000,90,CHF,2010-06-15
K095940000,20,CHF,2006-07-24
K096250000,90,CHF,2008-08-05
K096400000,90,CHF,2006-07-24
K096470000,20,CHF,2013-06-14
K09037AAY0,90,CHF,2010-08-27
K09037ABG0,90,CHF,2010-08-27
K09037ABJ0,90,CHF,2010-08-27
K09037ABK0,90,CHF,2010-08-27
K09037ABY0,90,CHF,2010-09-29
K09037ACH0,90,CHF,2012-03-19
K09037ADD0,90,CHF,2014-01-22
K09037ADH0,90,CHF,2014-03-12
K09037ADM0,90,CHF,2014-07-01
K09037ADP0,90,CHF,2014-07-01
K09037ADY0,90,CHF,2014-08-14
K09037AEC0,90,CHF,2014-12-15
K09037AED0,90,CHF,2014-12-15
K090960000,20,CHF,2008-08-08
K090990000,20,EUR,2015-08-10
K091040000,90,CHF,2006-07-24
K091080000,20,CHF,2006-07-24
K091180000,90,CHF,2006-07-24
K091490000,90,CHF,2006-07-24
K091590000,20,CHF,2006-07-24
K10100ABY0,90,EUR,2012-07-26
K10100ABZ0,90,EUR,2012-07-26
K10100ACC0,90,EUR,2012-07-26
K10100ACP0,90,EUR,2012-07-26
K10100ADE0,90,EUR,2012-07-26
K10100ADM0,90,EUR,2012-07-26
K10100AEA0,90,EUR,2012-07-26
K10100AEM0,90,EUR,2012-07-26
K10100AEP0,90,EUR,2012-07-26
K10100AFE0,90,EUR,2012-07-26
K10100AFX0,90,EUR,2012-07-26
K10100AGA0,90,EUR,2012-07-26
K10100AGE0,90,EUR,2012-07-26
K029150000,20,CHF,2017-03-06
K01286DSQ0,20,CHF,2017-03-17
K01286CUL0,20,CHF,2015-06-19
K01286DCH0,20,CHF,2016-02-17
K01286DDZ0,20,CHF,2016-03-21
K07112AKL0,20,CHF,2014-08-07
K07112AKM0,20,CHF,2014-08-07
K07393ASD0,90,EUR,2016-04-05
K01286DSV0,20,CHF,2017-03-24
K01286DST0,20,CHF,2017-03-24
K01286CZA0,20,CHF,2015-10-28
K01286CZD0,20,CHF,2015-10-28
K01286DCO0,20,CHF,2016-02-18
K01286DCZ0,20,CHF,2016-03-01
K07393APE0,90,EUR,2015-09-17
K074080000,20,CHF,2017-03-28
K079520000,90,CHF,2017-03-30
K10100DPC0,90,EUR,2017-03-30
K10100DPD0,90,EUR,2017-03-30
K10100DPE0,90,EUR,2017-03-30
K10100DPG0,90,EUR,2017-03-30
K10100DQJ0,90,EUR,2017-04-03
K10100DQL0,90,EUR,2017-04-03
K10100DRC0,90,EUR,2017-04-03
K095200000,90,EUR,2019-07-03
K10100FGC0,90,EUR,2019-05-08
K10100FGF0,90,EUR,2019-05-08
K10100FGH0,90,EUR,2019-05-08
K07393BKQ0,90,EUR,2019-05-08
K005940000,20,CHF,2019-05-09
K01286FVV0,20,CHF,2019-05-13
K01286FWA0,20,CHF,2019-05-13
K01286FWM0,20,CHF,2019-05-20
K018500000,90,CHF,2019-05-21
K07393BLE0,90,EUR,2019-06-07
K01286FYC0,20,CHF,2019-06-11
K118070000,20,EUR,2019-06-14
K025190000,20,CHF,2019-06-14
K118090000,20,CHF,2019-06-19
K10100AGR0,90,EUR,2012-08-08
K10100AGU0,90,EUR,2012-08-08
K10100AGY0,90,EUR,2012-08-08
K10100AHB0,90,EUR,2012-08-08
K10100AHW0,90,EUR,2012-08-08
K10100AHZ0,90,EUR,2012-08-08
K10100AIJ0,90,EUR,2012-08-08
K10100AIK0,90,EUR,2012-08-08
K10100AIT0,90,EUR,2012-08-08
K10100AIY0,90,EUR,2012-08-08
K10100AJD0,90,EUR,2012-08-08
K10100AJO0,90,EUR,2012-08-08
K10100AJP0,90,EUR,2012-08-08
K10100AJR0,90,EUR,2012-08-08
K10100AKK0,90,EUR,2012-08-08
K10100AKM0,90,EUR,2012-08-08
K10100AKS0,90,EUR,2012-08-08
K10100ALC0,90,EUR,2012-08-08
K10100ALG0,90,EUR,2012-08-08
K10100ALJ0,90,EUR,2012-08-09
K10100ALP0,90,EUR,2012-08-08
K10100AMJ0,90,EUR,2012-10-17
K10100AML0,90,EUR,2012-10-17
K10100AMY0,90,EUR,2012-10-17
K10100ANA0,90,EUR,2012-10-17
K10100ANI0,90,EUR,2012-10-17
K10100ANR0,90,EUR,2012-10-17
K10100ANZ0,90,EUR,2012-10-17
K10100AOY0,90,EUR,2012-10-17
K10100APA0,90,EUR,2012-10-17
K10100APH0,90,EUR,2012-10-17
K10100API0,90,EUR,2012-10-17
K10100APJ0,90,EUR,2012-10-17
K10100APN0,90,EUR,2012-10-17
K10100APU0,90,EUR,2012-10-17
K10100AQH0,90,EUR,2012-10-17
K10100AQS0,90,EUR,2012-10-24
K10100ARA0,90,EUR,2012-10-24
K10100ARN0,90,EUR,2012-10-24
K17719AQQ0,90,CHF,2019-07-15
K04370AMH0,20,CHF,2019-07-08
K02151AWS0,20,CHF,2019-07-08
K02151AWT0,20,CHF,2019-07-08
K162740000,20,CHF,2019-07-23
K118320000,10,CHF,2019-07-25
K118370000,10,CHF,2019-07-26
K025330000,20,CHF,2019-07-29
K01286FZZ0,20,CHF,2019-07-31
K01286GAA0,20,CHF,2019-07-31
K01286GAJ0,20,CHF,2019-07-31
K01286GAG0,20,CHF,2019-07-31
K01286GAO0,20,CHF,2019-07-31
K10100FKF0,90,EUR,2019-08-05
K10100FKI0,90,EUR,2019-08-05
K10100FKQ0,90,EUR,2019-08-05
K10100FKS0,90,EUR,2019-08-05
K14542AEU0,20,CHF,2019-08-06
K07393BLR0,90,EUR,2019-08-07
K07393BLS0,90,EUR,2019-08-07
K025370000,20,CHF,2019-08-07
K01286GBQ0,20,CHF,2019-08-12
K085890000,10,CHF,2019-08-12
K118790000,10,CHF,2019-08-15
K118830000,20,CHF,2019-08-19
K162680000,20,CHF,2019-07-15
K162700000,20,CHF,2019-07-15
K01111KD05,20,CHF,2019-07-16
K01111KJ02,20,CHF,2019-07-16
K01286FZV0,20,CHF,2019-07-17
K01286GCK0,20,CHF,2019-08-27
K10100FKX0,90,EUR,2019-09-03
K10100FLB0,90,EUR,2019-09-03
K10100FLD0,90,EUR,2019-09-03
K10100FLF0,90,EUR,2019-09-03
K10100FLS0,90,EUR,2019-09-03
K10100FLT0,90,EUR,2019-09-03
K07393BLV0,90,EUR,2019-09-09
K10100FME0,90,EUR,2019-10-02
K10100FMG0,90,EUR,2019-10-02
K10100ARO0,90,EUR,2012-10-24
K10100ARU0,90,EUR,2012-10-24
K10100ASW0,90,EUR,2012-10-24
K10100ATH0,90,EUR,2012-10-24
K10100ATQ0,90,EUR,2012-10-24
K10100AUC0,90,EUR,2012-10-24
K10100AUQ0,90,EUR,2012-11-19
K10100AUR0,90,EUR,2012-11-19
K10100AVB0,90,EUR,2012-11-19
K10100AVM0,90,EUR,2012-11-19
K10100AVO0,90,EUR,2012-11-19
K10100AWN0,90,EUR,2012-11-19
K10100AWO0,90,EUR,2012-11-19
K10100AXP0,90,EUR,2012-11-19
K10100AYD0,90,EUR,2012-11-19
K10100AYF0,90,EUR,2012-12-10
K10100AYG0,90,EUR,2012-12-10
K10100AYP0,90,EUR,2012-12-10
K10100AZA0,90,EUR,2012-12-10
K10100BBE0,90,EUR,2013-01-17
K10100BBI0,90,EUR,2013-01-17
K10100BBK0,90,EUR,2013-01-17
K10100BBN0,90,EUR,2013-01-17
K10100BCE0,90,EUR,2013-01-17
K10100BCI0,90,EUR,2013-01-17
K10100BCJ0,90,EUR,2013-01-17
K10100BCT0,90,EUR,2013-01-17
K10100BCU0,90,EUR,2013-01-17
K10100BCW0,90,EUR,2013-01-17
K10100BCX0,90,EUR,2013-01-17
K096530000,20,CHF,2010-03-22
K096710002,20,CHF,2008-03-19
K096710004,90,CHF,2008-07-14
K096710007,20,CHF,2011-01-20
K09671AAH0,20,CHF,2009-06-11
K09671AAI0,20,CHF,2009-08-17
K09671AAL0,20,CHF,2009-09-22
K09671AAO0,20,CHF,2009-11-02
K09671XXXX,20,CHF,2012-04-18
K10100FMK0,90,EUR,2019-10-02
K10100FMP0,90,EUR,2019-10-02
K10100FNC0,90,EUR,2019-10-02
K01286GDX0,20,CHF,2019-09-17
K01286GEG0,20,CHF,2019-09-17
K16267XXXX,90,CHF,2019-09-20
K162860000,10,CHF,2019-09-20
K025830000,10,CHF,2019-09-25
K01286GFA0,20,CHF,2019-09-30
K01286GFF0,20,CHF,2019-09-30
K01286GFG0,20,CHF,2019-09-30
K119490000,90,CHF,2019-11-01
K10100FNL0,90,EUR,2019-11-05
K10100FNN0,90,EUR,2019-11-05
K10100FNV0,90,EUR,2019-11-05
K10100FNW0,90,EUR,2019-11-05
K10100FND0,90,EUR,2019-10-02
K163200000,10,CHF,2019-10-04
K01286GFI0,20,CHF,2019-10-07
K163210000,20,CHF,2019-10-08
K163220000,10,CHF,2019-10-09
K163230000,20,EUR,2019-10-10
K014430001,20,CHF,2019-10-11
K01286GFU0,20,CHF,2019-10-14
K01286GFW0,20,CHF,2019-10-14
K164270000,10,CHF,2019-10-21
K020910000,20,CHF,2019-10-24
K01286GHY0,20,CHF,2019-11-18
K01286GID0,20,CHF,2019-11-18
K01286GIC0,20,CHF,2019-11-18
K091380000,90,CHF,2019-11-22
K163500000,20,CHF,2019-11-28
K01286GIQ0,20,CHF,2019-12-02
K01286GIU0,20,CHF,2019-12-02
K01286GIX0,20,CHF,2019-12-02
K01286GIY0,20,CHF,2019-12-02
K132130000,20,CHF,2019-12-03
K01286GHL0,20,CHF,2019-11-11
K01286GHQ0,20,CHF,2019-11-11
K01286GHS0,20,CHF,2019-11-11
K096800000,90,CHF,2007-09-28
K097060000,20,CHF,2006-07-24
K097100000,90,CHF,2006-07-24
K097180000,10,CHF,2006-08-25
K097420000,20,CHF,2006-07-24
K097670000,20,CHF,2006-11-10
K097770000,20,CHF,2006-07-24
K097890000,20,CHF,2014-10-21
K098140000,90,CHF,2012-05-24
K098350000,20,CHF,2015-02-09
K098390000,10,CHF,2006-07-24
K098790000,90,CHF,2008-04-29
K098890000,20,CHF,2006-07-24
K098970000,90,CHF,2011-06-21
K099000000,20,CHF,2006-07-24
K099050000,10,CHF,2006-07-24
K099130000,90,CHF,2010-02-11
K099260000,10,CHF,2006-07-24
K099390000,90,CHF,2013-03-27
K099640000,20,CHF,2007-02-06
K09974AAAA,90,CHF,2008-04-22
K09974AAS0,90,CHF,2009-09-28
K09974AAU0,20,CHF,2009-09-28
K09974ABC0,90,CHF,2010-04-27
K09974ABX0,90,CHF,2010-04-27
K09974ACM0,90,CHF,2010-04-27
K09974ACP0,90,CHF,2010-04-27
K09974ACT0,90,CHF,2010-04-27
K09974ADC0,90,CHF,2010-04-27
K09974ADD0,90,CHF,2010-04-27
K09974ADG0,90,CHF,2010-04-27
K09974ADI0,90,CHF,2010-04-27
K09974ADT0,90,CHF,2010-04-27
K09974AEB0,90,CHF,2010-04-27
K09974AEE0,90,CHF,2010-04-27
K09974AER0,90,CHF,2010-04-27
K09974AEV0,90,CHF,2010-04-27
K09974AEY0,90,CHF,2010-04-27
K09974AFH0,90,CHF,2010-04-27
K01286GHT0,20,CHF,2019-11-11
K01286GIO0,20,CHF,2019-11-25
K01286GIP0,20,CHF,2019-11-25
K103330001,20,CHF,2019-12-10
K01286GJP0,20,CHF,2019-12-17
K026020000,90,CHF,2019-12-17
K155880000,10,CHF,2020-01-10
K01286GLD0,20,CHF,2020-01-13
K11285ALX0,20,CHF,2020-01-22
K11285ALZ0,20,CHF,2020-01-22
K01286GMA0,20,CHF,2020-01-28
K01286GMB0,20,CHF,2020-01-28
K01286GMD0,20,CHF,2020-01-28
K026900000,90,CHF,2020-01-28
K026940000,20,CHF,2020-01-29
K155900000,20,CHF,2020-01-30
K01286GJB0,20,CHF,2019-12-06
K01286GJK0,20,CHF,2019-12-09
K01286GJZ0,20,CHF,2019-12-23
K01286GKK0,20,CHF,2019-12-23
K01286GKL0,20,CHF,2019-12-23
K01286GKQ0,20,CHF,2019-12-23
K01286GKS0,20,CHF,2019-12-23
K01286GKT0,20,CHF,2019-12-23
K07393BML0,90,EUR,2020-01-08
K07393BMM0,90,EUR,2020-01-08
K01286GNL0,20,CHF,2020-02-17
K051160000,20,CHF,2020-02-18
K080590000,20,CHF,2020-02-28
K051280000,20,CHF,2020-02-28
K051560000,20,CHF,2020-03-03
K01286GMF0,20,CHF,2020-01-31
K01286GMH0,20,CHF,2020-02-03
K01286GMY0,20,CHF,2020-02-03
K051650000,90,CHF,2020-03-10
K150331203,90,CHF,2020-03-10
K051700000,20,CHF,2020-03-10
K150331204,90,CHF,2020-03-11
K01286GQB0,20,CHF,2020-04-06
K01286GQE0,20,CHF,2020-04-06
K09974AFL0,90,CHF,2010-04-27
K09974AFO0,90,CHF,2010-04-27
K09974AFX0,90,CHF,2010-04-27
K09974AGG0,90,CHF,2010-10-05
K09974AGN0,90,CHF,2011-11-22
K09974AGY0,90,CHF,2011-11-22
K09974AHF0,20,CHF,2012-07-23
K099990000,20,CHF,2007-03-01
K100010000,20,EUR,2012-03-16
K100130000,20,CHF,2009-06-26
K100330000,90,CHF,2014-02-12
K100430000,90,CHF,2006-07-24
K100550000,20,CHF,2010-10-08
K100910000,20,CHF,2006-07-24
K10100AAA0,90,EUR,2012-07-26
K10100AAD0,90,EUR,2012-07-26
K10100AAJ0,90,EUR,2012-07-26
K10100AAN0,90,EUR,2012-07-26
K10100AAP0,90,EUR,2012-07-26
K10100ABB0,90,EUR,2012-07-26
K10100ABE0,90,EUR,2012-07-26
K10100CAW0,90,EUR,2013-11-13
K10100CAZ0,90,EUR,2013-11-13
K10100CBU0,90,EUR,2013-11-13
K10100CBV0,90,EUR,2013-11-13
K10100CBW0,90,EUR,2013-11-13
K10100CCE0,90,EUR,2013-11-13
K10100CCK0,90,EUR,2013-11-13
K10100CCX0,90,EUR,2013-12-06
K10100CDH0,90,EUR,2013-12-09
K10100CDP0,90,EUR,2013-12-09
K10100CDZ0,90,EUR,2013-12-09
K10100CEH0,90,EUR,2013-12-09
K10100CEX0,90,EUR,2014-01-10
K10100CFJ0,90,EUR,2014-01-10
K10100CFZ0,90,EUR,2014-01-10
K10100BDE0,90,EUR,2013-01-17
K10100BDM0,90,EUR,2013-01-17
K10100BEE0,90,EUR,2013-02-22
K01286GQF0,20,CHF,2020-04-06
K01286GQG0,20,CHF,2020-04-06
K01286GQI0,20,CHF,2020-04-06
K01286GQN0,20,CHF,2020-04-14
K01286GRF0,20,CHF,2020-04-30
K01286GRG0,20,CHF,2020-04-30
K07393BNC0,90,EUR,2020-05-08
K07393BNE0,90,EUR,2020-05-08
K11285AMH0,20,CHF,2020-03-18
K01286GPD0,20,CHF,2020-03-24
K01286GPE0,20,CHF,2020-03-24
K01286GPG0,20,CHF,2020-03-24
K01286GPN0,20,CHF,2020-03-24
K074160000,20,CHF,2020-03-26
K00500AFJ0,20,CHF,2020-03-27
K00500AFL0,20,CHF,2020-03-27
K00500AFR0,20,CHF,2020-03-27
K00500AFV0,20,CHF,2020-03-27
K01286GPT0,20,CHF,2020-03-30
K01286GPW0,20,CHF,2020-03-30
K00500AGG0,20,CHF,2020-04-01
K00500AGK0,20,CHF,2020-04-01
K00500AGP0,20,CHF,2020-04-01
K11285AMJ0,20,CHF,2020-04-17
K01286GQQ0,20,CHF,2020-04-27
K036440000,20,CHF,2020-05-28
K01286GTA0,20,CHF,2020-06-04
K01286GTB0,20,CHF,2020-06-04
K01286GTC0,20,CHF,2020-06-04
K01286GTD0,20,CHF,2020-06-04
K01286GTJ0,20,CHF,2020-06-04
K01286GTL0,90,CHF,2020-06-04
K01286GSS0,20,CHF,2020-05-25
K01286GST0,20,CHF,2020-05-25
K01286GSU0,20,CHF,2020-05-25
K00500AGT0,20,CHF,2020-06-11
K036980000,10,CHF,2020-06-11
K01286GTY0,20,CHF,2020-06-15
K01286GUJ0,20,CHF,2020-06-15
K018890000,20,CHF,2020-06-17
K037120000,10,CHF,2020-06-21
K01286GUO0,20,CHF,2020-06-22
K01286GVP0,20,CHF,2020-07-13
K01286GVU0,20,CHF,2020-07-13
K164390000,20,CHF,2020-07-22
K02151AYD0,20,CHF,2020-07-27
K02151AYF0,20,CHF,2020-07-27
K17719AQX0,20,CHF,2020-08-24
K01286GXK0,20,CHF,2020-08-26
K01286GXM0,20,CHF,2020-08-26
K020600000,10,CHF,2020-08-31
K01286GVD0,20,CHF,2020-06-29
K037280000,20,CHF,2020-06-29
K11285AMQ0,20,CHF,2020-07-02
K109190000,20,CHF,2020-07-03
K01286GVG0,20,CHF,2020-07-06
K01286GVH0,20,CHF,2020-07-06
K01286GVI0,20,CHF,2020-07-06
K01286GWR0,20,CHF,2020-08-04
K164490000,20,CHF,2020-08-04
K164620000,20,CHF,2020-08-07
K01286GYQ0,20,CHF,2020-09-11
K01286GYW0,20,CHF,2020-09-14
K01286GYX0,20,CHF,2020-09-14
K01286GYY0,20,CHF,2020-09-14
K17719ARC0,20,CHF,2020-09-16
K021090000,20,CHF,2020-09-16
K01286GZR0,20,CHF,2020-10-07
K17719ARE0,20,CHF,2020-10-12
K077590000,20,CHF,2020-10-12
K01286HAG0,20,CHF,2020-10-13
K02151AYM0,20,CHF,2020-10-14
K077760000,20,CHF,2020-10-16
K118490000,20,CHF,2020-10-20
K078510000,20,CHF,2020-11-06
K01286HBU0,20,CHF,2020-11-10
K01286HBX0,20,CHF,2020-11-10
K01286HBZ0,20,CHF,2020-11-10
K01286HCF0,20,CHF,2020-11-17
K057200000,20,CHF,2020-12-08
K10100BEK0,90,EUR,2013-02-22
K10100BEO0,90,EUR,2013-02-22
K10100BES0,90,EUR,2013-02-22
K10100BFL0,90,EUR,2013-02-22
K10100BFM0,90,EUR,2013-02-22
K10100BFP0,90,EUR,2013-02-22
K10100BFQ0,90,EUR,2013-02-22
K10100BFW0,90,EUR,2013-02-22
K10100BGC0,90,EUR,2013-02-22
K10100BGQ0,90,EUR,2013-03-11
K10100BHS0,90,EUR,2013-03-11
K10100BHU0,90,EUR,2013-03-11
K10100BHW0,90,EUR,2013-03-11
K10100BID0,90,EUR,2013-03-11
K10100BII0,90,EUR,2013-03-11
K10100BJT0,90,EUR,2013-03-11
K10100BJU0,90,EUR,2013-03-11
K10100BJZ0,90,EUR,2013-04-10
K10100BKA0,90,EUR,2013-03-11
K10100BKD0,90,EUR,2013-04-10
K10100BKS0,90,EUR,2013-04-10
K10100BLT0,90,EUR,2013-04-10
K10100BMA0,90,EUR,2013-04-10
K10100BMH0,90,EUR,2013-04-10
K10100BMY0,90,EUR,2013-05-13
K10100BNC0,90,EUR,2013-05-13
K10100BNI0,90,EUR,2013-05-13
K027990001,20,CHF,2006-08-10
K028080000,20,CHF,2006-07-24
K028290000,20,CHF,2006-07-24
K028300000,20,CHF,2006-07-24
K028330000,20,CHF,2015-03-31
K02868AAA0,90,CHF,2011-07-07
K028840000,90,CHF,2006-07-24
K028870000,10,CHF,2006-07-24
K02892AAA0,90,CHF,2008-09-17
K02892AAG0,90,CHF,2008-10-15
K02892AAH0,90,CHF,2008-10-16
K02892AAI0,90,CHF,2008-10-16
K057210000,20,CHF,2020-12-08
K01286HDP0,20,CHF,2020-12-08
K01286HDQ0,20,CHF,2020-12-08
K01286HDU0,20,CHF,2020-12-08
K01286HEB0,20,CHF,2020-12-16
K01286HEC0,20,CHF,2020-12-16
K01286HED0,20,CHF,2020-12-16
K01286GYK0,20,CHF,2020-09-03
K020630000,20,CHF,2020-09-04
K077370000,20,CHF,2020-09-21
K01286GZG0,20,CHF,2020-09-21
K01286GZJ0,20,CHF,2020-09-21
K02151AYG0,20,CHF,2020-09-23
K11285ANC0,20,CHF,2020-09-23
K077470000,20,CHF,2020-10-05
K01286HBI0,20,CHF,2020-11-03
K01286HBK0,20,CHF,2020-11-03
K01286HBP0,20,CHF,2020-11-03
K01286HBQ0,20,CHF,2020-11-03
K01286HBS0,20,CHF,2020-11-03
K01286HCS0,20,CHF,2020-11-25
K01286HDF0,20,CHF,2020-11-26
K01286HDI0,20,CHF,2020-11-30
K015950001,20,CHF,2020-12-01
K100510000,20,CHF,2021-01-05
K11285ANK0,20,CHF,2021-01-05
K11285ANQ0,20,CHF,2021-01-06
K11285ANV0,20,CHF,2021-01-06
K057300000,20,CHF,2020-12-16
K057310000,90,CHF,2020-12-17
K057320000,10,CHF,2020-12-18
K17719ARP0,20,CHF,2021-01-14
K17719ARQ0,20,CHF,2021-01-14
K01286HFK0,20,CHF,2021-01-14
K057510000,20,CHF,2021-01-15
K165370000,20,CHF,2021-01-15
K165410000,20,CHF,2021-01-20
K01286HHB0,20,CHF,2021-02-11
K01286HHL0,20,CHF,2021-02-16
K01286HHN0,20,CHF,2021-02-16
K02892AAS0,90,CHF,2009-03-12
K02892AAV0,90,CHF,2009-10-09
K02892ABB0,90,CHF,2010-08-04
K028940000,20,CHF,2006-07-24
K029260000,10,CHF,2011-06-23
K029450000,10,CHF,2007-01-26
K029580000,90,CHF,2008-05-19
K029670000,20,CHF,2009-09-29
K029720000,20,CHF,2013-12-18
K029820000,90,CHF,2006-09-19
K029880000,20,CHF,2006-07-24
K029980000,10,CHF,2013-08-21
K030000000,90,CHF,2006-07-24
K030600000,20,CHF,2006-07-24
K030680000,20,CHF,2006-07-24
K030690000,20,CHF,2006-11-21
K022220003,90,CHF,2006-07-27
K022220007,90,CHF,2007-08-17
K022490000,20,CHF,2006-07-24
K022500000,10,CHF,2007-01-25
K022540000,10,CHF,2006-07-24
K022550000,20,CHF,2007-10-30
K022680000,90,CHF,2006-07-24
K022690000,90,CHF,2007-04-26
K022740000,20,CHF,2008-12-02
K022770000,20,CHF,2006-07-24
K022920000,90,CHF,2006-07-24
K023240000,20,CHF,2006-07-24
K023250000,20,CHF,2007-05-02
K023290000,90,CHF,2013-09-02
K023310000,20,CHF,2014-07-03
K033330006,90,CHF,2006-07-28
K033510000,10,CHF,2009-02-19
K033580000,10,CHF,2006-07-24
K033640000,90,CHF,2006-07-24
K033730000,90,CHF,2006-07-24
K033800000,90,CHF,2006-07-24
K033840000,20,CHF,2006-07-24
K034100000,10,CHF,2010-10-06
K094640000,20,CHF,2021-02-22
K165740000,10,CHF,2021-02-23
K11285ASE0,20,CHF,2021-03-08
K11285ASQ0,20,CHF,2021-03-08
K01286HHV0,20,CHF,2021-03-09
K01286HID0,20,CHF,2021-03-09
K11285AOI0,20,CHF,2021-01-06
K11285AOR0,20,CHF,2021-01-06
K01286HFD0,20,CHF,2021-01-07
K01286HFE0,20,CHF,2021-01-07
K01286HFF0,90,CHF,2021-01-07
K165360001,20,EUR,2021-01-07
K057460000,10,CHF,2021-01-11
K057480000,20,CHF,2021-01-13
K165550000,20,CHF,2021-01-28
K165570000,20,CHF,2021-02-01
K165590000,20,CHF,2021-02-02
K165690000,10,CHF,2021-02-10
K170640001,90,CHF,2014-06-26
K170650000,10,CHF,2008-04-15
K170710000,90,CHF,2009-03-09
K170750000,20,CHF,2009-04-20
K170780000,20,CHF,2009-12-03
K170800000,20,CHF,2011-06-20
K170850000,10,CHF,2012-02-22
K149930000,90,CHF,2006-07-24
K150030000,20,CHF,2006-07-24
K150040000,90,CHF,2006-07-24
K150060000,10,CHF,2007-06-01
K150080000,90,CHF,2008-07-28
K150930000,90,CHF,2007-10-18
K151000000,90,CHF,2008-04-24
K151030000,10,CHF,2006-07-24
K151040000,20,CHF,2006-07-24
K151160001,90,CHF,2011-12-16
K151340000,20,CHF,2006-07-24
K151470000,20,CHF,2009-05-05
K151560007,20,CHF,2007-04-30
K151560013,20,CHF,2007-06-08
K151560022,20,CHF,2008-01-09
K034110000,20,EUR,2006-07-24
K034280000,20,CHF,2007-02-12
K034290000,10,CHF,2007-08-22
K034400000,20,CHF,2015-04-22
K034430000,20,CHF,2015-09-01
K034640000,90,CHF,2006-07-24
K034930000,90,CHF,2006-07-24
K034990000,90,CHF,2012-01-17
K035030000,90,CHF,2015-04-29
K035440000,20,CHF,2006-07-24
K035500000,20,CHF,2006-07-24
K035510000,20,CHF,2006-07-24
K035650000,20,CHF,2012-10-08
K035680000,20,CHF,2007-10-08
K036070000,10,CHF,2006-07-24
K036290000,20,CHF,2012-03-14
K036520000,20,CHF,2006-07-24
K036550000,20,CHF,2006-07-24
K036610000,20,CHF,2006-07-24
K036640000,20,CHF,2012-02-22
K036670000,20,CHF,2012-09-28
K036740000,90,CHF,2008-04-29
K036880000,20,CHF,2016-01-13
K036940000,20,CHF,2006-07-24
K037130000,90,CHF,2006-07-24
K037350000,20,CHF,2012-10-19
K037790000,90,CHF,2009-06-29
K039580000,20,CHF,2006-07-24
K040370000,90,CHF,2009-06-19
K040400000,20,CHF,2013-04-04
K040430000,20,CHF,2006-07-24
K040440000,20,CHF,2011-09-09
K040460000,10,CHF,2006-08-30
K040490002,20,CHF,2009-11-12
K040670000,20,CHF,2006-07-24
K040680000,90,CHF,2006-08-11
K041260000,20,CHF,2006-07-24
K041840000,20,CHF,2006-07-24
K042850000,20,CHF,2006-07-24
K151560030,20,CHF,2008-01-09
K151560032,20,CHF,2008-01-09
K151560038,20,CHF,2008-01-10
K151560039,90,CHF,2008-01-10
K151560041,90,CHF,2008-01-10
K151560054,20,CHF,2008-01-10
K151560059,90,CHF,2008-04-04
K151560066,90,CHF,2008-04-14
K151560068,90,CHF,2008-07-01
K151560070,90,CHF,2008-11-18
K151560074,20,CHF,2009-06-16
K151560085,90,CHF,2011-03-02
K151560086,20,CHF,2011-03-14
K151560092,20,CHF,2012-05-23
K151560096,20,CHF,2013-02-20
K151580000,90,CHF,2006-07-24
K151620000,20,EUR,2010-04-16
K151650000,90,CHF,2006-07-24
K151900000,10,CHF,2006-07-24
K151920000,20,CHF,2006-07-24
K151940000,90,CHF,2008-07-11
K151980000,20,CHF,2011-05-05
K152390000,20,EUR,2006-07-24
K152530000,10,CHF,2007-06-22
K152620000,20,CHF,2006-07-24
K152680001,20,CHF,2010-04-23
K152690000,20,CHF,2008-03-13
K152740000,90,CHF,2006-07-24
K153020000,10,CHF,2006-07-24
K153360000,90,CHF,2006-07-24
K153500000,20,CHF,2009-11-17
K153530000,10,CHF,2009-11-20
K153550000,20,CHF,2006-07-24
K153560000,20,CHF,2006-07-24
K153630000,90,CHF,2006-07-24
K153670000,20,CHF,2006-07-24
K153740000,90,CHF,2006-07-24
K153890000,90,CHF,2006-07-24
K153900000,90,CHF,2008-01-15
K043070000,20,CHF,2012-03-30
K031230000,10,CHF,2006-07-24
K031310000,90,CHF,2009-08-20
K031410000,90,CHF,2009-07-24
K031560000,20,CHF,2014-06-23
K031870000,90,CHF,2006-07-24
K032380000,20,CHF,2015-01-08
K032470000,20,CHF,2006-07-24
K032550000,20,CHF,2013-03-19
K032580000,20,CHF,2012-01-17
K032850000,20,CHF,2009-01-22
K03289AAB0,90,CHF,2014-03-11
K03289AAT0,90,CHF,2014-06-05
K03289ABP0,90,CHF,2014-12-22
K03289ABQ0,90,CHF,2014-12-22
K03289ABR0,90,CHF,2014-12-22
K03289ABT0,90,CHF,2014-12-22
K03289ACD0,90,CHF,2014-12-22
K03289ACE0,90,CHF,2014-12-22
K03289ACF0,90,CHF,2014-12-22
K03289ACQ0,90,CHF,2014-12-22
K03289ACV0,90,CHF,2014-12-22
K03289AEN0,90,CHF,2014-12-22
K03289AER0,90,CHF,2015-03-10
K03289AES0,90,CHF,2015-03-17
K03289AET0,90,CHF,2015-03-23
K03289AEU0,90,CHF,2015-03-23
K03289AEY0,90,CHF,2015-05-11
K03289AEZ0,90,CHF,2015-05-11
K03289AFC0,90,CHF,2015-05-18
K03289AFE0,90,CHF,2015-07-11
K03289AFH0,90,CHF,2015-08-07
K03289AFP0,90,CHF,2016-03-08
K032910000,20,CHF,2014-05-05
K033020000,10,CHF,2012-12-13
K033070000,20,CHF,2006-07-24
K033080000,90,CHF,2008-08-15
K033250000,90,CHF,2006-07-24
K033300000,20,EUR,2007-09-06
K153930000,20,CHF,2006-09-08
K154010000,20,CHF,2006-07-24
K154050000,20,CHF,2007-05-31
K154170000,20,CHF,2006-07-24
K154180000,90,CHF,2006-07-24
K154370000,10,CHF,2006-07-24
K154430000,90,CHF,2009-02-20
K154490000,20,CHF,2011-04-01
K154530000,90,CHF,2006-07-24
K154590000,10,CHF,2007-04-25
K154890000,20,CHF,2006-09-11
K154930000,90,CHF,2010-04-29
K155040000,10,EUR,2011-09-01
K155080000,90,CHF,2012-01-30
K155140000,20,CHF,2012-07-17
K155330000,20,CHF,2015-03-19
K155360000,90,CHF,2015-07-30
K155420000,20,CHF,2016-02-26
K155550000,20,CHF,2007-08-15
K156800000,20,CHF,2006-08-06
K158880000,20,CHF,2011-09-23
K160090000,10,EUR,2015-12-07
K170960000,20,CHF,2012-06-13
K171000000,20,CHF,2009-04-27
K171010000,20,CHF,2008-04-23
K171060000,20,CHF,2008-04-23
K171110000,20,CHF,2008-04-23
K171140000,90,CHF,2008-04-23
K171160000,90,CHF,2008-04-23
K171270000,20,CHF,2008-04-23
K171400000,20,CHF,2008-04-23
K171550000,20,CHF,2013-02-12
K171790000,20,CHF,2008-04-23
K171890000,20,CHF,2008-04-23
K172130000,20,CHF,2008-04-23
K172210000,20,CHF,2009-06-29
K172300000,10,CHF,2008-04-23
K172310000,10,CHF,2008-04-23
K172420000,20,CHF,2008-04-23
K172520000,20,CHF,2008-04-23
K046340000,20,CHF,2006-07-24
K047250000,90,CHF,2006-07-24
K047770000,90,CHF,2006-08-30
K047980000,20,CHF,2013-06-26
K048380000,90,CHF,2007-09-28
K048440000,20,CHF,2006-07-24
K048550000,20,CHF,2008-07-09
K048560000,20,CHF,2009-04-20
K048640000,20,CHF,2015-07-24
K048670000,20,CHF,2006-07-24
K048820000,90,CHF,2008-03-27
K048870000,20,CHF,2006-07-24
K049040000,10,CHF,2006-07-24
K049050000,20,EUR,2015-04-14
K049380001,20,CHF,2015-05-04
K049420000,20,CHF,2006-07-24
K049450000,20,CHF,2012-02-21
K049520000,20,CHF,2006-07-24
K049720000,20,CHF,2014-09-09
K049740000,90,CHF,2010-03-04
K049840000,20,CHF,2006-07-24
K050390000,10,CHF,2006-07-24
K050410000,90,CHF,2006-07-24
K050800000,20,CHF,2006-07-24
K050900000,20,CHF,2006-07-24
K051050000,10,CHF,2007-03-09
K051100000,20,CHF,2006-07-24
K051130000,20,CHF,2008-10-08
K052210000,20,CHF,2006-07-24
K052540000,10,CHF,2006-07-24
K04370AAR0,20,CHF,2014-07-28
K04370AAU0,20,CHF,2014-08-04
K04370AAV0,20,CHF,2014-08-04
K04370ABI0,20,CHF,2014-08-04
K04370ABY0,90,CHF,2014-08-04
K04370ACQ0,20,CHF,2014-08-05
K04370ACX0,20,CHF,2014-11-17
K04370ACY0,20,CHF,2014-11-17
K04370ADB0,20,CHF,2014-12-15
K172610000,90,CHF,2008-04-23
K172770000,10,CHF,2008-04-23
K172820000,90,CHF,2008-04-23
K172850000,90,CHF,2008-04-23
K172940000,20,CHF,2010-01-18
K173040000,20,CHF,2008-04-23
K173060000,20,CHF,2008-04-23
K173110000,10,CHF,2008-04-23
K173150000,20,CHF,2008-04-23
K173360000,90,CHF,2008-04-23
K01286ILK0,20,CHF,2023-01-30
K031080000,20,CHF,2023-02-01
K02503ACX0,20,CHF,2023-02-02
K092960000,20,CHF,2023-02-03
K01795BLB0,20,EUR,2023-02-06
K01795BHT0,20,EUR,2022-12-06
K01795BIC0,20,EUR,2022-12-06
K01795BIP0,20,EUR,2022-12-07
K01286IKS0,20,CHF,2023-01-16
K01286IKY0,20,CHF,2023-01-17
K01286ILT0,20,CHF,2023-02-13
K01286ILW0,20,CHF,2023-02-13
K090700000,20,CHF,2023-02-22
K01286IMH0,20,CHF,2023-02-27
K04230AHZ0,20,CHF,2023-03-01
K04230AIK0,20,CHF,2023-03-01
K04230AIO0,20,CHF,2023-03-01
K01795BNN0,20,EUR,2023-03-02
K01795BNO0,20,EUR,2023-03-02
K01795BNZ0,90,EUR,2023-03-03
K01795BOH0,20,EUR,2023-03-03
K01795BOI0,20,EUR,2023-03-03
K01795BOM0,20,EUR,2023-03-06
K01795BOX0,20,EUR,2023-03-06
K17719BBJ0,20,CHF,2023-03-22
K090770000,20,CHF,2023-03-29
K02151BAV0,20,CHF,2023-03-30
K11285BEL0,90,CHF,2023-03-31
K01286INQ0,20,CHF,2023-04-03
K01286INZ0,20,CHF,2023-04-03
K04370ADE0,20,CHF,2014-12-22
K04370ADS0,20,CHF,2015-03-20
K04370AET0,20,CHF,2015-11-05
K04370AFX0,20,CHF,2016-03-09
K04370AGD0,20,CHF,2016-03-09
K04370AGF0,20,CHF,2016-03-09
K04370AGI0,20,CHF,2016-03-09
K04370AGS0,20,CHF,2016-03-09
K04370AHI0,20,CHF,2016-03-09
K043720000,20,CHF,2014-02-04
K044060000,20,CHF,2006-07-24
K044130000,20,CHF,2014-06-20
K044340000,20,CHF,2012-09-24
K044440000,90,CHF,2006-07-27
K044930000,20,CHF,2012-11-20
K044950000,20,CHF,2006-10-25
K044960000,90,CHF,2007-01-03
K04502AAA0,20,CHF,2010-01-29
K04502AAD0,20,CHF,2010-10-12
K045220000,20,CHF,2006-07-24
K045360000,20,CHF,2012-01-06
K045510000,10,CHF,2006-07-24
K045680000,90,CHF,2008-12-16
K045790000,90,CHF,2006-07-24
K045990000,20,CHF,2011-06-15
K046260000,90,CHF,2012-02-24
K062680000,20,CHF,2009-03-10
K062720000,10,CHF,2006-07-24
K063050000,20,EUR,2011-08-22
K063060000,10,CHF,2006-07-24
K063080000,10,CHF,2006-07-24
K063090000,10,CHF,2007-03-16
K063580003,90,CHF,2009-12-16
K063590000,20,CHF,2006-07-24
K063600000,20,CHF,2006-07-28
K063750000,20,CHF,2010-02-05
K063760000,90,CHF,2006-07-24
K064290000,20,CHF,2006-07-24
K064300000,10,CHF,2006-07-24
K064400000,20,CHF,2006-07-24
K064430000,90,CHF,2006-07-24
K064490000,20,CHF,2008-05-20
K064520000,20,CHF,2009-07-10
K064740000,20,CHF,2006-07-24
K064790000,10,CHF,2011-07-13
K052660000,10,CHF,2012-10-17
K052740000,20,CHF,2007-11-29
K052770000,20,CHF,2013-02-11
K052780000,90,CHF,2013-09-09
K052860000,90,CHF,2006-07-24
K052930000,90,CHF,2006-08-01
K053140000,10,CHF,2006-07-24
K053190000,20,CHF,2008-09-01
K053420000,10,CHF,2016-01-22
K053430000,20,CHF,2006-07-24
K054030000,90,CHF,2013-03-12
K055070000,20,CHF,2006-07-24
K055150000,90,CHF,2006-07-24
K055400000,90,CHF,2010-07-20
K055410000,90,CHF,2006-07-24
K055430000,20,CHF,2007-02-01
K055440000,20,CHF,2008-11-05
K065400000,20,CHF,2006-07-24
K065510000,90,CHF,2007-06-29
K065530000,20,CHF,2011-12-15
K065810000,90,CHF,2008-08-18
K065930000,90,CHF,2006-07-24
K066050000,90,CHF,2009-10-02
K066550000,90,CHF,2006-07-24
K066990001,90,CHF,2008-06-02
K067000000,20,CHF,2015-11-03
K067070000,90,CHF,2006-07-24
K067280000,20,CHF,2006-07-24
K067320000,90,CHF,2010-01-18
K067680000,20,CHF,2006-07-24
K067700000,20,CHF,2008-06-02
K067960000,20,CHF,2014-11-25
K055560000,20,CHF,2016-03-08
K01795BPO0,20,EUR,2023-04-05
K01795BPR0,20,EUR,2023-04-05
K01795BQI0,20,EUR,2023-04-05
K01795BQL0,20,EUR,2023-04-05
K01286IOB0,20,CHF,2023-04-05
K01795BQN0,20,EUR,2023-04-05
K01795BQR0,20,EUR,2023-04-05
K04230AIR0,20,CHF,2023-04-06
K01795BRF0,20,EUR,2023-04-06
K01795BLE0,20,EUR,2023-02-06
K01795BLF0,20,EUR,2023-02-06
K01795BMG0,20,EUR,2023-02-06
K01795BMW0,20,EUR,2023-02-07
K01795BMZ0,20,EUR,2023-02-07
K01795BNH0,20,EUR,2023-02-07
K01286ILO0,20,CHF,2023-02-13
K01286ILR0,20,CHF,2023-02-13
K01286ILS0,20,CHF,2023-02-13
K01795BPF0,20,EUR,2023-03-06
K035410000,20,CHF,2023-03-06
K052460000,20,CHF,2023-03-15
K17719BBF0,20,CHF,2023-03-20
K17719BBH0,20,CHF,2023-03-20
K083090000,20,CHF,2023-03-21
K01286IOF0,20,CHF,2023-04-18
K01286IOH0,20,CHF,2023-04-18
K01286IOJ0,20,CHF,2023-04-18
K01795BTG0,20,EUR,2023-05-03
K11285BEV0,20,CHF,2023-05-03
K023790000,10,CHF,2023-05-03
K090020000,20,CHF,2023-05-05
K11285BEX0,20,CHF,2023-05-08
K13600AAM0,20,CHF,2023-05-09
K01286IPO0,20,CHF,2023-05-10
K01286IPP0,20,CHF,2023-05-10
K02151BAZ0,20,CHF,2023-05-10
K13600AAQ0,20,CHF,2023-05-15
K13600AAX0,20,CHF,2023-05-15
K023830000,20,CHF,2023-05-15
K13600ABC0,20,CHF,2023-05-16
K13600ABE0,20,CHF,2023-05-16
K11285BEZ0,20,CHF,2023-05-22
K01286IPW0,20,CHF,2023-05-23
K01286IPX0,20,CHF,2023-05-23
K023870000,20,CHF,2023-05-25
K079050000,20,CHF,2023-05-31
K17719BCG0,20,CHF,2023-06-01
K11285BER0,20,CHF,2023-04-18
K11285BES0,20,CHF,2023-04-18
K11285BET0,20,CHF,2023-04-19
K023740000,20,CHF,2023-04-25
K01286ION0,20,CHF,2023-04-27
K01286IOQ0,20,CHF,2023-05-02
K01286IOX0,20,CHF,2023-05-02
K01286IOY0,20,CHF,2023-05-02
K01795BRY0,20,EUR,2023-05-03
K01795BSR0,20,EUR,2023-05-03
K01795BSS0,20,EUR,2023-05-03
K01795BSV0,20,EUR,2023-05-03
K01795BTB0,20,EUR,2023-05-03
K01795BTE0,20,EUR,2023-05-03
K078320000,20,CHF,2023-06-14
K023960000,20,CHF,2023-06-20
K17719BCS0,20,CHF,2023-06-22
K037690000,20,CHF,2023-06-26
K04230AKZ0,20,CHF,2023-07-04
K04230ALK0,20,CHF,2023-07-04
K01795BVQ0,20,EUR,2023-07-05
K01795BWF0,20,EUR,2023-07-05
K01795BWL0,20,EUR,2023-07-05
K01795BXB0,20,EUR,2023-07-05
K01286ISW0,20,CHF,2023-07-24
K04611AAE0,20,CHF,2023-07-26
K04611AAQ0,20,CHF,2023-07-27
K04611AAZ0,20,CHF,2023-07-27
K04611ABM0,20,CHF,2023-07-28
K11285BFD0,20,CHF,2023-07-31
K01795BXE0,20,EUR,2023-08-02
K01795BXG0,20,EUR,2023-08-02
K01795BXI0,20,EUR,2023-08-02
K055730000,20,CHF,2006-07-24
K055910000,10,CHF,2006-07-24
K055980000,20,CHF,2006-07-24
K056150000,20,CHF,2006-07-24
K056180000,20,CHF,2007-07-17
K056250000,20,CHF,2007-01-10
K056610000,20,CHF,2006-07-24
K056670000,10,CHF,2006-07-24
K057090000,20,CHF,2006-07-24
K057100000,20,CHF,2006-07-24
K057530000,90,CHF,2007-01-09
K057540000,90,CHF,2007-07-13
K057640000,90,EUR,2006-07-24
K057690000,20,CHF,2006-07-24
K057860000,90,CHF,2006-07-24
K058110000,20,CHF,2009-12-21
K058130000,20,CHF,2006-08-23
K058140000,90,CHF,2006-07-24
K058330000,10,CHF,2006-08-09
K058450000,90,CHF,2006-07-24
K058690000,20,CHF,2007-02-21
K058860000,20,CHF,2006-07-24
K058940000,90,CHF,2006-07-24
K068530000,90,CHF,2006-07-24
K068550000,20,CHF,2015-03-30
K068660000,20,CHF,2009-11-06
K068800000,20,CHF,2006-07-24
K068810000,90,EUR,2013-01-25
K068820002,90,CHF,2009-12-07
K068830000,90,CHF,2006-12-01
K068890000,90,CHF,2008-08-26
K068920000,90,CHF,2006-07-24
K068990000,20,CHF,2011-04-15
K069060000,20,CHF,2013-11-18
K069150000,90,CHF,2006-07-24
K069170000,90,CHF,2007-08-08
K069200000,90,CHF,2008-03-26
K069250000,20,CHF,2011-07-21
K069970000,90,CHF,2006-07-24
K01795BXZ0,20,EUR,2023-08-02
K01795BYB0,20,EUR,2023-08-02
K01795BYE0,20,EUR,2023-08-02
K01795BYK0,20,EUR,2023-08-02
K01795BYL0,20,EUR,2023-08-02
K046360000,10,CHF,2023-08-03
K04230AKM0,20,CHF,2023-06-02
K04230AKN0,20,CHF,2023-06-02
K04230AKO0,20,CHF,2023-06-02
K035180000,20,CHF,2023-06-02
K04230AKV0,20,CHF,2023-06-02
K01286IQG0,20,CHF,2023-06-05
K01286IQO0,20,CHF,2023-06-05
K01795BTL0,20,EUR,2023-06-05
K01795BTU0,20,EUR,2023-06-05
K01795BTY0,20,EUR,2023-06-05
K01795BTZ0,20,EUR,2023-06-05
K01795BUS0,20,EUR,2023-06-05
K17719BCH0,20,CHF,2023-06-08
K17719BCJ0,20,CHF,2023-06-12
K104390000,90,CHF,2023-06-13
K089870000,20,CHF,2023-07-11
K034590000,20,CHF,2023-07-13
K034720000,20,CHF,2023-07-14
K090050001,20,CHF,2023-07-14
K041020000,20,CHF,2023-07-17
K032290000,20,CHF,2023-07-19
K01286ISM0,20,CHF,2023-07-24
K111530001,20,CHF,2023-08-14
K124380000,20,CHF,2023-08-15
K01286IUD0,20,CHF,2023-08-28
K01286IUN0,20,CHF,2023-08-28
K04230ALP0,20,CHF,2023-08-29
K04230ALV0,20,CHF,2023-08-29
K04230ALZ0,20,CHF,2023-08-29
K04230AME0,20,CHF,2023-09-01
K04230AMF0,20,CHF,2023-09-01
K04230AMW0,20,CHF,2023-09-01
K01795BYY0,20,EUR,2023-09-04
K01795BZB0,20,EUR,2023-09-04
K070130000,20,CHF,2006-07-24
K070280000,10,CHF,2008-05-15
K070550000,90,CHF,2010-01-29
K070650000,90,CHF,2013-06-19
K070970000,20,CHF,2013-02-21
K07112AAB0,90,CHF,2010-01-28
K07112AAF0,20,CHF,2010-08-30
K07112AAI0,20,CHF,2010-08-30
K07112AAS0,90,CHF,2010-08-30
K07112AAV0,20,CHF,2010-08-30
K058990000,20,CHF,2009-10-06
K059040000,20,CHF,2006-07-24
K059320000,20,CHF,2007-04-19
K059470000,20,CHF,2015-09-24
K060570000,20,CHF,2006-07-24
K060770000,90,CHF,2006-07-24
K060970000,90,CHF,2008-09-09
K061040000,10,CHF,2011-11-29
K061230000,20,CHF,2006-07-24
K061480000,90,CHF,2008-09-12
K061790000,10,CHF,2014-04-03
K061850000,20,CHF,2006-07-24
K061850001,20,CHF,2010-12-23
K061850009,20,CHF,2011-01-31
K061880000,20,CHF,2006-07-24
K062020000,20,CHF,2006-07-24
K072730000,20,CHF,2008-01-25
K072810000,20,CHF,2015-06-19
K072850000,90,CHF,2006-07-24
K07112ABJ0,20,CHF,2010-08-30
K07112ABK0,20,CHF,2010-08-30
K07112ACG0,20,CHF,2010-08-30
K07112ACI0,20,CHF,2010-08-30
K07112ACS0,20,CHF,2010-08-30
K07112ADC0,20,CHF,2010-08-30
K07112ADI0,90,CHF,2011-01-24
K07112AEH0,20,CHF,2011-07-19
K07112AEL0,20,CHF,2011-07-19
K07112AEQ0,20,CHF,2011-07-19
K01795BZD0,20,EUR,2023-09-04
K01795BZF0,20,EUR,2023-09-04
K01795BZJ0,20,EUR,2023-09-04
K01795BZW0,20,EUR,2023-09-05
K01795BZY0,20,EUR,2023-09-05
K01795BZZ0,20,EUR,2023-09-05
K01795CAG0,20,EUR,2023-09-05
K01795CAL0,20,EUR,2023-09-05
K178800000,20,CHF,2023-10-25
K01286IXE0,20,CHF,2023-10-25
K01286IXM0,20,CHF,2023-10-25
K17719BDP0,20,CHF,2023-10-25
K02503ADN0,20,CHF,2023-09-06
K04611ABP0,20,CHF,2023-09-07
K04611ABV0,20,CHF,2023-09-07
K118070008,20,EUR,2023-09-08
K02151BBL0,20,CHF,2023-09-08
K11285BFV0,20,CHF,2023-09-14
K11285BFW0,20,CHF,2023-09-14
K01286IUW0,20,CHF,2023-09-18
K01286IVH0,20,CHF,2023-09-18
K01286IVK0,20,CHF,2023-09-25
K01286IVM0,20,CHF,2023-09-25
K126970000,20,CHF,2023-10-02
K04230AMX0,20,CHF,2023-10-02
K04230ANB0,20,CHF,2023-10-02
K04230ANC0,20,CHF,2023-10-02
K01286IVW0,20,CHF,2023-10-03
K045700000,20,CHF,2023-10-03
K01795CAT0,20,EUR,2023-10-03
K01795CAU0,20,EUR,2023-10-03
K045150000,20,CHF,2023-10-03
K02503ADP0,20,CHF,2023-10-04
K01795CBK0,20,EUR,2023-10-04
K01795CBN0,20,EUR,2023-10-04
K04611ACB0,20,CHF,2023-10-05
K04611ACC0,20,CHF,2023-10-05
K06728ABA0,20,CHF,2023-10-12
K038830000,20,CHF,2023-10-12
K01286IVY0,20,CHF,2023-10-16
K07112AFB0,20,CHF,2011-07-19
K07112AFL0,20,CHF,2011-09-12
K07112AFS0,20,CHF,2011-09-12
K07112AFU0,90,CHF,2011-10-04
K07112AFY0,20,CHF,2011-10-04
K07112AGC0,20,CHF,2011-10-04
K07112AGH0,20,CHF,2012-07-03
K07112AGQ0,20,CHF,2012-07-03
K07112AGT0,20,CHF,2012-07-03
K07112AGY0,20,CHF,2012-07-03
K07112AHA0,20,CHF,2012-07-03
K07112AHB0,20,CHF,2012-07-02
K07112AHC0,20,CHF,2012-07-03
K073610000,10,CHF,2008-11-10
K073660000,20,CHF,2006-07-24
K073690000,20,CHF,2006-07-24
K073760000,20,CHF,2008-06-09
K073860000,10,CHF,2006-07-24
K07393AAI0,90,EUR,2012-06-11
K07393AAO0,90,EUR,2012-06-11
K07393ABJ0,90,EUR,2012-10-04
K07393ACW0,90,EUR,2013-07-04
K07393ADB0,90,EUR,2013-07-18
K07112AIJ0,20,CHF,2012-12-05
K07112AIN0,20,CHF,2013-02-26
K07112AJD0,20,CHF,2013-06-05
K07112AJG0,20,CHF,2013-06-05
K07112AJW0,20,CHF,2013-12-23
K07112ALG0,20,CHF,2015-02-18
K07112ALK0,20,CHF,2015-02-18
K07112ALL0,20,CHF,2015-02-18
K07112AMB0,20,CHF,2015-10-02
K07112AMG0,20,CHF,2016-02-08
K07112ZZZZ,90,CHF,2008-08-08
K071250000,20,CHF,2013-11-21
K071330000,20,CHF,2006-07-24
K071400000,90,CHF,2006-10-16
K071410000,90,CHF,2011-02-28
K071480000,20,CHF,2006-07-24
K01286IWP0,20,CHF,2023-10-17
K028210000,10,CHF,2023-11-30
K01286IZI0,20,CHF,2023-12-01
K04230ANW0,20,CHF,2023-12-01
K04230AON0,20,CHF,2023-12-01
K01286IZJ0,20,CHF,2023-12-01
K04230AOO0,20,CHF,2023-12-01
K01286IZN0,20,CHF,2023-12-04
K17719BDQ0,20,CHF,2023-10-26
K038930000,20,CHF,2023-10-27
K01286IYR0,20,CHF,2023-10-31
K02151BBU0,20,CHF,2023-11-01
K038960000,20,CHF,2023-11-02
K012870010,20,CHF,2023-11-07
K01286JBP0,20,CHF,2023-12-18
K063670000,20,CHF,2023-12-18
K028370000,20,CHF,2023-12-22
K063660000,20,CHF,2023-12-22
K01795CFP0,20,EUR,2024-01-03
K01795CGL0,20,EUR,2024-01-03
K01795CGM0,20,EUR,2024-01-03
K028430000,20,CHF,2024-01-04
K04230API0,20,CHF,2024-01-05
K04230APK0,20,CHF,2024-01-05
K04230APL0,20,CHF,2024-01-05
K04230APN0,20,CHF,2024-01-05
K04230APO0,20,CHF,2024-01-05
K04230APX0,20,CHF,2024-01-05
K01286JAF0,20,CHF,2023-12-04
K01795CCK0,20,EUR,2023-12-04
K01795CCU0,20,EUR,2023-12-04
K01795CCX0,20,EUR,2023-12-04
K01795CDT0,20,EUR,2023-12-05
K01795CDV0,20,EUR,2023-12-05
K01795CDZ0,20,EUR,2023-12-05
K01795CEA0,20,EUR,2023-12-05
K01795CEM0,20,EUR,2023-12-05
K01795CFC0,20,EUR,2023-12-05
K04611ACN0,20,CHF,2023-12-05
K04611ACO0,20,CHF,2023-12-05
K071640000,90,CHF,2009-06-05
K071720000,20,CHF,2006-07-24
K071760000,20,CHF,2006-07-24
K071850000,20,CHF,2006-07-24
K071910000,20,CHF,2006-07-24
K07393ADY0,90,EUR,2013-11-15
K07393ADZ0,90,EUR,2013-11-20
K07393AEF0,90,EUR,2013-12-05
K07393AEJ0,90,EUR,2013-12-19
K07393AEV0,90,EUR,2014-01-29
K07393AEW0,90,EUR,2014-01-29
K07393AEX0,90,EUR,2014-01-29
K07393AEY0,90,EUR,2014-01-31
K07393AGE0,90,EUR,2014-04-23
K07393AGK0,90,EUR,2014-05-07
K07393AGT0,90,EUR,2014-05-28
K07393AGV0,90,EUR,2014-06-04
K07393AHD0,90,EUR,2014-07-02
K07393AHZ0,90,EUR,2014-09-05
K07393AIK0,90,EUR,2014-10-08
K07393AIL0,90,EUR,2014-10-09
K01286FWK0,20,CHF,2019-05-20
K07393BLA0,90,EUR,2019-06-07
K025130000,10,CHF,2019-06-11
K01286FYD0,20,CHF,2019-06-11
K01286FYE0,20,CHF,2019-06-11
K025180000,20,CHF,2019-06-12
K163000000,90,CHF,2019-06-17
K01286GRZ0,20,CHF,2020-05-11
K01286GSD0,20,CHF,2020-05-11
K01286GSE0,20,CHF,2020-05-11
K025300000,20,CHF,2019-07-12
K025310000,10,CHF,2019-07-12
K022400001,20,CHF,2019-07-15
K01111KL02,20,CHF,2019-07-16
K01111KL03,20,CHF,2019-07-16
K055270000,20,CHF,2019-07-17
K01286GCQ0,90,CHF,2019-08-28
K150331189,90,CHF,2019-08-30
K150331192,90,CHF,2019-08-30
K10100FLK0,90,EUR,2019-09-03
K118350000,20,CHF,2019-07-26
K01286GAF0,20,CHF,2019-07-31
K01286GAM0,20,CHF,2019-07-31
K022280000,90,EUR,2019-08-02
K01286GAT0,20,CHF,2019-08-05
K01286GBF0,20,CHF,2019-08-05
K01286GBE0,20,CHF,2019-08-05
K01286GBK0,20,CHF,2019-08-05
K10100FJU0,90,EUR,2019-08-05
K10100FKL0,90,EUR,2019-08-05
K10100FKT0,90,EUR,2019-08-05
K025350000,20,CHF,2019-08-06
K02151AWX0,20,CHF,2019-08-06
K02151AWY0,20,CHF,2019-08-06
K01286GBP0,20,CHF,2019-08-12
K01286GBW0,20,CHF,2019-08-19
K118880000,20,CHF,2019-08-21
K11285ALN0,20,CHF,2019-09-11
K01286GCS0,20,CHF,2019-09-05
K01286GCU0,20,CHF,2019-09-05
K01286GCW0,20,CHF,2019-09-05
K01286GCX0,20,CHF,2019-09-05
K119200000,10,CHF,2019-09-06
K119220000,20,CHF,2019-09-06
K01286GDI0,90,CHF,2019-09-10
K01286GDL0,20,CHF,2019-09-10
K10100FMJ0,90,EUR,2019-10-02
K10100FMO0,90,EUR,2019-10-02
K10100FMS0,90,EUR,2019-10-02
K10100FNB0,90,EUR,2019-10-02
K119370000,20,CHF,2019-10-03
K04370AMM0,90,CHF,2019-10-07
K01286GFO0,20,CHF,2019-10-07
K01286GFP0,20,CHF,2019-10-07
K07393BMA0,90,EUR,2019-10-09
K01286GFT0,20,CHF,2019-10-14
K01286GFZ0,20,CHF,2019-10-14
K119400000,20,CHF,2019-10-17
K01286JAL0,20,CHF,2023-12-07
K01286JAM0,20,CHF,2023-12-07
K01286JAN0,20,CHF,2023-12-07
K01286JAZ0,20,CHF,2023-12-07
K01286JBH0,20,CHF,2023-12-07
K11285BGI0,20,CHF,2023-12-08
K072880000,20,CHF,2023-12-13
K17719BEO0,20,CHF,2024-01-08
K018510000,20,CHF,2024-01-09
K02503ADY0,20,CHF,2024-01-10
K01286JCX0,20,CHF,2024-01-08
K01286JDC0,20,CHF,2024-01-08
K01286JEI0,20,CHF,2024-02-14
K17719BFA0,20,CHF,2024-02-14
K01286JES0,20,CHF,2024-02-19
K01286JFG0,20,CHF,2024-02-23
K01286JFX0,20,CHF,2024-02-23
K01286JGA0,20,CHF,2024-02-23
K01286JGB0,20,CHF,2024-02-23
K028810000,20,CHF,2024-02-23
K13600ABV0,20,CHF,2024-03-01
K04230AQV0,20,CHF,2024-03-01
K04230ARB0,20,CHF,2024-03-01
K04230ARF0,20,CHF,2024-03-01
K04230ARG0,20,CHF,2024-03-01
K04230ARI0,20,CHF,2024-03-01
K01286JGM0,20,CHF,2024-03-04
K01286JGR0,20,CHF,2024-03-04
K01286JGS0,20,CHF,2024-03-04
K01795CIQ0,20,EUR,2024-03-05
K01795CIY0,20,EUR,2024-03-05
K02151BCA0,20,CHF,2024-01-12
K17719BET0,20,CHF,2024-01-22
K01286JDO0,20,CHF,2024-01-22
K01286JDS0,20,CHF,2024-01-22
K01286JDU0,20,CHF,2024-01-22
K01286JDW0,20,CHF,2024-01-22
K100590000,20,CHF,2024-01-29
K04230AQO0,20,CHF,2024-02-02
K04611ACX0,20,CHF,2024-02-02
K01286GER0,20,CHF,2019-09-23
K01286GET0,20,CHF,2019-09-23
K163390000,20,CHF,2019-11-04
K01286GGM0,20,CHF,2019-11-04
K01286GGO0,20,CHF,2019-11-04
K01286GGR0,90,CHF,2019-11-04
K01286GHA0,20,CHF,2019-11-04
K091780000,20,CHF,2019-11-04
K10100FNS0,90,EUR,2019-11-05
K10100FOD0,90,EUR,2019-11-05
K01286GHI0,20,CHF,2019-11-11
K01286GHM0,20,CHF,2019-11-11
K01286GIJ0,20,CHF,2019-11-25
K01286GIK0,20,CHF,2019-11-25
K01286GIM0,20,CHF,2019-11-25
K093560001,20,CHF,2019-12-10
K01286GGG0,90,CHF,2019-10-22
K163450000,20,CHF,2019-11-14
K01286GHW0,20,CHF,2019-11-18
K163480000,20,CHF,2019-11-22
K110190000,20,EUR,2019-11-26
K091660000,10,CHF,2019-11-29
K163520000,20,CHF,2019-12-02
K165310001,90,CHF,2019-12-04
K17719AEV0,20,CHF,2019-12-06
K01286GJI0,20,CHF,2019-12-09
K01286GKA0,20,CHF,2019-12-23
K01286GKZ0,20,CHF,2019-12-23
K07393BMP0,90,EUR,2020-01-08
K07393BMF0,90,EUR,2019-12-16
K07393BMH0,90,EUR,2019-12-16
K026540000,20,CHF,2020-01-08
K163580000,90,CHF,2020-01-10
K026750000,20,CHF,2020-01-13
K026760000,20,CHF,2020-01-13
K01286GLC0,20,CHF,2020-01-13
K01286GLI0,20,CHF,2020-01-13
K008820001,20,CHF,2020-01-14
K02151AXR0,20,CHF,2020-01-20
K02151AXS0,20,CHF,2020-01-20
K026910000,20,CHF,2020-01-28
K026950000,20,CHF,2020-01-29
K080370000,20,CHF,2020-01-31
K080390000,20,CHF,2020-02-03
K01286GMO0,20,CHF,2020-02-03
K01286GMI0,20,CHF,2020-02-03
K046100000,20,CHF,2020-03-09
K051730000,20,CHF,2020-03-10
K00500AEZ0,90,CHF,2020-03-13
K07393BMV0,90,EUR,2020-02-06
K01286GNC0,20,CHF,2020-02-10
K01286GNF0,20,CHF,2020-02-10
K11285AMC0,20,CHF,2020-02-12
K080550000,20,CHF,2020-02-13
K080560000,20,CHF,2020-02-13
K01286GNQ0,20,CHF,2020-02-17
K051270000,20,CHF,2020-02-27
K051300000,90,CHF,2020-02-28
K051550000,20,CHF,2020-03-03
K01286GNU0,20,CHF,2020-03-04
K01286GOF0,20,CHF,2020-03-04
K01286GOE0,20,CHF,2020-03-04
K01286GOB0,20,CHF,2020-03-04
K00500AFC0,20,CHF,2020-03-25
K00500AFE0,20,CHF,2020-03-25
K00500AGB0,20,CHF,2020-03-27
K00500AGL0,20,CHF,2020-04-01
K164340000,20,CHF,2020-04-15
K036930000,20,CHF,2020-04-17
K021610000,20,CHF,2020-04-27
K036430000,20,CHF,2020-05-25
K036490000,20,CHF,2020-06-02
K036500000,20,CHF,2020-06-03
K017950000,20,EUR,2020-04-02
K07393BNA0,90,EUR,2020-04-08
K164310000,20,CHF,2020-04-09
K029180000,20,CHF,2020-05-04
K01286GRL0,20,CHF,2020-05-04
K01286GRS0,20,CHF,2020-05-05
K01286GSN0,20,CHF,2020-05-18
K01795CHD0,20,EUR,2024-02-05
K01795CIJ0,20,EUR,2024-02-05
K02151BCH0,20,CHF,2024-02-12
K04605AAP0,20,CHF,2024-04-04
K01795CIZ0,20,EUR,2024-03-05
K01795CJF0,20,EUR,2024-03-05
K01795CJG0,20,EUR,2024-03-05
K01795CJH0,20,EUR,2024-03-05
K01795CJI0,20,EUR,2024-03-05
K039360000,20,CHF,2024-03-08
K01795CJT0,20,EUR,2024-03-09
K01795CJU0,20,EUR,2024-03-09
K01795CJZ0,20,EUR,2024-03-09
K02151BCQ0,20,CHF,2024-03-11
K04605AAA0,20,CHF,2024-03-11
K04605AAB0,20,CHF,2024-03-11
K11285BGT0,20,CHF,2024-03-12
K028050000,20,CHF,2024-03-15
K01286JHE0,20,CHF,2024-03-18
K04605AAJ0,20,CHF,2024-03-18
K04605AAK0,20,CHF,2024-03-18
K04230ARO0,20,CHF,2024-03-18
K01286JHR0,20,CHF,2024-03-18
K01286JHW0,20,CHF,2024-03-25
K02384AAC0,20,CHF,2024-03-25
K087210000,10,CHF,2024-03-25
K17719BFN0,20,CHF,2024-03-28
K029510000,20,CHF,2024-03-27
K02151BDE0,20,CHF,2024-03-27
K11285BGV0,20,CHF,2024-04-24
K04611ADR0,20,CHF,2024-04-05
K01795CKD0,20,EUR,2024-04-06
K01795CKF0,20,EUR,2024-04-06
K01795CKG0,20,EUR,2024-04-06
K01795CKH0,20,EUR,2024-04-06
K01795CKN0,20,EUR,2024-04-06
K01795CKT0,20,EUR,2024-04-06
K01795CKW0,20,EUR,2024-04-06
K01795CKX0,20,EUR,2024-04-06
K01795CLC0,20,EUR,2024-04-06
K01286GSO0,20,CHF,2020-05-18
K036350000,20,CHF,2020-05-19
K036370000,20,CHF,2020-05-19
K01286GSV0,20,CHF,2020-05-25
K11285AMO0,20,CHF,2020-06-12
K037010000,20,CHF,2020-06-15
K01286GUD0,90,CHF,2020-06-15
K01286GUI0,20,CHF,2020-06-15
K056230001,20,CHF,2020-06-17
K037050000,20,CHF,2020-06-19
K037070000,20,CHF,2020-06-21
K037190000,10,CHF,2020-06-21
K01286GSY0,20,CHF,2020-06-04
K01286GSZ0,20,CHF,2020-06-04
K11285AMN0,90,CHF,2020-06-05
K036590000,20,CHF,2020-06-09
K01286GTT0,20,CHF,2020-06-09
K037220000,20,CHF,2020-06-25
K01286GUY0,20,CHF,2020-06-29
K01286GUZ0,20,CHF,2020-06-29
K11285AMR0,20,CHF,2020-07-02
K164520000,10,CHF,2020-08-04
K164550000,20,CHF,2020-08-05
K164580000,20,CHF,2020-08-06
K164600000,20,CHF,2020-08-07
K164610000,20,CHF,2020-08-07
K164640000,20,CHF,2020-08-10
K164650000,20,CHF,2020-08-10
K021000000,20,CHF,2020-09-09
K01286GYP0,20,CHF,2020-09-09
K11285AMZ0,20,CHF,2020-09-10
K17719ARA0,20,CHF,2020-09-14
K021070000,20,CHF,2020-09-16
K021530000,20,CHF,2020-09-16
K11285AND0,20,CHF,2020-10-07
K01286GZS0,20,CHF,2020-10-07
K01286GUU0,20,CHF,2020-06-22
K01286GUW0,20,CHF,2020-06-22
K109350000,20,CHF,2020-07-15
K01286GVW0,20,CHF,2020-07-20
K01795CLH0,20,EUR,2024-04-06
K02503AEI0,20,CHF,2024-04-09
K01286JIX0,20,CHF,2024-04-15
K17719BFR0,20,CHF,2024-04-22
K114840000,20,CHF,2024-05-21
K01286JKN0,20,CHF,2024-05-21
K01286JKO0,20,CHF,2024-05-21
K17719BGH0,20,CHF,2024-05-21
K01286JKY0,20,CHF,2024-05-22
K04605AAX0,20,CHF,2024-05-23
K02151BDP0,20,CHF,2024-04-24
K110520000,20,CHF,2024-04-26
K01286JKC0,20,CHF,2024-04-30
K04611ADU0,20,CHF,2024-05-02
K04230ASM0,20,CHF,2024-05-02
K04230ASY0,20,CHF,2024-05-02
K02503AEL0,20,CHF,2024-05-03
K01795CMG0,20,EUR,2024-05-03
K01795CMH0,20,EUR,2024-05-03
K01795CML0,20,EUR,2024-05-03
K01795CNL0,20,EUR,2024-05-03
K01795CNP0,20,EUR,2024-05-03
K04370ANK0,20,CHF,2024-05-07
K04605AAR0,20,CHF,2024-05-08
K01286JKK0,20,CHF,2024-05-08
K01286JLI0,20,CHF,2024-06-10
K105400000,20,CHF,2024-06-10
K01286JLL0,20,CHF,2024-06-12
K01286JMK0,20,CHF,2024-06-19
K01286JMO0,20,CHF,2024-06-20
K01286JMR0,20,CHF,2024-06-20
K044450000,20,CHF,2024-06-21
K01286JNH0,20,CHF,2024-06-21
K01286JNN0,20,CHF,2024-06-21
K02384AAD0,20,CHF,2024-05-31
K04230ATS0,20,CHF,2024-06-03
K04230AUF0,20,CHF,2024-06-03
K13600ACC0,20,CHF,2024-06-04
K01795CNV0,20,EUR,2024-06-04
K01795CNX0,20,EUR,2024-06-04
K01286GVZ0,20,CHF,2020-07-20
K01286GWC0,20,CHF,2020-07-20
K164360000,20,CHF,2020-07-20
K11285AMX0,20,CHF,2020-08-26
K11285AMY0,20,CHF,2020-08-26
K01286GXJ0,20,CHF,2020-08-26
K01286GXN0,20,CHF,2020-08-26
K01286GXV0,20,CHF,2020-08-26
K020590000,20,CHF,2020-08-28
K020610000,20,CHF,2020-09-02
K164730000,20,CHF,2020-09-03
K01286GZA0,20,CHF,2020-09-21
K01286GZL0,20,CHF,2020-09-21
K01286GZK0,20,CHF,2020-09-21
K077430000,20,CHF,2020-10-05
K11285ANF0,20,CHF,2020-10-22
K078370000,20,CHF,2020-10-27
K01286HBL0,20,CHF,2020-11-03
K01286HBN0,20,CHF,2020-11-03
K02503AAE0,20,CHF,2020-11-05
K150331208,90,CHF,2020-11-25
K01286HCT0,20,CHF,2020-11-25
K01286HCU0,20,CHF,2020-11-25
K078800000,90,CHF,2020-11-25
K037520000,20,CHF,2020-11-27
K083310001,20,CHF,2020-12-01
K057020000,20,CHF,2020-12-01
K057130000,20,CHF,2020-12-02
K057380000,20,CHF,2021-01-04
K057390000,20,CHF,2021-01-04
K11285ANU0,20,CHF,2021-01-06
K11285ANW0,20,CHF,2021-01-06
K11285AOA0,20,CHF,2021-01-06
K11285AOC0,20,CHF,2021-01-06
K11285AON0,20,CHF,2021-01-06
K11285AOT0,20,CHF,2021-01-06
K01286HER0,20,CHF,2021-01-07
K01286HFC0,20,CHF,2021-01-07
K01286HFH0,20,CHF,2021-01-07
K01286HFJ0,20,CHF,2021-01-07
K01795COE0,20,EUR,2024-06-04
K01795CON0,20,EUR,2024-06-05
K01795COV0,20,EUR,2024-06-05
K04611AEE0,20,CHF,2024-06-07
K10100EGC0,90,EUR,2017-12-04
K10100EGI0,90,EUR,2017-12-04
K10100EGQ0,90,EUR,2017-12-04
K10100EGV0,90,EUR,2017-12-04
K10100EHA0,90,EUR,2017-12-04
K02152AJZ0,20,CHF,2017-12-05
K10100CIP0,90,EUR,2014-03-19
K10100CIQ0,90,EUR,2014-03-19
K10100CIR0,90,EUR,2014-03-19
K10100CKA0,90,EUR,2014-04-09
K10100COB0,90,EUR,2014-06-18
K10100CRD0,90,EUR,2014-08-05
K10100CSQ0,90,EUR,2014-09-15
K10100CSW0,90,EUR,2014-09-15
K10100CUA0,90,EUR,2014-10-08
K10100CVJ0,90,EUR,2014-11-12
K10100CVX0,90,EUR,2014-11-13
K10100CYT0,90,EUR,2015-01-15
K10100DCY0,90,EUR,2015-03-13
K10100DDX0,90,EUR,2015-04-08
K10100DFT0,90,EUR,2015-05-13
K10100DHJ0,90,EUR,2015-06-22
K10100DIH0,90,EUR,2015-07-08
K10100DIQ0,90,EUR,2015-07-08
K10100DMY0,90,EUR,2015-09-10
K10100DNI0,90,EUR,2015-10-06
K10100DNL0,90,EUR,2015-10-06
K01111KG00,20,CHF,2015-06-01
K01111KH00,20,CHF,2015-06-01
K01286CGH0,20,CHF,2014-07-24
K11285APK0,20,CHF,2021-03-01
K11285AQC0,20,CHF,2021-03-03
K11285AQD0,20,CHF,2021-03-03
K11285AQG0,20,CHF,2021-03-03
K11285AQM0,20,CHF,2021-03-03
K11285AQS0,20,CHF,2021-03-04
K057420000,20,CHF,2021-01-07
K11285AOU0,20,CHF,2021-01-08
K11285AOV0,20,CHF,2021-01-08
K01286GZX0,20,CHF,2020-10-07
K02503AAD0,20,CHF,2020-10-07
K077530000,20,CHF,2020-10-08
K07393BNK0,90,EUR,2020-10-09
K077570000,20,CHF,2020-10-12
K01286HAL0,20,CHF,2020-10-13
K077620000,10,CHF,2020-10-13
K077680000,20,CHF,2020-10-14
K17719ARG0,90,CHF,2020-10-19
K078590000,10,CHF,2020-11-13
K078600000,20,CHF,2020-11-16
K01286HCC0,20,CHF,2020-11-17
K01286HCJ0,20,CHF,2020-11-17
K01286HCN0,20,CHF,2020-11-17
K01286HCO0,20,CHF,2020-11-17
K078750000,10,CHF,2020-11-20
K07393BNS0,90,EUR,2020-12-09
K07393BNU0,90,EUR,2020-12-09
K057240000,20,CHF,2020-12-09
K01286HEJ0,20,CHF,2020-12-16
K01286HEK0,20,CHF,2020-12-16
K057340000,20,CHF,2020-12-23
K057440000,20,CHF,2021-01-11
K02151AYR0,20,CHF,2021-02-01
K01286HGR0,20,CHF,2021-02-01
K02503AAW0,20,CHF,2021-02-03
K165620001,20,CHF,2021-02-03
K083040000,20,EUR,2021-02-26
K11285APL0,20,CHF,2021-03-01
K11285AQF0,20,CHF,2021-03-03
K11285AQH0,20,CHF,2021-03-03
K11285AQR0,20,CHF,2021-03-04
K11285ARI0,20,CHF,2021-03-05
K01286HHT0,20,CHF,2021-03-05
K11285ART0,20,CHF,2021-03-05
K167100000,20,CHF,2021-03-22
K02151AYT0,20,CHF,2021-03-23
K11285AQT0,20,CHF,2021-03-04
K11285AQV0,20,CHF,2021-03-04
K11285AQX0,20,CHF,2021-03-04
K11285ARB0,20,CHF,2021-03-05
K11285ARC0,20,CHF,2021-03-05
K11285ARQ0,20,CHF,2021-03-05
K11285AUG0,20,CHF,2021-03-23
K01286HJK0,20,CHF,2021-03-25
K01286HJL0,20,CHF,2021-03-25
K098080000,20,CHF,2021-04-01
K098090000,20,CHF,2021-04-06
K037550000,20,CHF,2021-04-06
K105190000,20,CHF,2021-04-07
K11285AVH0,20,CHF,2021-04-08
K01286HKC0,20,CHF,2021-04-09
K027880000,10,CHF,2021-04-13
K01286HKE0,20,CHF,2021-04-13
K01286HKI0,20,CHF,2021-04-13
K11285AVS0,20,CHF,2021-04-14
K11285AVT0,20,CHF,2021-04-14
K11285AVV0,20,CHF,2021-04-14
K11285AVW0,20,CHF,2021-04-14
K11285AWA0,20,CHF,2021-04-15
K01286HIK0,20,CHF,2021-03-09
K01286HIV0,20,CHF,2021-03-09
K01286HIX0,20,CHF,2021-03-09
K01286HJA0,20,CHF,2021-03-09
K07393BOD0,90,EUR,2021-03-09
K11285ASZ0,20,CHF,2021-03-09
K084080000,20,CHF,2021-03-12
K11285ATJ0,20,CHF,2021-03-16
K11285ATV0,20,CHF,2021-03-17
K11285AUE0,20,CHF,2021-03-17
K01286HJE0,20,CHF,2021-03-17
K167070000,20,CHF,2021-03-17
K062590000,20,CHF,2021-04-20
K11285AWJ0,20,CHF,2021-04-21
K01286HKY0,20,CHF,2021-04-26
K01286HLA0,20,CHF,2021-04-26
K01286HLB0,20,CHF,2021-04-26
K01286HFM0,20,CHF,2021-01-19
K01286HFO0,20,CHF,2021-01-19
K01286HFU0,20,CHF,2021-01-19
K01286HFV0,20,CHF,2021-01-19
K01286HGA0,20,CHF,2021-01-19
K01286HGE0,20,CHF,2021-01-19
K01286HGF0,20,CHF,2021-01-19
K17719ARS0,20,CHF,2021-01-21
K01286HHA0,20,CHF,2021-02-11
K128920000,20,CHF,2021-02-18
K11285ASR0,20,CHF,2021-03-08
K11285ASS0,20,CHF,2021-03-08
K166960000,20,CHF,2021-03-09
K01286HIB0,20,CHF,2021-03-09
K01286HIH0,20,CHF,2021-03-09
K01286HIO0,20,CHF,2021-03-09
K01286HIP0,20,CHF,2021-03-09
K11285AUH0,20,CHF,2021-03-29
K11285AUO0,20,CHF,2021-03-29
K11285AUR0,20,CHF,2021-03-29
K11285AUS0,20,CHF,2021-03-29
K11285AUW0,20,CHF,2021-03-29
K02151AZA0,20,CHF,2021-03-30
K11285AUZ0,20,CHF,2021-03-30
K11285AVE0,20,CHF,2021-03-30
K01286HJZ0,20,CHF,2021-03-30
K00500AHA0,20,CHF,2021-04-06
K01286HKA0,20,CHF,2021-04-06
K07393BOI0,90,EUR,2021-04-08
K11285AVO0,20,CHF,2021-04-08
K11285AVR0,20,CHF,2021-04-08
K062550000,20,CHF,2021-04-15
K115520000,20,CHF,2021-04-16
K17719ASF0,20,CHF,2021-04-19
K04370AMR0,20,CHF,2021-04-19
K01286HKK0,20,CHF,2021-04-19
K01286HKM0,20,CHF,2021-04-19
K01286HKV0,20,CHF,2021-04-19
K062580000,20,CHF,2021-04-20
K064090000,20,CHF,2021-05-11
K11285ATD0,20,CHF,2021-03-09
K062600000,20,CHF,2021-04-21
K062610000,20,CHF,2021-04-22
K11285AWN0,20,CHF,2021-04-22
K01286HLF0,20,CHF,2021-04-26
K11285AWS0,20,CHF,2021-04-27
K063840000,10,CHF,2021-04-29
K113870000,20,EUR,2021-05-04
K11285AWU0,20,CHF,2021-05-04
K07393BOM0,90,EUR,2021-05-05
K17719ATA0,20,CHF,2021-05-31
K11285AXJ0,20,CHF,2021-06-01
K11285AXL0,20,CHF,2021-06-01
K11285AXM0,20,CHF,2021-06-02
K039770000,20,CHF,2021-06-07
K064160000,20,CHF,2021-05-12
K01286HMK0,20,CHF,2021-05-18
K07393BON0,90,EUR,2021-05-18
K164740000,10,CHF,2021-05-26
K039680000,20,CHF,2021-05-31
K01286HNO0,20,CHF,2021-06-15
K01286HNP0,20,CHF,2021-06-15
K040070000,20,CHF,2021-06-24
K01286HNZ0,20,CHF,2021-06-28
K01286HOA0,20,CHF,2021-06-28
K01286HOB0,20,CHF,2021-06-28
K040100000,20,CHF,2021-06-28
K01286HOF0,20,CHF,2021-06-29
K17719ATN0,20,CHF,2021-06-30
K17719ATS0,20,CHF,2021-07-01
K17719ATW0,20,CHF,2021-07-01
K07393BOR0,90,EUR,2021-07-01
K121590001,20,CHF,2021-06-08
K035810000,20,CHF,2021-06-08
K093210001,20,CHF,2021-06-09
K040270000,20,CHF,2021-07-15
K11285AYG0,20,CHF,2021-07-26
K031600000,20,CHF,2021-07-20
K01286HPJ0,20,CHF,2021-07-21
K01286HPP0,20,CHF,2021-07-21
K01286HLC0,20,CHF,2021-04-26
K11285AWP0,20,CHF,2021-04-27
K11285AWR0,20,CHF,2021-04-27
K01286HLO0,90,CHF,2021-04-28
K11285AWV0,20,CHF,2021-05-04
K080830000,20,CHF,2021-06-01
K01286HKR0,20,CHF,2021-04-19
K01286HKS0,20,CHF,2021-04-19
K11285AWF0,20,CHF,2021-04-20
K024980000,20,CHF,2021-05-06
K064050000,20,CHF,2021-05-07
K04370AMT0,20,CHF,2021-05-07
K01286HMB0,20,CHF,2021-05-10
K17719ASR0,20,CHF,2021-05-11
K02503ABB0,20,CHF,2021-05-11
K17719AST0,20,CHF,2021-05-25
K11285AXG0,20,CHF,2021-05-27
K11285AXH0,20,CHF,2021-05-27
K17719ASW0,20,CHF,2021-05-31
K17719ASX0,20,CHF,2021-05-31
K035840000,20,CHF,2021-06-09
K138080000,20,CHF,2021-06-11
K01286HNL0,20,CHF,2021-06-15
K01286HNM0,20,CHF,2021-06-15
K035990000,20,CHF,2021-06-23
K039700000,20,CHF,2021-06-03
K039750000,20,CHF,2021-06-07
K031590000,20,CHF,2021-07-19
K01286HPL0,20,CHF,2021-07-21
K01286HPQ0,20,CHF,2021-07-26
K01286HPY0,20,CHF,2021-07-26
K01286HPZ0,20,CHF,2021-07-26
K01286HQC0,20,CHF,2021-07-27
K11285AYN0,20,CHF,2021-07-28
K17719AUO0,20,CHF,2021-07-29
K17719AVE0,20,CHF,2021-07-30
K17719AVH0,20,CHF,2021-07-30
K078820000,20,CHF,2021-07-30
K17719AVM0,20,CHF,2021-08-02
K17719AVP0,20,CHF,2021-08-02
K01286HPU0,20,CHF,2021-07-26
K17719AUF0,20,CHF,2021-07-28
K17719AUH0,20,CHF,2021-07-29
K17719AUR0,20,CHF,2021-07-29
K17719AVA0,20,CHF,2021-07-30
K17719AVC0,20,CHF,2021-07-30
K17719AWI0,20,CHF,2021-08-02
K17719AWK0,20,CHF,2021-08-02
K073200000,20,CHF,2021-08-02
K17719AWM0,20,CHF,2021-08-02
K01286HQH0,20,CHF,2021-08-03
K01286HQI0,90,CHF,2021-08-03
K01286HQJ0,20,CHF,2021-08-03
K01286HQL0,20,CHF,2021-08-03
K02503ABK0,20,CHF,2021-08-04
K02503ABM0,20,CHF,2021-08-04
K02503ABO0,20,CHF,2021-08-04
K07393BOX0,90,EUR,2021-08-04
K01286HOK0,20,CHF,2021-07-05
K01286HOL0,20,CHF,2021-07-05
K01286HOO0,20,CHF,2021-07-05
K01286HOT0,20,CHF,2021-07-05
K01286HPA0,20,CHF,2021-07-05
K02151AZG0,20,CHF,2021-07-05
K11285AYB0,20,CHF,2021-07-06
K04370AMV0,20,CHF,2021-07-06
K07393BOT0,90,EUR,2021-07-07
K02503ABF0,20,CHF,2021-07-07
K02503ABH0,20,CHF,2021-07-07
K122620000,20,CHF,2021-07-09
K040220000,20,CHF,2021-07-09
K030960000,20,CHF,2021-08-13
K030980000,20,CHF,2021-08-16
K11285AYV0,90,CHF,2021-08-24
K01286HQY0,20,CHF,2021-08-24
K060330000,20,CHF,2021-09-29
K060390000,20,CHF,2021-10-04
K17719AXA0,20,CHF,2021-10-04
K17719AXB0,20,CHF,2021-10-06
K00500AHG0,20,CHF,2021-10-06
K17719AVV0,20,CHF,2021-08-02
K17719AVY0,20,CHF,2021-08-02
K17719AWC0,20,CHF,2021-08-02
K17719AWF0,20,CHF,2021-08-02
K01286HQF0,20,CHF,2021-08-03
K01286HQG0,20,CHF,2021-08-03
K01286HQM0,20,CHF,2021-08-03
K040090000,20,CHF,2021-06-28
K17719ATE0,20,CHF,2021-06-29
K17719ATF0,20,CHF,2021-06-30
K17719ATG0,20,CHF,2021-06-30
K17719ATI0,20,CHF,2021-06-30
K01286HON0,20,CHF,2021-07-05
K100870000,20,CHF,2021-07-08
K00500AHE0,20,CHF,2021-07-09
K052980000,20,CHF,2021-08-13
K030970000,20,CHF,2021-08-16
K073380000,20,CHF,2021-08-30
K030520000,20,CHF,2021-09-03
K059960000,90,CHF,2021-09-03
K11285AYO0,20,CHF,2021-08-03
K077490001,20,CHF,2021-09-10
K00500AHF0,20,CHF,2021-09-13
K060190000,20,CHF,2021-09-13
K01286HRU0,20,CHF,2021-09-21
K01286HRX0,20,CHF,2021-09-21
K01286HSC0,20,CHF,2021-09-21
K01286HSD0,20,CHF,2021-09-22
K02503ABP0,20,CHF,2021-10-12
K01286HSU0,20,CHF,2021-10-19
K035160000,20,CHF,2021-10-20
K039900000,20,CHF,2021-10-25
K039910000,20,CHF,2021-10-25
K071940000,20,CHF,2021-10-29
K024220000,20,EUR,2021-11-01
K01286HSZ0,20,CHF,2021-11-02
K01286HTG0,20,CHF,2021-11-02
K074790000,20,CHF,2021-11-03
K019650000,20,CHF,2021-11-22
K01286HSL0,20,CHF,2021-10-07
K02151AZR0,20,CHF,2021-11-09
K02151AZS0,20,CHF,2021-11-09
K11285AZL0,20,CHF,2021-11-10
K019540000,20,CHF,2021-11-17
K022980000,20,CHF,2021-11-17
K126760000,20,CHF,2021-12-17
K091450001,20,CHF,2022-01-04
K126860000,20,CHF,2022-01-05
K01286HVW0,20,CHF,2022-01-24
K01286HVY0,20,CHF,2022-01-24
K02503ABW0,20,CHF,2022-01-26
K01286HWC0,20,CHF,2022-01-28
K01286HWD0,20,CHF,2022-01-28
K013440001,20,CHF,2022-01-31
K17719AXL0,20,CHF,2022-02-07
K17719AXF0,20,CHF,2021-12-03
K17719AXG0,20,CHF,2022-01-10
K01286HVM0,20,CHF,2022-01-17
K01286HVO0,20,CHF,2022-01-17
K01286HVQ0,20,CHF,2022-01-17
K01286HVS0,20,CHF,2022-01-19
K01286HVU0,20,CHF,2022-01-24
K107250000,20,CHF,2022-02-17
K107260000,20,CHF,2022-02-18
K01286HWO0,20,CHF,2022-03-01
K01286HXG0,20,CHF,2022-03-02
K060800000,10,CHF,2022-03-04
K01795YYYY,20,EUR,2022-03-10
K11285BAE0,20,CHF,2022-02-07
K060670000,20,CHF,2022-02-08
K17719AXN0,20,CHF,2022-02-10
K104940000,20,CHF,2022-02-10
K060920000,20,CHF,2022-03-23
K127490000,20,CHF,2022-03-25
K01286HYM0,90,CHF,2022-04-04
K01795AGF0,20,EUR,2022-04-05
K01795AGK0,20,EUR,2022-04-05
K01795AGV0,20,EUR,2022-04-05
K01795AGX0,20,EUR,2022-04-05
K01795AGY0,20,EUR,2022-04-05
K01286HSF0,20,CHF,2021-10-07
K073210000,20,CHF,2021-08-04
K059970000,20,CHF,2021-09-06
K060120000,20,CHF,2021-09-06
K01286HRK0,20,CHF,2021-09-07
K01286HRQ0,20,CHF,2021-09-07
K089390000,20,CHF,2006-07-24
K089400000,20,CHF,2006-07-24
K089510000,20,CHF,2006-07-24
K089680000,20,CHF,2006-07-24
K089720000,90,CHF,2007-06-05
K089740000,90,CHF,2007-07-23
K090110000,90,CHF,2006-07-24
K090240000,90,CHF,2010-03-18
K090250000,20,CHF,2010-09-16
K090300000,90,CHF,2006-07-24
K090350000,90,CHF,2014-07-02
K090370002,90,CHF,2008-02-27
K079300000,20,CHF,2014-08-08
K079660000,90,CHF,2006-07-24
K079940000,90,CHF,2006-08-01
K080080000,20,CHF,2006-07-24
K080110000,20,CHF,2008-02-12
K080140000,90,CHF,2008-01-15
K080180000,20,CHF,2010-01-29
K080510000,10,CHF,2006-07-24
K080520000,20,CHF,2006-07-24
K080530000,90,CHF,2006-07-24
K08073ZZZZ,90,CHF,2008-01-22
K091890000,90,CHF,2006-07-24
K092050000,20,CHF,2014-12-19
K092220000,20,EUR,2006-07-24
K092230000,90,EUR,2008-05-23
K092340000,20,CHF,2006-07-24
K092450000,90,CHF,2006-07-24
K092520000,20,CHF,2006-10-09
K092530000,90,CHF,2006-11-08
K092740000,20,CHF,2009-09-17
K092950000,90,CHF,2008-08-13
K01795AHF0,20,EUR,2022-04-05
K01795AHQ0,20,EUR,2022-04-06
K01795AHR0,20,EUR,2022-04-06
K01795AHW0,20,EUR,2022-04-06
K01795AHY0,20,EUR,2022-04-06
K01795AHZ0,20,EUR,2022-04-06
K01795AID0,20,EUR,2022-04-06
K01795AAP0,20,EUR,2022-03-11
K01795ACK0,20,EUR,2022-03-15
K01795ACN0,20,EUR,2022-03-15
K01795ADB0,20,EUR,2022-03-16
K01795ADE0,20,EUR,2022-03-16
K01795ADG0,20,EUR,2022-03-16
K01795ADI0,20,EUR,2022-03-16
K01795ADJ0,20,EUR,2022-03-16
K01795ADN0,20,EUR,2022-03-16
K01795ADP0,20,EUR,2022-03-16
K01795AEF0,90,EUR,2022-03-16
K01795AEJ0,20,EUR,2022-03-16
K01795AEK0,20,EUR,2022-03-16
K01795AFC0,20,EUR,2022-03-16
K01795AFD0,20,EUR,2022-03-16
K01795AFG0,20,EUR,2022-03-16
K01795AFI0,20,EUR,2022-03-16
K01795AFW0,20,EUR,2022-03-16
K01795AFX0,20,EUR,2022-03-16
K060870000,20,CHF,2022-03-18
K01795AIJ0,20,EUR,2022-04-06
K01795AIK0,20,EUR,2022-04-06
K01795AIQ0,20,EUR,2022-04-06
K01795AJC0,20,EUR,2022-04-06
K01795AJD0,20,EUR,2022-04-06
K01795AJG0,20,EUR,2022-04-06
K01795AJZ0,90,EUR,2022-04-08
K01795AKB0,20,EUR,2022-04-08
K01795AKD0,20,EUR,2022-04-08
K01795AKE0,20,EUR,2022-04-08
K01795AKH0,20,EUR,2022-04-08
K01286HZX0,90,CHF,2022-05-03
K092990000,20,CHF,2006-07-24
K093060000,20,CHF,2006-07-24
K093080000,90,CHF,2006-07-24
K093210000,20,CHF,2006-08-01
K093260000,20,CHF,2006-07-24
K093290000,90,CHF,2009-02-11
K093370000,20,CHF,2006-07-24
K093400000,90,CHF,2013-03-21
K093450000,20,CHF,2015-07-20
K093490000,90,CHF,2006-07-24
K094070000,90,CHF,2006-12-12
K094250000,90,CHF,2006-07-24
K094300000,20,CHF,2011-05-12
K094580000,90,CHF,2006-07-24
K094610000,20,CHF,2006-07-24
K094760000,90,CHF,2007-07-20
K094830000,20,CHF,2012-02-15
K094970000,90,CHF,2006-07-24
K095000000,20,CHF,2006-07-24
K095030000,10,CHF,2010-04-14
K095130000,20,CHF,2008-01-09
K095150000,10,CHF,2006-07-24
K095160000,90,CHF,2008-05-08
K095230000,90,CHF,2006-07-24
K095270000,10,CHF,2006-07-24
K095830000,90,CHF,2006-07-24
K096080000,20,CHF,2007-01-31
K096150000,90,CHF,2006-07-24
K096240000,90,CHF,2006-08-01
K096520000,90,CHF,2006-08-01
K09037AAW0,90,CHF,2010-08-27
K09037ABN0,90,CHF,2010-08-27
K09037ABO0,90,CHF,2010-08-27
K09037ACU0,90,CHF,2013-03-11
K09037ACV0,90,CHF,2013-04-09
K09037AEB0,90,CHF,2014-08-25
K090380000,20,EUR,2015-06-29
K090430000,90,CHF,2006-08-01
K090980000,90,CHF,2006-07-24
K01795AKR0,20,EUR,2022-05-03
K01795AKT0,20,EUR,2022-05-03
K01795AKX0,20,EUR,2022-05-03
K01795AKY0,20,EUR,2022-05-03
K01795ALF0,20,EUR,2022-05-03
K01795ALI0,20,EUR,2022-05-03
K01795ALM0,20,EUR,2022-05-04
K01795ALZ0,20,EUR,2022-05-04
K049980000,20,CHF,2022-05-05
K01286HYU0,20,CHF,2022-04-13
K01286HYV0,20,CHF,2022-04-13
K11285BBA0,20,CHF,2022-04-21
K040580000,90,CHF,2022-04-28
K11285BBL0,20,CHF,2022-05-20
K11285BBM0,20,CHF,2022-05-20
K17719AYL0,20,CHF,2022-05-20
K17719AYM0,20,CHF,2022-05-23
K042020000,90,CHF,2022-05-24
K01286IAM0,20,CHF,2022-05-30
K01286IAO0,20,CHF,2022-05-30
K01286IAS0,20,CHF,2022-05-30
K01286IAU0,20,CHF,2022-05-30
K042150000,20,CHF,2022-05-31
K17719AYO0,20,CHF,2022-06-02
K17719AYW0,20,CHF,2022-06-02
K01795AOD0,20,EUR,2022-06-03
K01795AOE0,20,EUR,2022-06-03
K01795APX0,20,EUR,2022-06-07
K01795APY0,20,EUR,2022-06-07
K040760000,90,CHF,2022-05-12
K01286IAH0,20,CHF,2022-05-18
K01286IAI0,20,CHF,2022-05-18
K109800000,20,EUR,2022-06-17
K01286IBF0,20,CHF,2022-06-20
K01286IBH0,20,CHF,2022-06-20
K01286IBM0,20,CHF,2022-06-20
K109810000,20,CHF,2022-06-20
K04230YYYY,20,CHF,2022-06-23
K04230AAE0,20,CHF,2022-06-23
K04230AAQ0,20,CHF,2022-06-24
K091200000,90,CHF,2006-07-24
K091330000,20,CHF,2010-02-18
K091400000,10,EUR,2006-07-24
K091430000,10,CHF,2006-07-24
K091630000,20,CHF,2006-07-24
K10100ABX0,90,EUR,2012-07-26
K10100ACA0,90,EUR,2012-07-26
K10100ACR0,90,EUR,2012-07-26
K10100ADG0,90,EUR,2012-07-26
K10100ADS0,90,EUR,2012-07-26
K10100ADT0,90,EUR,2012-07-26
K10100ADV0,90,EUR,2012-07-26
K10100AEG0,90,EUR,2012-07-26
K10100AEW0,90,EUR,2012-07-26
K10100AEZ0,90,EUR,2012-07-26
K10100AFM0,90,EUR,2012-07-26
K10100AFN0,90,EUR,2012-07-26
K10100AFO0,90,EUR,2012-07-26
K10100AFS0,90,EUR,2012-07-26
K10100AGO0,90,EUR,2012-08-08
K10100AGZ0,90,EUR,2012-08-08
K10100AHC0,90,EUR,2012-08-08
K10100AHD0,90,EUR,2012-08-08
K10100AHQ0,90,EUR,2012-08-08
K10100AHR0,90,EUR,2012-08-08
K10100AIA0,90,EUR,2012-08-08
K10100AIB0,90,EUR,2012-08-08
K10100AIC0,90,EUR,2012-08-08
K10100AIF0,90,EUR,2012-08-08
K10100AIM0,90,EUR,2012-08-08
K10100AIQ0,90,EUR,2012-08-08
K10100AJW0,90,EUR,2012-08-08
K10100AKU0,90,EUR,2012-08-08
K10100ALA0,90,EUR,2012-08-08
K10100ALX0,90,EUR,2012-10-17
K10100ALZ0,90,EUR,2012-10-17
K10100AMB0,90,EUR,2012-10-17
K10100AMC0,90,EUR,2012-10-17
K10100AMG0,90,EUR,2012-10-17
K10100AMM0,90,EUR,2012-10-17
K10100AMN0,90,EUR,2012-10-17
K10100AMO0,90,EUR,2012-10-17
K10100AMP0,90,EUR,2012-10-17
K10100AMS0,90,EUR,2012-10-17
K10100ANB0,90,EUR,2012-10-17
K10100ANE0,90,EUR,2012-10-17
K10100ANP0,90,EUR,2012-10-17
K10100ANQ0,90,EUR,2012-10-17
K10100ANS0,90,EUR,2012-10-17
K10100ANT0,90,EUR,2012-10-17
K10100ANU0,90,EUR,2012-10-17
K10100AOK0,90,EUR,2012-10-17
K10100AOZ0,90,EUR,2012-10-17
K10100AQC0,90,EUR,2012-10-17
K10100AQG0,90,EUR,2012-10-17
K10100AQK0,90,EUR,2012-10-17
K10100ART0,90,EUR,2012-10-24
K10100ASO0,90,EUR,2012-10-24
K10100ASP0,90,EUR,2012-10-24
K10100ASQ0,90,EUR,2012-10-24
K10100ATB0,90,EUR,2012-10-24
K10100ATC0,90,EUR,2012-10-24
K10100ATG0,90,EUR,2012-10-24
K10100ATJ0,90,EUR,2012-10-24
K10100ATM0,90,EUR,2012-10-24
K10100ATR0,90,EUR,2012-10-24
K10100AUD0,90,EUR,2012-10-24
K10100AUF0,90,EUR,2012-10-24
K10100AVI0,90,EUR,2012-11-19
K10100AWT0,90,EUR,2012-11-19
K10100AXC0,90,EUR,2012-11-19
K10100AXH0,90,EUR,2012-11-19
K10100AXI0,90,EUR,2012-11-19
K10100AXK0,90,EUR,2012-11-19
K10100AXL0,90,EUR,2012-11-19
K10100AZK0,90,EUR,2012-12-07
K10100BAC0,90,EUR,2012-12-07
K10100BAL0,90,EUR,2012-12-07
K10100BAM0,90,EUR,2012-12-07
K10100BAR0,90,EUR,2012-12-07
K10100BBA0,90,EUR,2012-12-10
K10100BBB0,90,EUR,2012-12-10
K10100BBJ0,90,EUR,2013-01-17
K10100BCB0,90,EUR,2013-01-17
K10100BCF0,90,EUR,2013-01-17
K10100BCY0,90,EUR,2013-01-17
K096550000,20,CHF,2006-07-24
K096710003,20,CHF,2008-07-01
K09671AAE0,20,CHF,2009-01-13
K09671AAG0,20,CHF,2009-05-15
K09671AAK0,20,CHF,2009-09-16
K097000000,20,CHF,2006-07-24
K097030001,20,CHF,2013-07-15
K097050000,90,CHF,2009-05-15
K097190000,10,CHF,2009-08-18
K097230000,10,CHF,2006-07-24
K097250000,20,CHF,2008-03-17
K097360000,20,CHF,2006-07-24
K097590000,20,CHF,2006-07-24
K098120000,90,CHF,2007-09-19
K098170000,20,CHF,2006-07-24
K098340000,20,CHF,2012-08-08
K098450000,20,CHF,2006-07-24
K098670000,20,CHF,2006-07-24
K099070000,10,CHF,2006-07-24
K099140000,90,CHF,2006-07-24
K099160000,20,CHF,2007-02-22
K099270000,10,CHF,2014-10-23
K099340000,90,CHF,2006-10-31
K099350000,20,CHF,2010-09-24
K099660000,90,CHF,2006-12-20
K09974AAH0,90,CHF,2008-08-15
K09974ABF0,20,CHF,2010-04-27
K09974ABJ0,20,CHF,2010-04-27
K09974ABL0,90,CHF,2010-04-27
K09974ACB0,90,CHF,2010-04-27
K09974ACQ0,90,CHF,2010-04-27
K09974ADJ0,90,CHF,2010-04-27
K04230AAZ0,20,CHF,2022-06-24
K04230ABD0,20,CHF,2022-06-24
K01286IBY0,20,CHF,2022-06-27
K01286ICB0,20,CHF,2022-06-27
K01286ICE0,20,CHF,2022-06-27
K052150000,90,CHF,2022-06-29
K023540000,20,CHF,2022-07-21
K024230000,10,CHF,2022-07-27
K01286ICK0,20,CHF,2022-08-02
K01286ICP0,20,CHF,2022-08-03
K01286ICU0,20,CHF,2022-08-03
K01286ICV0,20,CHF,2022-08-03
K01286ICW0,20,CHF,2022-08-03
K01286ICY0,20,CHF,2022-08-03
K01795AQF0,20,EUR,2022-06-07
K01795AQO0,20,EUR,2022-06-07
K01795AQP0,20,EUR,2022-06-07
K01795AQQ0,20,EUR,2022-06-07
K01795AQR0,20,EUR,2022-06-07
K01795AQU0,20,EUR,2022-06-07
K049870000,20,CHF,2022-06-07
K01795ARC0,20,EUR,2022-06-07
K01795ARD0,20,EUR,2022-06-07
K01795ARG0,20,EUR,2022-06-07
K11285BBX0,20,CHF,2022-07-04
K01795ARZ0,20,EUR,2022-07-07
K01795ASA0,20,EUR,2022-07-07
K01795ASO0,20,EUR,2022-07-08
K01795ASR0,20,EUR,2022-07-08
K01795ASU0,20,EUR,2022-07-09
K17719AZK0,20,CHF,2022-07-11
K023180000,20,EUR,2022-07-13
K04230ACM0,20,CHF,2022-08-16
K11285BCR0,20,CHF,2022-08-24
K068610000,20,CHF,2022-08-25
K17719AZT0,20,CHF,2022-08-26
K01286IDL0,20,CHF,2022-08-04
K11285BCH0,20,CHF,2022-08-04
K11285BCI0,20,CHF,2022-08-04
K190010000,20,CHF,2022-08-04
K09974ADX0,90,CHF,2010-04-27
K09974ADY0,90,CHF,2010-04-27
K09974AEZ0,90,CHF,2010-04-27
K09974AFD0,90,CHF,2010-04-27
K09974AFE0,90,CHF,2010-04-27
K09974AFG0,90,CHF,2010-04-27
K09974AFS0,90,CHF,2010-04-27
K09974AGB0,90,CHF,2010-04-27
K09974AGC0,90,CHF,2010-04-27
K09974AGH0,90,CHF,2010-10-11
K099760000,20,CHF,2006-07-24
K099770000,90,CHF,2006-08-28
K099950000,90,EUR,2010-10-05
K099980000,20,EUR,2011-05-27
K100190000,90,EUR,2013-09-03
K100200000,20,EUR,2014-01-13
K100260000,10,CHF,2006-07-24
K100300000,20,CHF,2006-10-05
K100310000,20,CHF,2006-07-24
K100360000,20,CHF,2009-11-04
K100400000,20,CHF,2014-09-26
K100410000,20,CHF,2006-09-14
K100780000,20,CHF,2006-07-24
K100790000,20,CHF,2006-07-24
K100830000,90,CHF,2006-07-24
K100910001,20,CHF,2014-02-21
K10100AAG0,90,EUR,2012-07-26
K10100AAR0,90,EUR,2012-07-26
K10100ABC0,90,EUR,2012-07-26
K10100CBC0,90,EUR,2013-11-13
K10100CBK0,90,EUR,2013-11-13
K10100CBX0,90,EUR,2013-11-13
K10100CBY0,90,EUR,2013-11-13
K10100CCA0,90,EUR,2013-11-13
K10100CCJ0,90,EUR,2013-11-13
K10100CCS0,90,EUR,2013-12-06
K10100CCT0,90,EUR,2013-12-06
K10100CCZ0,90,EUR,2013-12-06
K10100CDG0,90,EUR,2013-12-06
K10100CDN0,90,EUR,2013-12-09
K10100CDU0,90,EUR,2013-12-09
K10100CEI0,90,EUR,2013-12-09
K10100CEQ0,90,EUR,2013-12-09
K10100CFB0,90,EUR,2014-01-10
K10100CFS0,90,EUR,2014-01-10
K10100CGI0,90,EUR,2014-01-10
K10100BDI0,90,EUR,2013-01-17
K10100BDV0,90,EUR,2013-01-17
K10100BED0,90,EUR,2013-02-22
K10100BEF0,90,EUR,2013-02-22
K10100BEM0,90,EUR,2013-02-22
K10100BEN0,90,EUR,2013-02-22
K10100BEQ0,90,EUR,2013-02-22
K10100BEX0,90,EUR,2013-02-22
K10100BFH0,90,EUR,2013-02-22
K10100BFN0,90,EUR,2013-02-22
K10100BFT0,90,EUR,2013-02-22
K10100BFX0,90,EUR,2013-02-22
K10100BFZ0,90,EUR,2013-02-22
K10100BGE0,90,EUR,2013-02-22
K10100BGJ0,90,EUR,2013-02-22
K10100BGR0,90,EUR,2013-03-11
K10100BHA0,90,EUR,2013-03-11
K10100BHY0,90,EUR,2013-03-11
K10100BIA0,90,EUR,2013-03-11
K10100BIL0,90,EUR,2013-03-11
K10100BIP0,90,EUR,2013-03-11
K10100BIQ0,90,EUR,2013-03-11
K10100BIS0,90,EUR,2013-03-11
K10100BIU0,90,EUR,2013-03-11
K10100BJI0,90,EUR,2013-03-11
K10100BKC0,90,EUR,2013-04-10
K10100BKL0,90,EUR,2013-04-10
K10100BKP0,90,EUR,2013-04-10
K10100BKQ0,90,EUR,2013-04-10
K10100BLK0,90,EUR,2013-04-10
K10100BLM0,90,EUR,2013-04-10
K10100BLV0,90,EUR,2013-04-10
K10100BMK0,90,EUR,2013-04-10
K10100BML0,90,EUR,2013-04-10
K01795ASY0,20,EUR,2022-08-05
K01795ATB0,20,EUR,2022-08-05
K01795ATI0,20,EUR,2022-08-05
K01795ATR0,20,EUR,2022-08-05
K01795ATX0,20,EUR,2022-08-08
K01795ATY0,20,EUR,2022-08-08
K01795AVB0,20,EUR,2022-08-08
K01795AVC0,20,EUR,2022-08-08
K01795AVN0,20,EUR,2022-08-08
K01795AVY0,90,EUR,2022-08-08
K033390000,10,CHF,2022-08-09
K01286IDQ0,20,CHF,2022-08-15
K01286IDR0,20,CHF,2022-08-15
K01286IDZ0,20,CHF,2022-08-15
K01286IFC0,20,CHF,2022-09-19
K04230ADE0,20,CHF,2022-09-02
K047540000,20,CHF,2022-09-02
K01795AWE0,20,EUR,2022-09-02
K01795AWF0,20,EUR,2022-09-02
K01795AWJ0,20,EUR,2022-09-02
K01795AWK0,20,EUR,2022-09-02
K01795AWX0,20,EUR,2022-09-02
K01795AWY0,20,EUR,2022-09-02
K01286IEU0,20,CHF,2022-09-05
K01795AXD0,20,EUR,2022-09-05
K01795AXI0,20,EUR,2022-09-05
K01795AXJ0,20,EUR,2022-09-05
K01795AXV0,20,EUR,2022-09-06
K01795AYK0,20,EUR,2022-09-06
K01795AZV0,20,EUR,2022-09-06
K01286IFI0,20,CHF,2022-09-19
K01286IFO0,20,CHF,2022-09-26
K01286IFP0,20,CHF,2022-09-26
K01795BBF0,20,EUR,2022-10-05
K01286IFR0,20,CHF,2022-10-03
K02503ACR0,20,CHF,2022-10-03
K01795AZX0,20,EUR,2022-10-05
K01795BAD0,20,EUR,2022-10-05
K01795BAJ0,20,EUR,2022-10-05
K10100BMW0,90,EUR,2013-05-13
K10100BND0,90,EUR,2013-05-13
K10100BNF0,90,EUR,2013-05-13
K10100BNG0,90,EUR,2013-05-13
K10100BNK0,90,EUR,2013-05-13
K10100BNU0,90,EUR,2013-05-13
K10100BNW0,90,EUR,2013-05-13
K10100BOE0,90,EUR,2013-05-13
K10100BOG0,90,EUR,2013-05-13
K10100BPT0,90,EUR,2013-05-13
K10100BPV0,90,EUR,2013-06-10
K10100BQB0,90,EUR,2013-06-10
K10100BQX0,90,EUR,2013-06-10
K10100BQY0,90,EUR,2013-06-10
K10100BRC0,90,EUR,2013-06-10
K10100BRJ0,90,EUR,2013-06-10
K10100BRQ0,90,EUR,2013-06-10
K10100BSL0,90,EUR,2013-07-09
K10100BSX0,90,EUR,2013-07-09
K10100BSY0,90,EUR,2013-07-09
K10100BTA0,90,EUR,2013-07-09
K10100BTC0,90,EUR,2013-07-08
K10100BTD0,90,EUR,2013-07-08
K10100BTQ0,90,EUR,2013-07-08
K10100BTT0,90,EUR,2013-07-08
K10100BTV0,90,EUR,2013-07-08
K10100BTX0,90,EUR,2013-07-08
K10100BTZ0,90,EUR,2013-07-08
K10100BUT0,90,EUR,2013-08-13
K10100BUW0,90,EUR,2013-08-13
K10100BVG0,90,EUR,2013-08-13
K10100BVI0,90,EUR,2013-08-13
K10100BWB0,90,EUR,2013-09-11
K10100BWF0,90,EUR,2013-09-11
K10100BXB0,90,EUR,2013-09-16
K10100BXG0,90,EUR,2013-09-16
K10100BYW0,90,EUR,2013-10-24
K10100BYY0,90,EUR,2013-10-24
K10100BZJ0,90,EUR,2013-10-24
K10100BZQ0,90,CHF,2013-10-24
K01795BAP0,20,EUR,2022-10-05
K01795BBD0,20,EUR,2022-10-05
K01795BBE0,20,EUR,2022-10-05
K01795BBQ0,20,EUR,2022-10-05
K01795BBV0,20,EUR,2022-10-05
K01795BCE0,20,EUR,2022-10-05
K01795BCI0,20,EUR,2022-10-05
K01795BCM0,20,EUR,2022-10-05
K04230AEH0,20,CHF,2022-10-06
K04230AEJ0,20,CHF,2022-10-06
K082100000,20,CHF,2022-11-08
K04230AEP0,20,CHF,2022-11-08
K040800000,20,CHF,2022-10-14
K01286IGH0,20,CHF,2022-10-17
K01286IGT0,20,CHF,2022-10-18
K01286IHX0,20,CHF,2022-11-21
K01286IIO0,20,CHF,2022-11-28
K04230AFU0,20,CHF,2022-12-01
K04230AFZ0,20,CHF,2022-12-01
K04230AGM0,20,CHF,2022-12-01
K032220000,20,CHF,2022-12-02
K095030001,10,CHF,2022-12-06
K01795BFS0,20,EUR,2022-12-06
K01795BFU0,20,EUR,2022-12-06
K01795BGR0,20,EUR,2022-12-06
K01795BGY0,20,EUR,2022-12-06
K01795BHE0,20,EUR,2022-12-06
K01795BHF0,20,EUR,2022-12-06
K01795BHH0,20,EUR,2022-12-06
K01795BHI0,20,EUR,2022-12-06
K01286IHL0,20,CHF,2022-11-08
K01286IHQ0,20,CHF,2022-11-08
K01795BDJ0,20,EUR,2022-11-09
K01795BDM0,20,EUR,2022-11-09
K01795BEF0,20,EUR,2022-11-09
K01795BEG0,20,EUR,2022-11-09
K01795BEW0,20,EUR,2022-11-09
K01795BEZ0,20,EUR,2022-11-09
K01795BFB0,20,EUR,2022-11-09
K01795BFC0,20,EUR,2022-11-09
K10100CAB0,90,EUR,2013-11-12
K10100CAH0,90,EUR,2013-11-12
K107940000,20,CHF,2009-12-02
K107960000,90,CHF,2013-04-08
K108000000,20,CHF,2012-01-31
K108060000,20,CHF,2015-11-23
K108540000,20,CHF,2006-07-24
K108840000,90,CHF,2007-03-02
K108870000,20,CHF,2006-07-24
K108920000,20,CHF,2006-07-24
K10100CGY0,90,EUR,2014-02-19
K10100CHC0,90,EUR,2014-02-19
K10100CHI0,90,EUR,2014-02-19
K10100CHW0,90,EUR,2014-02-19
K10100CJE0,90,EUR,2014-03-19
K10100CJN0,90,EUR,2014-03-19
K10100CJO0,90,EUR,2014-03-20
K10100CJV0,90,EUR,2014-03-20
K10100CJW0,90,EUR,2014-03-20
K10100CLJ0,90,EUR,2014-04-09
K10100CLM0,90,EUR,2014-04-09
K10100CLQ0,90,EUR,2014-04-09
K10100CLS0,90,EUR,2014-04-09
K10100CLT0,90,EUR,2014-04-09
K10100CLU0,90,EUR,2014-05-22
K10100CMW0,90,EUR,2014-05-22
K10100CMX0,90,EUR,2014-05-22
K10100CNJ0,90,EUR,2014-05-22
K10100COM0,90,EUR,2014-06-19
K10100COP0,90,EUR,2014-06-19
K10100COQ0,90,EUR,2014-06-19
K10100CPC0,90,EUR,2014-06-19
K10100CPQ0,90,EUR,2014-07-17
K10100CQO0,90,EUR,2014-07-17
K10100CQP0,90,EUR,2014-07-17
K10100CSJ0,90,EUR,2014-08-05
K10100CTJ0,90,EUR,2014-09-15
K10100CTN0,90,EUR,2014-09-15
K10100CTO0,90,EUR,2014-09-15
K046850000,10,CHF,2022-11-11
K01286IJE0,20,CHF,2022-12-09
K01286IJM0,20,CHF,2022-12-13
K106720000,20,CHF,2022-12-21
K04230AGN0,20,CHF,2023-01-03
K04230AGS0,20,CHF,2023-01-03
K04230AGT0,20,CHF,2023-01-03
K04230AGU0,20,CHF,2023-01-03
K04230AGW0,20,CHF,2023-01-03
K092140000,20,CHF,2023-01-03
K01795BJD0,90,EUR,2023-01-04
K01795BJI0,20,EUR,2023-01-04
K01795BJK0,20,EUR,2023-01-04
K01795BJN0,20,EUR,2023-01-04
K01795BJP0,20,EUR,2023-01-04
K01795BJV0,20,EUR,2023-01-04
K092160000,20,CHF,2023-01-05
K01286IKE0,20,CHF,2023-01-06
K092850000,20,CHF,2023-01-27
K01286ILG0,20,CHF,2023-01-30
K01286CJM0,90,CHF,2014-09-17
K01286CKZ0,20,CHF,2014-10-13
K01286CLB0,20,CHF,2014-10-13
K01286CNT0,20,CHF,2014-12-01
K01286COU0,20,CHF,2014-12-23
K01286CQE0,20,CHF,2015-01-27
K01286DAJ0,90,CHF,2015-12-01
K01286DAY0,20,CHF,2015-12-21
K02152ABH0,90,CHF,2014-10-13
K02152ACZ0,20,CHF,2015-06-23
K04370AEG0,20,CHF,2015-08-07
K07112AKN0,90,CHF,2014-08-07
K033600000,20,CHF,2017-11-21
K178730000,20,CHF,2017-11-21
K108080000,20,CHF,2017-12-12
K001580000,10,CHF,2017-12-18
K022250000,10,EUR,2017-12-22
K01286ELK0,20,CHF,2017-12-08
K01286ELQ0,20,CHF,2017-12-08
K01286ELR0,20,CHF,2017-12-08
K01286ELS0,20,CHF,2017-12-08
K01286EML0,20,CHF,2017-12-08
K01286EMK0,20,CHF,2017-12-08
K10100EHK0,90,EUR,2018-01-04
K01286ENG0,20,CHF,2018-01-04
K01286ENP0,20,CHF,2018-01-05
K01286EMT0,20,CHF,2018-01-05
K14542AEN0,20,CHF,2018-01-08
K07393BFT0,90,EUR,2018-01-09
K01286EQI0,20,CHF,2018-02-05
K001670000,20,CHF,2018-01-18
K152680002,90,CHF,2018-01-18
K01286EOU0,20,CHF,2018-01-23
K01286EOV0,20,CHF,2018-01-23
K037370000,20,CHF,2018-01-24
K01286EPH0,20,CHF,2018-01-30
K01286EPL0,20,CHF,2018-01-30
K01286EPN0,20,CHF,2018-01-30
K01286EPO0,20,CHF,2018-01-30
K01286EPS0,20,CHF,2018-01-30
K01286EPX0,20,CHF,2018-01-30
K028950000,20,CHF,2018-01-30
K031010000,20,CHF,2021-08-18
K01286ERO0,20,CHF,2018-02-19
K001780000,20,CHF,2018-02-20
K17719APG0,20,CHF,2018-02-21
K002130000,20,CHF,2018-02-23
K001820000,20,CHF,2018-02-27
K01286ESQ0,20,CHF,2018-03-12
K01286ESR0,20,CHF,2018-03-12
K10100EJU0,90,EUR,2018-02-05
K02152AKX0,20,CHF,2018-02-05
K01286EQS0,20,CHF,2018-02-12
K01286EQZ0,20,CHF,2018-02-12
K161390000,20,CHF,2018-02-13
K04370ALH0,20,CHF,2018-03-07
K01286ERV0,20,CHF,2018-03-07
K01286ERX0,20,CHF,2018-03-07
K01286ERY0,20,CHF,2018-03-07
K01286ESE0,20,CHF,2018-03-07
K10100CTP0,90,EUR,2014-09-15
K10100CUK0,90,EUR,2014-10-10
K10100CUO0,90,EUR,2014-10-09
K10100CUV0,90,EUR,2014-10-09
K10100CUX0,90,EUR,2014-10-09
K10100CYA0,90,EUR,2014-12-01
K10100CYB0,90,EUR,2014-12-01
K10100CYE0,90,EUR,2014-12-01
K10100CYF0,90,EUR,2014-12-02
K10100DAB0,90,EUR,2015-01-16
K10100DAG0,90,EUR,2015-02-20
K10100DAQ0,90,EUR,2015-02-23
K10100DAS0,90,EUR,2015-02-23
K10100DBG0,90,EUR,2015-02-24
K10100DBH0,90,EUR,2015-02-24
K10100DBI0,90,EUR,2015-02-24
K10100DBL0,90,EUR,2015-02-24
K10100DBM0,90,EUR,2015-02-24
K10100DBT0,90,EUR,2015-02-24
K10100DEL0,90,EUR,2015-04-08
K10100DEZ0,90,EUR,2015-05-15
K10100DFE0,90,EUR,2015-05-15
K10100DFX0,90,EUR,2015-05-13
K10100DGB0,90,EUR,2015-05-13
K10100DGH0,90,EUR,2015-05-13
K10100DGJ0,90,EUR,2015-05-13
K10100DHF0,90,EUR,2015-06-22
K10100DHI0,90,EUR,2015-06-22
K10100DHV0,90,EUR,2015-06-22
K10100DJE0,90,EUR,2015-07-08
K10100DJP0,90,EUR,2015-07-08
K10100DKO0,90,EUR,2015-08-04
K10100DKW0,90,EUR,2015-08-04
K10100DKX0,90,EUR,2015-08-04
K10100DKY0,90,EUR,2015-08-04
K01286EAN0,20,CHF,2017-07-25
K034530000,20,CHF,2017-07-27
K11285AIK0,20,CHF,2017-07-28
K01286EBF0,90,CHF,2017-07-31
K01286ESI0,20,CHF,2018-03-07
K01286ESJ0,20,CHF,2018-03-07
K07393BGJ0,90,EUR,2018-03-08
K001890000,20,CHF,2018-03-08
K10100EKH0,90,EUR,2018-03-09
K10100EKP0,90,EUR,2018-03-09
K01286ESZ0,20,CHF,2018-03-19
K01286ETD0,20,CHF,2018-03-19
K029280000,20,CHF,2018-03-19
K001960000,20,CHF,2018-03-20
K001990000,20,CHF,2018-03-22
K17719APK0,20,CHF,2018-03-27
K01286EUC0,20,CHF,2018-03-27
K01286EUF0,20,CHF,2018-03-27
K01286EUH0,20,CHF,2018-03-27
K01286EUN0,90,CHF,2018-04-03
K10100ELX0,90,EUR,2018-04-04
K10100ENF0,90,EUR,2018-04-04
K01286EUU0,20,CHF,2018-04-09
K01286EUW0,20,CHF,2018-04-09
K01286EVB0,20,CHF,2018-04-09
K01286EVD0,20,CHF,2018-04-09
K01286EVE0,20,CHF,2018-04-09
K01286EVI0,20,CHF,2018-04-09
K01286EVK0,20,CHF,2018-04-09
K01286EVM0,90,CHF,2018-04-09
K002180000,20,CHF,2018-04-25
K01286EWN0,20,CHF,2018-04-30
K01286EXF0,20,CHF,2018-04-30
K02151AUO0,20,CHF,2018-05-02
K002240000,20,CHF,2018-05-02
K11285AKB0,20,CHF,2018-05-02
K161490000,20,EUR,2018-05-03
K10100ENT0,90,EUR,2018-05-03
K10100ENU0,90,EUR,2018-05-03
K10100EOV0,90,EUR,2018-05-03
K10100EPB0,90,EUR,2018-05-03
K10100EPJ0,90,EUR,2018-05-03
K14542AEP0,20,CHF,2018-05-03
K01286EXI0,20,CHF,2018-05-07
K01286EBG0,20,CHF,2017-07-31
K01286EBK0,20,CHF,2017-07-31
K11285AIO0,20,CHF,2017-08-16
K000650000,20,CHF,2017-08-21
K000680000,20,CHF,2017-08-23
K01286ECO0,20,CHF,2017-08-25
K01286ECX0,20,CHF,2017-08-29
K01286EDC0,20,CHF,2017-08-29
K01286EDD0,20,CHF,2017-08-29
K01286EDM0,20,CHF,2017-08-29
K11285AIQ0,20,CHF,2017-08-30
K000700000,10,CHF,2017-08-30
K178670000,20,CHF,2017-09-01
K02151ASS0,20,CHF,2017-09-04
K01286EDV0,20,CHF,2017-09-04
K01286EDX0,20,CHF,2017-09-04
K01286EDZ0,20,CHF,2017-09-04
K000770000,20,CHF,2017-09-05
K07393BED0,90,EUR,2017-09-06
K02152AJG0,20,CHF,2017-09-07
K000790000,20,CHF,2017-09-07
K10100EBE0,90,EUR,2017-09-07
K10100EBK0,90,EUR,2017-09-07
K000830000,20,CHF,2017-09-14
K01286EFB0,20,CHF,2017-09-18
K01286EFE0,20,CHF,2017-09-18
K01286EFN0,20,CHF,2017-09-18
K01286EFO0,20,CHF,2017-09-18
K01286EFP0,20,CHF,2017-09-18
K01286EFS0,20,CHF,2017-09-18
K02151ASU0,20,CHF,2017-09-25
K01286EFX0,20,CHF,2017-09-25
K003620000,20,CHF,2017-09-27
K000960000,90,CHF,2017-09-29
K000970000,20,CHF,2017-09-29
K04370AKU0,20,CHF,2017-09-05
K04370AKW0,20,CHF,2017-09-05
K07393BEF0,90,EUR,2017-10-04
K07393BES0,90,EUR,2017-10-04
K01286EXP0,20,CHF,2018-05-07
K069420000,20,CHF,2018-05-22
K01286EYD0,20,CHF,2018-05-22
K10100ELC0,90,EUR,2018-03-09
K10100ELD0,90,EUR,2018-03-09
K10100ELE0,90,EUR,2018-03-09
K10100ELJ0,90,EUR,2018-03-09
K10100ELM0,90,EUR,2018-03-09
K10100ELS0,90,EUR,2018-03-09
K02151AUF0,20,CHF,2018-03-27
K123690000,10,CHF,2018-03-28
K01286EWB0,20,CHF,2018-04-16
K02151AUM0,20,CHF,2018-04-16
K02151AUN0,20,CHF,2018-04-16
K080240000,20,CHF,2018-05-08
K07393BGY0,90,EUR,2018-05-09
K069700000,20,CHF,2018-05-28
K161540000,90,CHF,2018-06-05
K01286EZD0,20,CHF,2018-06-05
K01286EZI0,20,CHF,2018-06-05
K01286EZJ0,20,CHF,2018-06-05
K04370ALP0,20,CHF,2018-06-05
K10100EPX0,90,EUR,2018-06-06
K10100EPY0,90,EUR,2018-06-06
K10100EPZ0,90,EUR,2018-06-06
K10100EQC0,90,EUR,2018-06-06
K077300000,10,CHF,2018-05-23
K025010000,20,CHF,2018-05-23
K069490000,20,CHF,2018-05-23
K049990000,20,CHF,2018-05-23
K005900000,20,CHF,2018-05-23
K01286EYL0,20,CHF,2018-05-24
K002340000,20,CHF,2018-05-25
K144330000,90,CHF,2018-05-28
K069790000,20,CHF,2018-05-28
K01286EYM0,20,CHF,2018-05-29
K01286EYO0,20,CHF,2018-05-29
K01286EYQ0,20,CHF,2018-05-29
K101800000,90,CHF,2018-06-12
K11285AKH0,20,CHF,2018-06-13
K10100ECU0,90,EUR,2017-10-09
K10100EDB0,90,EUR,2017-10-09
K10100EDG0,90,EUR,2017-10-09
K10100EDJ0,90,EUR,2017-10-09
K10100EDN0,90,EUR,2017-10-09
K10100EDQ0,90,EUR,2017-10-09
K10100EEB0,90,EUR,2017-10-09
K01286EGY0,20,CHF,2017-10-10
K01286EHB0,90,CHF,2017-10-10
K01286EHO0,20,CHF,2017-10-16
K118200000,20,CHF,2017-10-17
K02151ASW0,20,CHF,2017-10-17
K00500AEC0,20,CHF,2017-10-23
K01286EID0,20,CHF,2017-10-23
K01286EIF0,20,CHF,2017-10-23
K01286EIG0,20,CHF,2017-10-23
K01286EIJ0,20,CHF,2017-10-23
K01286EIS0,20,CHF,2017-10-23
K01286EIV0,20,CHF,2017-10-23
K01286EIW0,20,CHF,2017-10-23
K001340000,20,CHF,2017-10-27
K001360000,20,CHF,2017-10-31
K001370000,20,CHF,2017-10-31
K17719AOK0,20,CHF,2017-11-01
K001380000,20,CHF,2017-11-02
K10100EFG0,90,EUR,2017-11-02
K01286EIZ0,20,CHF,2017-11-02
K01286EJK0,90,CHF,2017-11-03
K01286EJW0,20,CHF,2017-11-03
K01286EKD0,20,CHF,2017-11-06
K01286EKE0,90,CHF,2017-11-06
K01286EKH0,20,CHF,2017-11-06
K01286EKI0,20,CHF,2017-11-06
K00500AED0,20,CHF,2017-11-06
K001470000,20,CHF,2017-11-27
K001480000,10,CHF,2017-11-27
K01286ELJ0,20,CHF,2017-11-28
K02151ATB0,20,CHF,2017-11-29
K001530000,20,CHF,2017-12-04
K04370ALC0,20,CHF,2017-12-04
K161580000,90,CHF,2018-06-19
K030990000,20,CHF,2018-06-19
K003310000,20,CHF,2018-06-19
K003300000,90,CHF,2018-06-19
SMCLV00000,20,EUR,2018-06-19
K01286EZU0,20,CHF,2018-06-20
K018520000,20,CHF,2018-06-25
K01286FAD0,90,CHF,2018-06-25
K01286FAP0,20,CHF,2018-07-02
K161640000,20,CHF,2018-07-03
K10100EQT0,90,EUR,2018-07-03
K10100EQH0,90,EUR,2018-06-06
K10100EQJ0,90,EUR,2018-06-06
K10100EQL0,90,EUR,2018-06-06
K111500000,10,CHF,2018-06-06
K07393BHL0,90,EUR,2018-06-07
K01286FAO0,20,CHF,2018-06-28
K07393BHR0,90,EUR,2018-07-13
K11864ALI0,20,CHF,2018-07-13
K01286FBI0,20,CHF,2018-07-16
K01286FBK0,20,CHF,2018-07-16
K01286FBL0,20,CHF,2018-07-16
K01286FBX0,20,CHF,2018-07-16
K01286FBY0,20,CHF,2018-07-16
K01286FCE0,20,CHF,2018-07-16
K01286FCI0,20,CHF,2018-07-16
K106500000,10,CHF,2018-07-17
K161700000,20,CHF,2018-07-20
K01286FCL0,20,CHF,2018-07-23
K01286FCS0,20,CHF,2018-07-23
K161740000,20,CHF,2018-07-24
K029790000,20,CHF,2018-07-24
K01286FDH0,20,CHF,2018-07-31
K01286FDP0,20,CHF,2018-07-31
K003260000,20,CHF,2018-07-31
K077310000,90,CHF,2018-08-02
K10100ERH0,90,EUR,2018-07-03
K10100ERN0,90,EUR,2018-07-03
K047360000,20,CHF,2018-08-07
K07393BHW0,90,EUR,2018-08-08
K10100EFP0,90,EUR,2017-12-04
K10100EFR0,90,EUR,2017-12-04
K10100EFS0,90,EUR,2017-12-04
K01286EGL0,20,CHF,2017-10-03
K04370AKX0,20,CHF,2017-10-04
K02152AJV0,20,CHF,2017-11-08
K064450000,20,CHF,2009-10-13
K064470000,20,CHF,2006-07-24
K064860000,20,CHF,2006-07-24
K052800000,90,CHF,2014-08-21
K052870000,20,CHF,2006-07-24
K053200000,90,CHF,2009-07-29
K053440000,90,CHF,2010-11-29
K053480000,20,CHF,2006-07-24
K053550000,90,CHF,2006-07-24
K053680001,90,CHF,2008-10-07
K054050000,20,CHF,2007-10-29
K054350000,90,CHF,2011-03-02
K054390001,90,CHF,2007-01-23
K054410000,90,CHF,2008-02-04
K054460000,20,CHF,2012-01-12
K054490000,20,CHF,2014-10-20
K054510000,20,CHF,2006-07-24
K054540000,90,CHF,2007-09-06
K055230000,90,CHF,2013-06-03
K055340000,20,CHF,2006-07-24
K055390000,90,CHF,2010-02-16
K065160000,90,CHF,2011-11-10
K065210000,90,CHF,2006-07-24
K065230000,20,CHF,2006-07-24
K065490000,20,CHF,2014-01-15
K065540000,20,CHF,2006-07-24
K065600000,10,CHF,2006-07-24
K065640000,20,CHF,2016-01-25
K065740000,90,CHF,2006-11-30
K065770000,20,CHF,2006-07-24
K065780000,90,CHF,2008-06-03
K066190000,20,CHF,2006-09-27
K066310000,90,CHF,2007-04-13
K020880000,20,CHF,2018-08-13
K01286FDY0,90,CHF,2018-08-14
K01286FEB0,20,CHF,2018-08-14
K002630000,20,CHF,2018-08-16
K091410000,10,CHF,2018-08-16
K002640000,20,CHF,2018-08-16
K053800000,20,CHF,2018-08-20
K01286FEU0,20,CHF,2018-08-20
K11285AKO0,20,CHF,2018-08-21
K11285AKP0,20,CHF,2018-08-22
K020410000,20,CHF,2018-08-24
K01286FEV0,20,CHF,2018-08-27
K01286FEW0,20,CHF,2018-08-27
K01286FEY0,20,CHF,2018-08-27
K002780000,20,CHF,2018-09-14
K045920000,20,CHF,2018-09-17
K01286FFZ0,20,CHF,2018-09-19
K17719AQD0,20,CHF,2018-09-19
K10100ESU0,90,EUR,2018-08-02
K10100ESV0,90,EUR,2018-08-02
K10100ESW0,90,EUR,2018-08-02
K10100ESX0,90,EUR,2018-08-02
K10100ESZ0,90,EUR,2018-08-02
K10100ETA0,90,EUR,2018-08-02
K10100ETF0,90,EUR,2018-08-02
K905990000,90,CHF,2018-08-03
K01286FDQ0,20,CHF,2018-08-03
K01286FDR0,20,CHF,2018-08-06
K01286FDS0,20,CHF,2018-08-06
K02151AUZ0,20,CHF,2018-08-29
K11285AKR0,20,CHF,2018-08-30
K01286FFF0,20,CHF,2018-09-03
K10100ETH0,90,EUR,2018-09-03
K10100ETT0,90,EUR,2018-09-04
K10100ETU0,90,EUR,2018-09-04
K10100ETX0,90,EUR,2018-09-04
K10100EUC0,90,EUR,2018-09-04
K10100EUD0,90,EUR,2018-09-04
K023800000,20,CHF,2018-09-04
K07393BIH0,90,EUR,2018-09-05
K066430000,10,CHF,2009-01-16
K066470000,20,CHF,2006-07-24
K066580000,20,CHF,2006-07-24
K066840000,90,CHF,2006-07-24
K066860000,20,CHF,2012-03-16
K067460000,20,CHF,2006-07-24
K067470000,20,CHF,2006-07-24
K067520000,20,EUR,2015-04-30
K067880000,20,CHF,2006-07-24
K06805ZZZZ,90,CHF,2008-01-22
K068360001,10,CHF,2006-08-04
K068420000,90,CHF,2007-10-04
K068430000,90,CHF,2011-09-01
K068450000,90,CHF,2015-07-29
K055450000,90,CHF,2010-09-08
K055550000,20,CHF,2006-07-27
K056140000,10,CHF,2006-12-04
K056190000,90,CHF,2011-04-11
K056290000,20,CHF,2014-05-20
K056530000,20,CHF,2015-05-19
K056560000,20,CHF,2009-10-09
K056600000,20,CHF,2006-07-24
K056650000,90,CHF,2006-07-24
K056680000,20,CHF,2013-11-07
K057350000,20,CHF,2006-07-24
K057710000,90,CHF,2006-07-24
K057780000,90,CHF,2010-02-05
K057810000,20,CHF,2011-10-05
K057960000,20,CHF,2006-07-24
K058080000,20,CHF,2013-04-26
K058100000,90,CHF,2007-05-16
K058980000,20,CHF,2008-11-13
K068460000,20,CHF,2006-07-24
K068480000,20,CHF,2006-07-24
K068780000,20,CHF,2006-07-24
K068880000,20,CHF,2006-07-24
K068940000,90,CHF,2006-07-24
K068980000,20,CHF,2011-01-05
K069010000,20,CHF,2006-08-01
K035750000,20,CHF,2018-09-10
K01286FGZ0,20,CHF,2018-10-01
K10100EUT0,90,EUR,2018-10-02
K11285AKT0,20,CHF,2018-09-24
K11285AKW0,20,CHF,2018-09-24
K01286FGT0,20,CHF,2018-09-25
K161830000,20,CHF,2018-09-26
K161840000,20,CHF,2018-10-10
K020420000,10,CHF,2018-10-11
K01286FHV0,20,CHF,2018-10-15
K01286FHY0,20,CHF,2018-10-15
K01286FHZ0,20,CHF,2018-10-15
K01286FIB0,20,CHF,2018-10-16
K002920000,20,CHF,2018-10-25
K161900000,20,CHF,2018-10-30
K003130000,20,CHF,2018-10-31
K003120000,20,CHF,2018-11-01
K003110000,90,CHF,2018-11-02
K01286FJC0,20,CHF,2018-11-05
K01286FJJ0,20,CHF,2018-11-05
K10100EWA0,90,EUR,2018-11-09
K10100EWE0,90,EUR,2018-11-09
K10100EWH0,90,EUR,2018-11-09
K10100EWI0,90,EUR,2018-11-09
K10100EVR0,90,EUR,2018-10-02
K01286FHJ0,20,CHF,2018-10-08
K01286FHN0,20,CHF,2018-10-08
K01286FHH0,20,CHF,2018-10-08
K161910000,20,CHF,2018-11-22
K003040000,20,CHF,2018-11-23
K001660001,20,CHF,2018-12-04
K10100EXJ0,90,EUR,2018-12-04
K10100EXX0,90,EUR,2018-12-04
K10100EYB0,90,EUR,2018-12-04
K10100EYE0,90,EUR,2018-12-04
K10100EYI0,90,EUR,2018-12-04
K01286FLH0,20,CHF,2018-12-05
K02151AVT0,20,CHF,2018-12-17
K10100EXI0,90,EUR,2018-11-09
K003100000,20,CHF,2018-11-12
K069070000,20,CHF,2014-01-08
K069890000,20,CHF,2006-07-24
K069900000,20,CHF,2006-07-24
K069960000,20,CHF,2006-07-24
K070050000,20,CHF,2006-07-24
K070450000,20,CHF,2007-01-23
K070620000,90,CHF,2009-04-30
K071070000,90,CHF,2006-07-24
K07112AAC0,20,CHF,2010-08-30
K07112AAE0,90,CHF,2010-08-30
K07112AAM0,20,CHF,2010-08-30
K07112AAN0,20,CHF,2010-08-30
K07112AAP0,90,CHF,2010-08-30
K07112ABD0,20,CHF,2010-08-30
K07112ABE0,20,CHF,2010-08-30
K059050000,20,CHF,2007-09-17
K059070001,20,CHF,2015-09-15
K059120000,20,CHF,2014-05-06
K059150000,90,CHF,2009-05-12
K059310000,20,CHF,2006-08-01
K059330000,90,CHF,2006-07-24
K059910000,20,CHF,2013-05-31
K061240000,90,CHF,2007-08-14
K061740000,20,CHF,2006-07-24
K061810000,20,CHF,2013-11-08
K061850002,10,CHF,2010-12-23
K072580000,90,CHF,2006-07-24
K072780000,90,CHF,2006-07-24
K072930000,20,CHF,2006-07-24
K073010000,90,CHF,2006-07-24
K073040000,20,CHF,2006-07-24
K073100000,20,CHF,2015-11-20
K07112ABF0,20,CHF,2010-08-30
K07112ABP0,90,CHF,2010-08-30
K07112ABQ0,20,CHF,2010-08-30
K07112ACZ0,20,CHF,2010-08-30
K07112ADD0,90,CHF,2010-08-30
K07112ADN0,20,CHF,2011-07-18
K07112AEJ0,20,CHF,2011-07-19
K01286FJW0,20,CHF,2018-11-12
K11285ALB0,20,CHF,2018-11-14
K11285ALC0,20,CHF,2018-11-14
K01286FJX0,20,CHF,2018-11-14
K01286FJY0,20,CHF,2018-11-15
K07393BJB0,90,EUR,2018-11-16
K053510000,20,CHF,2018-11-19
K053520000,20,CHF,2018-11-19
K01286FKI0,90,CHF,2018-11-19
K01286FLX0,20,CHF,2018-12-12
SMCWN00000,20,EUR,2019-01-08
K005430000,20,CHF,2019-01-10
K161920000,20,CHF,2019-01-11
K01286FOC0,20,CHF,2019-01-14
K005470000,10,CHF,2019-01-15
K162010000,20,CHF,2019-01-16
K005500000,20,CHF,2019-01-18
K162020000,20,CHF,2019-01-21
K01286FON0,20,CHF,2019-01-21
K01286FOM0,20,CHF,2019-01-21
K01286FOQ0,20,CHF,2019-01-21
K01286FOL0,20,CHF,2019-01-21
K01286FMX0,20,CHF,2018-12-17
K01286FMY0,20,CHF,2018-12-17
K07393BAT0,90,EUR,2018-12-19
K10100EZM0,90,EUR,2019-01-03
K10100EZN0,90,EUR,2019-01-03
K10100FAC0,90,EUR,2019-01-04
K02151AVV0,20,CHF,2019-01-07
K04370AMB0,20,CHF,2019-01-07
K04370AMC0,20,CHF,2019-01-07
K01286FNM0,20,CHF,2019-01-07
K01286FNS0,20,CHF,2019-01-07
K01286FNU0,20,CHF,2019-01-07
K01286FNG0,20,CHF,2019-01-07
K07393BJP0,90,EUR,2019-01-08
K162040000,10,CHF,2019-01-22
K01286FOV0,20,CHF,2019-01-28
K01286FPB0,20,CHF,2019-01-28
K01286FPC0,20,CHF,2019-01-28
K07112AEK0,20,CHF,2011-07-19
K07112AEM0,20,CHF,2011-07-19
K07112AFA0,20,CHF,2011-07-19
K07112AFD0,20,CHF,2011-07-19
K07112AFH0,20,CHF,2011-07-19
K07112AGE0,20,CHF,2011-10-04
K07112AGX0,20,CHF,2012-07-03
K07112AHN0,20,CHF,2012-09-06
K073440000,90,CHF,2006-07-24
K073550000,90,CHF,2006-07-24
K073680000,90,CHF,2011-12-20
K073720000,20,CHF,2006-07-24
K073740000,90,CHF,2011-02-07
K073770000,90,CHF,2006-07-24
K073780000,90,CHF,2006-07-24
K073810000,20,CHF,2013-10-09
K073910000,10,CHF,2006-07-24
K07393AAB0,90,EUR,2012-03-12
K07393AAD0,90,EUR,2012-04-05
K07393ABH0,90,EUR,2012-09-27
K07393ABO0,90,EUR,2012-11-08
K07393ABV0,90,EUR,2012-12-05
K07393ACE0,90,EUR,2013-01-25
K07393ACL0,90,EUR,2013-04-09
K07393ACZ0,90,EUR,2013-07-12
K07393ADI0,90,EUR,2013-09-25
K07393ADK0,90,EUR,2013-10-08
K07393ADL0,90,EUR,2013-10-08
K07393ADM0,90,EUR,2013-10-10
K07112AIQ0,20,CHF,2013-02-26
K07112AIR0,20,CHF,2013-02-26
K07112AIS0,20,CHF,2013-02-26
K07112AJV0,20,CHF,2013-11-20
K07112AJX0,20,CHF,2013-12-23
K07112AKD0,20,CHF,2014-05-27
K07112AKE0,20,CHF,2014-05-08
K07112AKI0,20,CHF,2014-05-26
K07112ALA0,20,CHF,2015-01-16
K07112ALD0,20,CHF,2015-01-16
K17719AEQ0,20,CHF,2019-02-14
K11285ALH0,20,CHF,2019-02-18
K01286FQD0,20,CHF,2019-02-18
K01286FQE0,20,CHF,2019-02-18
K01286FQI0,20,CHF,2019-02-18
K01286FQK0,20,CHF,2019-02-18
K162170000,20,CHF,2019-02-27
K005720000,20,CHF,2019-02-27
K17719AEO0,20,CHF,2019-02-05
K10100FAK0,90,EUR,2019-02-07
K10100FAI0,90,EUR,2019-02-07
K10100FBA0,90,EUR,2019-02-07
K10100FBO0,90,EUR,2019-02-07
K10100FAN0,90,EUR,2019-02-07
K07393BJQ0,90,EUR,2019-02-07
K17719AEP0,20,CHF,2019-02-08
K005680000,20,CHF,2019-02-11
K01286EJL0,20,CHF,2019-02-12
K01286FPU0,20,CHF,2019-02-12
K087420000,20,CHF,2019-07-09
K01286FQP0,20,CHF,2019-03-04
K01286FQV0,20,CHF,2019-03-04
K01286FRD0,20,CHF,2019-03-04
K10100FCM0,90,EUR,2019-03-05
K10100FCX0,90,EUR,2019-03-05
K10100FDE0,90,EUR,2019-03-05
K10100FDJ0,90,EUR,2019-03-05
K10100FBZ0,90,EUR,2019-03-05
K10100FCO0,90,EUR,2019-03-05
K020450000,20,CHF,2019-03-13
K098530000,20,CHF,2019-03-14
K01286FRV0,20,CHF,2019-03-19
K01286FSF0,20,CHF,2019-03-19
K17719AQN0,20,CHF,2019-03-21
K01286FTU0,20,CHF,2019-04-11
K01286FUE0,20,CHF,2019-04-18
K162510000,20,CHF,2019-04-23
K005830000,20,CHF,2019-04-23
K018480000,10,CHF,2019-04-29
K02151AWK0,20,CHF,2019-04-29
K07112ALS0,20,CHF,2015-07-06
K07112AME0,20,CHF,2016-02-08
K071130000,90,CHF,2006-07-24
K071150000,20,CHF,2012-02-01
K071240000,90,CHF,2006-07-24
K071440000,90,CHF,2006-07-24
K071930000,20,CHF,2014-08-12
K07393ADX0,90,EUR,2013-11-13
K07393AED0,90,EUR,2013-11-26
K07393AER0,90,EUR,2014-01-24
K07393AFJ0,90,EUR,2014-03-10
K07393AFM0,90,EUR,2014-03-13
K07393AFP0,90,EUR,2014-03-25
K07393AFV0,90,EUR,2014-03-31
K07393AFZ0,90,EUR,2014-04-07
K07393AGB0,90,EUR,2014-04-15
K07393AGJ0,90,EUR,2014-04-29
K07393AGL0,90,EUR,2014-05-07
K07393AGM0,90,EUR,2014-05-08
K07393AGQ0,90,EUR,2014-05-23
K07393AGW0,90,EUR,2014-06-12
K07393AGX0,90,EUR,2014-06-16
K07393AGY0,90,EUR,2014-06-18
K07393AHJ0,90,EUR,2014-07-15
K07393AHK0,90,EUR,2014-07-17
K07393AHS0,90,EUR,2014-08-13
K07393AHW0,90,EUR,2014-08-25
K07393AIJ0,90,EUR,2014-10-08
K07393AJC0,90,EUR,2014-10-15
K07393AJP0,90,EUR,2014-10-29
K07393AJQ0,90,EUR,2014-10-29
K07393AJV0,90,EUR,2014-10-29
K07393AKL0,90,EUR,2014-12-09
K07393AKN0,90,EUR,2014-12-15
K07393AKT0,90,EUR,2014-12-19
K07393ALJ0,90,EUR,2015-02-20
K07393ALO0,90,EUR,2015-03-04
K07393AMB0,90,EUR,2015-04-15
K07393AMI0,90,EUR,2015-06-17
K01286FVF0,20,CHF,2019-05-02
K01286FUQ0,20,CHF,2019-05-02
K01286FUX0,90,CHF,2019-05-02
K162540000,20,CHF,2019-05-07
K162550000,20,CHF,2019-05-07
K10100FFJ0,90,EUR,2019-05-08
K10100FFP0,90,EUR,2019-05-08
K162260000,20,CHF,2019-03-06
K01286FSO0,20,CHF,2019-03-25
K01286FSQ0,20,CHF,2019-03-25
K01286FSS0,20,CHF,2019-03-25
K01286FSI0,20,CHF,2019-03-25
K005740000,20,CHF,2019-03-27
K02151AWH0,20,CHF,2019-04-02
K01286FSY0,20,CHF,2019-04-03
K10100FDZ0,90,EUR,2019-04-04
K10100FED0,90,EUR,2019-04-04
K10100FES0,90,EUR,2019-04-04
K10100FDX0,90,EUR,2019-04-04
K005780000,20,CHF,2019-04-05
K07393BKK0,90,EUR,2019-04-05
K117960000,90,CHF,2019-05-22
K01286FXI0,20,CHF,2019-05-28
K01286FXJ0,20,CHF,2019-06-03
K10100FHJ0,90,EUR,2019-06-04
K10100FHM0,90,EUR,2019-06-04
K10100FIB0,90,EUR,2019-06-04
K027990004,20,CHF,2019-06-04
K161240001,20,CHF,2019-06-05
K118100000,90,EUR,2019-06-20
K083750000,20,CHF,2019-06-21
SMCRU00000,20,EUR,2019-06-26
K118140000,20,CHF,2019-06-26
K093500000,10,CHF,2019-07-01
K093510000,20,EUR,2019-07-01
K01286FYV0,20,CHF,2019-07-02
K01286FZL0,20,CHF,2019-07-02
K10100FIV0,90,EUR,2019-07-02
K10100FJB0,90,EUR,2019-07-02
K07393AMK0,90,EUR,2015-06-23
K07393AMR0,90,EUR,2015-07-13
K07393AMV0,90,EUR,2015-07-13
K07393AMW0,90,EUR,2015-07-13
K07393AOJ0,90,EUR,2015-09-14
K07393AOX0,90,EUR,2015-09-17
K07393API0,90,EUR,2015-10-01
K07393APL0,90,EUR,2015-10-01
K07393APR0,90,EUR,2015-10-01
K07393AQG0,90,EUR,2015-12-03
K07393AQI0,90,EUR,2015-12-03
K07393AQM0,90,EUR,2015-12-03
K072100000,20,CHF,2006-07-24
K072250000,90,CHF,2006-08-01
K072340000,10,CHF,2006-11-08
K072400000,20,CHF,2013-07-11
K072440000,20,CHF,2006-07-24
K072450000,20,CHF,2007-04-03
K08095AAA0,90,CHF,2011-04-04
K08095AAF0,90,CHF,2011-10-20
K08095AAG0,20,CHF,2011-11-22
K08095AAU0,20,CHF,2014-11-04
K081020000,20,CHF,2006-07-24
K081320000,20,CHF,2007-03-15
K08158ZZZZ,90,CHF,2009-08-12
K081840000,10,CHF,2006-07-24
K082220000,20,CHF,2016-01-18
K082480000,20,CHF,2006-07-24
K082630000,20,CHF,2006-07-24
K082680000,90,CHF,2006-07-24
K082770000,90,EUR,2007-09-07
K074060000,90,CHF,2006-07-24
K074280000,90,CHF,2006-07-24
K074330000,20,CHF,2006-07-24
K074480000,20,CHF,2012-09-26
K074590000,20,CHF,2016-02-11
K074890000,10,CHF,2006-07-24
K075000000,90,CHF,2006-08-01
K075260000,20,CHF,2006-07-24
K10100FJE0,90,EUR,2019-07-02
K10100FJN0,90,EUR,2019-07-02
K10100FJP0,90,EUR,2019-07-02
K10100FJQ0,90,EUR,2019-07-02
K07393BLO0,90,EUR,2019-07-03
K150330631,20,CHF,2010-09-06
K150330634,90,CHF,2010-09-06
K150330650,90,CHF,2010-09-06
K150330655,90,CHF,2010-09-06
K150330667,90,CHF,2010-09-06
K150330677,90,CHF,2010-09-06
K150330683,90,CHF,2010-09-06
K150330691,90,CHF,2010-09-06
K150330701,90,CHF,2010-09-06
K150330706,90,CHF,2010-09-06
K150330710,90,CHF,2010-09-06
K150330715,90,CHF,2010-09-06
K150330730,90,CHF,2010-09-06
K150330739,90,CHF,2010-09-06
K150330740,90,CHF,2010-09-06
K150330746,90,CHF,2010-09-06
K150330748,90,CHF,2010-09-06
K148410000,90,CHF,2006-07-24
K148460000,20,CHF,2007-03-28
K148520000,20,CHF,2007-11-07
K148610000,20,CHF,2006-07-24
K148850000,90,CHF,2006-07-24
K148870000,10,CHF,2006-07-24
K148980000,90,CHF,2006-09-28
K149010000,90,CHF,2006-07-24
K149020000,90,CHF,2006-07-24
K149030000,90,CHF,2006-07-24
K149050000,90,CHF,2006-07-24
K149170000,20,CHF,2006-07-28
K149180000,90,CHF,2008-02-04
K149530000,10,CHF,2009-04-03
K149550000,90,CHF,2006-07-24
K149560000,90,CHF,2006-07-24
K149620000,90,CHF,2009-05-13
K075400000,20,CHF,2008-03-18
K075410000,20,CHF,2006-07-24
K075830000,90,CHF,2010-05-04
K076010000,20,CHF,2006-07-24
K076020000,20,CHF,2006-09-04
K083150000,90,CHF,2006-07-24
K083640000,90,CHF,2008-04-15
K083920000,90,CHF,2006-07-24
K083940000,20,CHF,2006-07-24
K084280000,10,CHF,2006-07-24
K084340000,20,CHF,2006-07-24
K084360000,90,CHF,2007-05-07
K084570000,90,CHF,2008-02-26
K084910000,20,CHF,2009-06-12
K084930000,20,CHF,2013-09-12
K085100000,20,CHF,2009-03-09
K085110000,90,CHF,2009-11-26
K085120000,20,CHF,2011-10-31
K085330000,20,CHF,2006-07-24
K085570000,20,CHF,2006-07-24
K085590000,20,CHF,2013-11-11
K085820000,20,CHF,2006-07-24
K085960000,20,CHF,2014-12-23
K085980000,90,CHF,2016-02-02
K086000000,20,CHF,2007-03-22
K086040000,90,CHF,2012-08-29
K086210000,90,CHF,2012-11-08
K086490000,20,CHF,2006-07-24
K086880001,20,CHF,2008-02-06
K086990000,20,CHF,2007-03-26
K087090000,20,CHF,2006-07-24
K087250000,90,CHF,2006-07-24
K087470000,90,CHF,2006-07-24
K087700001,20,CHF,2009-02-18
K087710000,20,CHF,2006-07-24
K087760000,90,CHF,2006-07-24
K087770000,10,CHF,2006-07-24
K087790000,90,CHF,2007-01-17
K087840000,20,CHF,2015-08-28
K14972YYYY,20,CHF,2010-01-25
K149780000,90,CHF,2006-07-24
K150330753,90,CHF,2010-09-06
K150330758,90,CHF,2010-09-06
K150330761,90,CHF,2010-09-06
K150330766,90,CHF,2010-09-06
K150330770,90,CHF,2010-09-06
K150330779,90,CHF,2010-09-06
K150330781,90,CHF,2010-09-06
K150330787,90,CHF,2010-09-06
K150330788,90,CHF,2010-09-06
K150330792,90,CHF,2010-09-06
K150330804,90,CHF,2010-09-06
K150330813,90,CHF,2010-09-06
K150330827,90,CHF,2010-09-06
K150330832,90,CHF,2010-09-06
K150330842,90,CHF,2010-09-06
K150330845,90,CHF,2010-09-06
K150330854,90,CHF,2010-09-06
K150330870,90,CHF,2010-09-06
K150330882,90,CHF,2010-09-06
K150330897,90,CHF,2010-09-08
K150330905,90,CHF,2010-10-15
K150330907,90,CHF,2010-10-15
K150330910,90,CHF,2010-11-03
K150330919,90,CHF,2011-02-17
K150330923,90,CHF,2011-02-28
K150330933,90,CHF,2011-05-26
K150330938,90,CHF,2011-06-10
K150330942,90,CHF,2011-07-01
K150330944,90,CHF,2011-07-26
K150330951,90,CHF,2011-11-23
K150330965,90,CHF,2013-03-21
K150330977,90,CHF,2013-08-26
K150330990,90,CHF,2013-08-26
K150331007,90,CHF,2013-08-28
K150331013,90,CHF,2013-08-28
K150331018,90,CHF,2013-08-29
K150331038,90,CHF,2013-08-29
K088170000,10,CHF,2006-07-24
K076070000,90,CHF,2006-08-01
K076160000,90,CHF,2008-07-29
K076180000,90,CHF,2006-08-01
K076270000,20,CHF,2006-08-01
K076280000,90,CHF,2006-07-24
K076410000,20,CHF,2006-07-24
K076640000,10,CHF,2006-07-24
K076920000,20,CHF,2013-04-04
K076970000,90,CHF,2007-09-28
K077120000,20,CHF,2006-07-24
K077150000,90,CHF,2012-01-24
K077210000,90,CHF,2009-08-27
K077670000,90,CHF,2006-07-24
K077770000,90,CHF,2006-07-24
K077950000,20,CHF,2006-07-24
K078090000,20,CHF,2015-11-27
K078230000,20,CHF,2013-09-05
K078240000,90,CHF,2006-07-24
K078430000,20,CHF,2006-07-24
K078700000,20,CHF,2006-10-12
K078870000,20,CHF,2011-08-23
K079210000,90,CHF,2006-07-24
K088280000,90,CHF,2006-07-24
K088380000,90,CHF,2006-07-24
K088500000,20,CHF,2009-04-16
K089060000,90,CHF,2006-07-24
K089370000,20,CHF,2006-07-24
K177610000,20,CHF,2012-07-04
K177620000,20,CHF,2012-07-19
K177650000,20,CHF,2012-08-14
K177730000,10,CHF,2012-11-13
K177830001,20,CHF,2013-07-26
K177850000,10,CHF,2013-05-31
K178030000,20,CHF,2014-02-12
K178090000,90,CHF,2014-02-12
K174510000,20,CHF,2015-02-09
K174690000,90,CHF,2008-04-23
K174770000,20,CHF,2008-05-29
K150331046,90,CHF,2013-10-29
K150331054,90,CHF,2014-03-11
K150331066,90,CHF,2014-06-05
K150331068,90,CHF,2014-06-05
K150331089,90,CHF,2014-06-03
K150331094,90,CHF,2014-06-05
K150331103,90,CHF,2015-01-30
K150331111,90,CHF,2015-03-05
K150331117,90,CHF,2015-03-31
K150331132,90,CHF,2015-08-12
K150331136,90,CHF,2015-11-12
K150331142,90,CHF,2016-01-08
K150331146,90,CHF,2016-02-18
K150331152,90,CHF,2016-03-17
K15033YYYY,90,CHF,2014-05-06
K150380000,90,CHF,2006-07-24
K150540000,90,CHF,2006-07-24
K150720000,90,CHF,2006-07-24
K150730000,20,CHF,2006-07-24
K168980000,90,CHF,2007-07-05
K169070000,20,CHF,2007-08-15
K169100000,90,CHF,2007-08-28
K169160000,20,CHF,2007-09-12
K169240000,20,CHF,2007-09-25
K169250001,20,CHF,2012-05-29
K169290000,20,CHF,2007-10-16
K169510000,20,CHF,2008-04-08
K169520000,20,CHF,2008-04-08
K169610000,10,CHF,2008-05-06
K169660000,90,CHF,2008-06-30
K169760000,20,CHF,2008-09-25
K169790000,20,CHF,2008-10-10
K169810000,90,CHF,2008-11-05
K169990000,20,CHF,2009-02-23
K170170000,90,CHF,2007-11-20
K170230000,90,CHF,2007-12-06
K170450000,10,CHF,2008-02-19
K170460000,10,CHF,2008-02-20
K170600000,90,CHF,2008-04-08
K174910000,20,CHF,2008-07-09
K174960000,20,CHF,2008-07-22
K175050000,20,CHF,2008-08-19
K175130000,20,CHF,2008-10-22
K175170000,10,CHF,2008-11-06
K175190000,20,CHF,2008-11-21
K175230000,20,CHF,2008-12-19
SMCDE00000,20,EUR,2007-04-18
SMCES00000,20,EUR,2007-04-18
SMCNL00000,20,EUR,2008-04-03
K106110000,20,CHF,2016-04-01
K07393ARU0,90,EUR,2016-04-05
K017290000,20,CHF,2016-03-16
K092830000,20,CHF,2016-03-17
K160300000,20,CHF,2016-03-31
K02152AFG0,20,CHF,2016-04-05
K02151AQK0,20,CHF,2016-04-19
K028010000,20,CHF,2016-04-12
K059180000,20,CHF,2016-04-12
K01286DAW0,20,CHF,2015-12-21
K07393AOO0,90,EUR,2015-09-14
K17719AMC0,20,CHF,2016-04-28
K17719AMD0,20,CHF,2016-04-29
K01286DFO0,20,CHF,2016-05-02
K160400000,20,CHF,2016-05-09
K02152AFK0,20,CHF,2016-05-09
K026230000,20,CHF,2016-05-18
K023670000,20,CHF,2016-05-26
K178440000,10,CHF,2015-11-19
K178460000,10,CHF,2016-01-27
K178470000,90,CHF,2016-02-11
K178480000,90,CHF,2016-02-22
K178490000,20,CHF,2016-02-25
K178500000,20,CHF,2016-03-02
K032620000,10,CHF,2016-04-07
K150331155,90,CHF,2016-04-18
K094030000,10,CHF,2016-04-19
K02151AQG0,20,CHF,2016-04-19
K07393ANC0,90,EUR,2015-07-13
K064440000,90,CHF,2008-02-25
K064690000,20,CHF,2006-07-24
K064760000,90,CHF,2008-12-08
K065050000,90,CHF,2006-07-24
K065140000,20,CHF,2007-08-23
K065190000,20,CHF,2006-07-24
K065480000,20,CHF,2006-07-24
K065610000,90,CHF,2006-11-24
K065850000,20,CHF,2008-12-15
K065860000,20,CHF,2006-07-24
K066010000,20,CHF,2006-07-24
K066420000,10,CHF,2008-07-09
K066510000,10,CHF,2010-01-28
K066540000,90,CHF,2006-07-24
K066680000,20,CHF,2006-07-24
K066690000,90,CHF,2006-07-24
K066880000,20,CHF,2014-10-20
K066990000,90,CHF,2008-06-02
K067270000,90,CHF,2007-09-20
K067330000,90,CHF,2014-01-24
K054140000,20,CHF,2006-07-24
K054300000,90,CHF,2006-07-24
K054380000,20,CHF,2006-07-24
K054480000,20,CHF,2013-11-11
K054610000,20,CHF,2006-07-24
K054630000,20,CHF,2012-09-10
K054780000,10,CHF,2006-07-24
K055190000,90,CHF,2009-01-16
K055540000,20,CHF,2006-08-01
K055920000,10,EUR,2015-06-15
K056000000,20,CHF,2007-04-05
K056100000,20,CHF,2013-06-18
K056120000,90,CHF,2015-08-17
K056130000,10,CHF,2006-07-24
K056520000,90,CHF,2006-07-24
K056620000,20,CHF,2012-05-09
K056660000,10,CHF,2014-10-16
K057070000,90,CHF,2006-07-24
K057260000,90,CHF,2007-04-17
K160420000,20,CHF,2016-05-10
K01286DCN0,20,CHF,2016-02-18
K160440000,20,CHF,2016-05-11
K160480000,20,CHF,2016-05-20
K04370AIT0,20,CHF,2016-06-07
K07393ASW0,90,EUR,2016-06-08
K07393ASR0,90,EUR,2016-06-08
K07393ASV0,90,EUR,2016-06-08
K02151AQP0,20,CHF,2016-06-08
K01286DGX0,20,CHF,2016-06-16
K01286DHB0,90,CHF,2016-06-16
K004950000,20,CHF,2016-06-30
K049640000,20,CHF,2016-07-01
K01286DHW0,20,CHF,2016-07-04
K01286DHX0,20,CHF,2016-07-04
K17719AME0,20,CHF,2016-06-01
K150331160,90,CHF,2016-06-01
K160530000,90,CHF,2016-06-01
K036910000,20,CHF,2016-06-03
K00500AAJ0,20,CHF,2016-06-21
K00500AAU0,90,CHF,2016-06-21
K005100000,10,CHF,2016-06-10
K01286CGU0,20,CHF,2014-08-05
K01286CJT0,20,CHF,2014-09-17
K01286CMC0,90,CHF,2014-11-05
K01286CRT0,20,CHF,2015-03-09
K10100CLZ0,90,EUR,2014-05-22
K10100CXB0,90,EUR,2014-12-01
K160580000,20,CHF,2016-06-15
K00500ABH0,20,CHF,2016-06-21
K00500ABI0,20,CHF,2016-06-21
K00500ABT0,20,CHF,2016-06-21
K00500ABX0,90,CHF,2016-06-21
K00500ABY0,20,CHF,2016-06-21
K00500ACE0,20,CHF,2016-06-21
K00500ACI0,20,CHF,2016-06-21
K00500ACT0,20,CHF,2016-06-21
K00500ACU0,20,CHF,2016-06-21
K00500ADF0,20,CHF,2016-06-21
K057370000,20,CHF,2016-01-12
K057550000,90,CHF,2007-08-31
K057700000,90,CHF,2008-02-12
K057760000,90,CHF,2006-07-24
K058090000,90,CHF,2006-07-24
K058230002,10,CHF,2006-10-03
K058640000,90,CHF,2006-07-24
K058700000,20,CHF,2015-01-09
K058960000,20,CHF,2012-09-05
K059170000,20,CHF,2016-02-04
K059340000,90,CHF,2006-07-24
K059360000,90,CHF,2009-03-03
K059560000,90,CHF,2006-07-24
K059590000,20,CHF,2006-07-24
K059610000,90,CHF,2010-07-13
K060100000,20,CHF,2006-12-01
K060460000,20,CHF,2010-10-25
K060510000,20,CHF,2013-06-12
K060580000,10,CHF,2006-07-24
K060600000,20,CHF,2013-11-01
K068360002,20,CHF,2014-07-11
K068510000,20,CHF,2008-11-27
K068540000,90,CHF,2014-05-22
K068570000,90,CHF,2006-07-24
K068580000,20,CHF,2015-10-05
K068670000,90,CHF,2006-07-24
K068930000,90,CHF,2006-11-08
K068960000,20,CHF,2008-10-13
K069040000,20,CHF,2013-07-22
K069290000,20,CHF,2013-12-31
K069550000,90,CHF,2006-07-24
K070270000,20,CHF,2006-07-24
K070470000,20,CHF,2006-07-24
K070640001,90,CHF,2007-04-18
K070660000,20,CHF,2013-07-23
K07112AAD0,20,CHF,2010-08-30
K07112AAJ0,20,CHF,2010-08-30
K07112AAU0,20,CHF,2010-08-30
K07112AAY0,90,CHF,2010-08-30
K00500ADI0,20,CHF,2016-06-21
K00500ADJ0,20,CHF,2016-06-21
K00500ADM0,20,CHF,2016-06-21
K00500ADO0,90,CHF,2016-06-21
K108570000,90,CHF,2016-06-22
K02151AQY0,20,CHF,2016-07-04
K02151AQZ0,20,CHF,2016-07-04
K02152AFU0,20,CHF,2016-07-05
K07393ATH0,90,EUR,2016-07-08
K074420000,20,CHF,2016-07-12
K034500000,20,CHF,2016-07-18
K020660000,20,CHF,2016-07-19
K013160001,20,CHF,2016-07-21
K005060000,20,CHF,2016-07-21
K01286DIV0,20,CHF,2016-07-27
K160730000,20,CHF,2016-08-02
K005070000,20,CHF,2016-07-22
K005140000,90,CHF,2016-07-27
K11285AGS0,20,CHF,2016-08-05
K07393ATT0,90,EUR,2016-08-08
K07393ATZ0,90,EUR,2016-08-08
K114190000,20,CHF,2016-08-08
K01286DHO0,20,CHF,2016-06-27
K02151AQT0,20,CHF,2016-06-28
K01286DJS0,20,CHF,2016-08-23
K01286CQG0,20,CHF,2015-01-27
K01448FCX0,90,CHF,2015-07-08
K01448FGB0,90,CHF,2016-02-24
K10100CHA0,90,EUR,2014-02-19
K10100CIT0,90,EUR,2014-03-19
K10100CYM0,90,EUR,2015-01-15
K10100DKV0,90,EUR,2015-08-04
K01286DJT0,20,CHF,2016-08-23
K032390000,20,CHF,2016-08-30
K17719AMR0,20,CHF,2016-09-02
K02152AGL0,20,CHF,2016-09-05
K02152AGR0,20,CHF,2016-09-05
K01286DIY0,20,CHF,2016-08-09
K01286DJA0,20,CHF,2016-08-09
K060960000,20,CHF,2006-07-24
K061000000,10,CHF,2006-07-24
K061470000,20,CHF,2006-07-24
K061490000,20,CHF,2014-02-10
K061750000,20,CHF,2006-07-24
K061850006,20,CHF,2011-01-31
K061900000,10,CHF,2006-07-24
K062080000,90,CHF,2006-07-24
K072600000,10,CHF,2006-07-24
K072600001,20,CHF,2011-05-23
K072620000,20,CHF,2006-07-24
K072680000,20,CHF,2007-05-09
K072720000,90,CHF,2006-09-22
K073050000,20,CHF,2006-07-24
K073080000,90,CHF,2013-12-12
K073490000,90,CHF,2006-07-24
K073590000,20,CHF,2006-07-24
K073600000,20,CHF,2006-07-24
K073650000,90,CHF,2006-07-24
K073730000,20,CHF,2009-01-07
K07112ABM0,90,CHF,2010-08-30
K07112ACC0,20,CHF,2010-08-30
K07112ACQ0,20,CHF,2010-08-30
K07112ACR0,20,CHF,2010-08-30
K07112ADL0,20,CHF,2011-07-18
K07112ADO0,20,CHF,2011-07-18
K07112ADQ0,20,CHF,2011-07-18
K07112AEE0,20,CHF,2011-07-19
K07112AEF0,20,CHF,2011-07-19
K07112AEN0,20,CHF,2011-07-19
K07112AER0,90,CHF,2011-07-19
K07112AEU0,20,CHF,2011-07-19
K07112AFC0,20,CHF,2011-07-19
K07112AFK0,20,CHF,2011-09-12
K07112AGF0,90,CHF,2011-10-04
K07112AGG0,20,CHF,2011-10-04
K07112AGJ0,20,CHF,2012-07-02
K07112AGK0,90,CHF,2012-07-03
K07112AGV0,20,CHF,2012-07-03
K01286DJE0,20,CHF,2016-08-10
K01286DJI0,20,CHF,2016-08-16
K01286DJL0,20,CHF,2016-08-16
K01286DJN0,20,CHF,2016-08-18
K07393AUG0,90,EUR,2016-09-06
K07393AUL0,90,EUR,2016-09-06
K01286DKN0,20,CHF,2016-09-07
K004740000,20,CHF,2016-09-08
K160950000,10,CHF,2016-09-09
K004560000,20,CHF,2016-10-04
K01286DLW0,20,CHF,2016-10-06
K01448FCQ0,90,CHF,2015-06-19
K01448FDN0,90,CHF,2015-07-29
K10100CPT0,90,EUR,2014-07-17
K100490000,20,CHF,2016-09-14
K150331173,90,CHF,2016-09-19
K004650000,20,CHF,2016-09-20
K004620000,10,CHF,2016-09-21
K059190000,90,CHF,2016-09-21
K00500ADV0,20,CHF,2016-09-22
K024910000,90,CHF,2016-09-26
K01286DLM0,20,CHF,2016-09-26
K01286DLO0,20,CHF,2016-09-28
K019500000,90,CHF,2016-09-28
K004710000,20,CHF,2016-09-13
K01286DLP0,20,CHF,2016-09-30
K10100COF0,90,EUR,2014-06-18
K017880000,20,CHF,2016-10-03
K02152AGX0,20,CHF,2016-10-04
K000050000,10,CHF,2016-10-11
K01286DMH0,20,CHF,2016-10-17
K075160000,20,CHF,2016-10-17
K01286CGG0,20,CHF,2014-07-24
K01286COI0,20,CHF,2014-12-15
K10100CXK0,90,EUR,2014-12-01
K10100CXV0,90,EUR,2014-12-01
K10100CZI0,90,EUR,2015-01-15
K10100DCQ0,90,EUR,2015-03-13
K10100DEA0,90,EUR,2015-04-08
K07112AHD0,20,CHF,2012-07-04
K07112AHO0,20,CHF,2012-09-06
K07112AHU0,20,CHF,2012-09-06
K07112AHY0,20,CHF,2012-12-05
K07112AIG0,20,CHF,2012-12-05
K07112AIM0,20,CHF,2013-01-16
K07112AIX0,20,CHF,2013-04-17
K07112AIY0,20,CHF,2013-04-17
K07112AJK0,20,CHF,2013-07-31
K07112AKA0,20,CHF,2014-03-21
K07112AKF0,20,CHF,2014-05-08
K07112AKG0,20,CHF,2014-05-26
K07112AKV0,20,CHF,2014-09-30
K071220000,20,CHF,2012-01-30
K071450000,10,CHF,2006-07-24
K071510000,90,CHF,2010-03-19
K07393AAP0,90,EUR,2012-06-11
K07393AAT0,90,EUR,2012-06-11
K07393ABG0,90,EUR,2012-09-20
K07393ABK0,90,EUR,2012-10-15
K07393ABP0,90,EUR,2012-11-09
K07393ABX0,90,EUR,2012-12-11
K07393ACC0,90,EUR,2013-01-23
K07393ACM0,90,EUR,2013-05-08
K07393ACY0,90,EUR,2013-07-12
K07393ADR0,90,EUR,2013-10-24
K07393ADS0,90,EUR,2013-10-28
K07393AEB0,90,EUR,2013-11-22
K07393AEG0,90,EUR,2013-12-06
K07393AEI0,90,EUR,2013-12-12
K07393AEN0,90,EUR,2014-01-15
K07393AES0,90,EUR,2014-01-24
K07393AET0,90,EUR,2014-01-27
K07393AFH0,90,EUR,2014-03-05
K07393AFN0,90,EUR,2014-03-14
K07393AFX0,90,EUR,2014-04-07
K07393AGC0,90,EUR,2014-04-17
K07393AHR0,90,EUR,2014-08-13
K07393AHU0,90,EUR,2014-08-15
K10100DMR0,90,EUR,2015-09-10
K10100DMS0,90,EUR,2015-09-10
K150331099,90,CHF,2014-10-06
K004480000,90,EUR,2016-10-18
K004460000,20,CHF,2016-10-21
K150331177,90,CHF,2016-10-25
K11285AHC0,20,CHF,2016-10-26
K091000000,20,CHF,2016-10-26
K150331178,90,CHF,2016-10-27
K01286DMS0,20,CHF,2016-10-31
K01286DMU0,20,CHF,2016-11-01
K07393AVH0,90,EUR,2016-11-02
K07393AVI0,90,EUR,2016-11-02
K02152AHB0,20,CHF,2016-11-03
K027360000,20,CHF,2016-11-04
K01286DMW0,20,CHF,2016-11-04
K003980000,20,CHF,2016-11-09
K01286DMX0,20,CHF,2016-11-09
K034920003,20,CHF,2016-11-09
K17719AMZ0,20,CHF,2016-11-29
K11285AHG0,20,CHF,2016-11-30
K01286DOA0,20,CHF,2016-11-30
K17719ANA0,20,CHF,2016-12-01
K004350000,10,CHF,2016-12-05
K01286DOF0,20,CHF,2016-12-05
K04370AJP0,20,CHF,2016-12-05
K004340000,20,CHF,2016-12-05
K02152AHE0,90,CHF,2016-12-06
K130140000,10,CHF,2016-12-07
K086550000,90,CHF,2016-12-08
K02152AHI0,20,CHF,2017-01-06
K07393AXC0,90,EUR,2017-01-18
K07393AXW0,90,EUR,2017-01-18
K07393AXZ0,90,EUR,2017-01-18
K07393AYQ0,90,EUR,2017-01-18
K07393AYX0,90,EUR,2017-01-18
K07393AYZ0,90,EUR,2017-01-18
K01448EYF0,90,CHF,2014-12-16
K01448EYL0,90,CHF,2014-12-16
K01448EYM0,90,CHF,2014-12-16
K01286DNK0,20,CHF,2016-11-14
K01286DNH0,20,CHF,2016-11-14
K034520000,20,CHF,2016-11-15
K10100CID0,90,EUR,2014-03-19
K01286DNR0,20,CHF,2016-11-21
K083710000,20,CHF,2016-11-22
K01286DOP0,20,CHF,2016-12-12
K01286DOS0,20,CHF,2016-12-12
K004280000,20,EUR,2016-12-19
K01286DOU0,20,CHF,2016-12-19
K00500ADY0,20,CHF,2016-12-20
K01286DOZ0,20,CHF,2016-12-21
K01448FDP0,90,CHF,2015-07-29
K01448FFK0,90,CHF,2015-11-19
K063110000,10,CHF,2017-01-12
K092270000,10,CHF,2017-01-12
K04370AKA0,20,CHF,2017-02-01
K07393AZL0,90,EUR,2017-01-19
K07393AZO0,90,EUR,2017-01-19
K07393BBD0,90,EUR,2017-01-19
K07393AZQ0,90,EUR,2017-01-19
K004240000,90,CHF,2017-01-19
K04370AJV0,20,CHF,2017-01-19
K07393AXF0,90,EUR,2017-01-19
K07393AXM0,90,EUR,2017-01-19
K01286DQE0,20,CHF,2017-01-23
K17719AND0,20,CHF,2017-01-25
K01286DQG0,20,CHF,2017-01-26
K01286DQJ0,20,CHF,2017-01-31
K01286DQL0,20,CHF,2017-01-31
K01286DCK0,20,CHF,2016-02-18
K041740000,90,CHF,2017-02-10
K01286DQV0,20,CHF,2017-02-13
K161260000,20,CHF,2017-02-03
K02151ARV0,20,CHF,2017-02-03
K02152AHL0,20,CHF,2017-02-03
K02152AHN0,20,CHF,2017-02-06
K01286DQQ0,20,CHF,2017-02-06
K01286DQS0,20,CHF,2017-02-06
K025720000,20,EUR,2017-02-07
K11285AHP0,20,CHF,2017-02-07
K061910000,20,CHF,2017-02-07
K055240002,20,EUR,2017-02-07
K10100DIO0,90,EUR,2015-07-08
K10100DJT0,90,EUR,2015-08-04
K10100DJU0,90,EUR,2015-08-04
K02152AHT0,20,CHF,2017-03-07
K07393BBW0,90,EUR,2017-03-08
K07393BCB0,90,EUR,2017-03-08
K019380000,90,CHF,2017-03-08
K048470000,20,CHF,2017-03-09
K01286DRJ0,20,CHF,2017-03-10
K01286DSB0,90,CHF,2017-03-14
K10100DOZ0,90,EUR,2017-03-30
K10100DPJ0,90,EUR,2017-03-30
K10100DPB0,90,EUR,2017-03-30
K10100DPQ0,90,EUR,2017-03-31
K10100DQC0,90,EUR,2017-04-03
K10100DQI0,90,EUR,2017-04-03
K10100DRP0,90,EUR,2017-04-03
K10100DSA0,90,EUR,2017-04-03
K10100DSN0,90,EUR,2017-04-03
K10100DSU0,90,EUR,2017-04-03
K01286DTJ0,20,CHF,2017-04-04
K10100DSW0,90,EUR,2017-04-04
K10100DTD0,90,EUR,2017-04-04
K10100DTF0,90,EUR,2017-04-04
K10100DTH0,90,EUR,2017-04-04
K07393BCJ0,90,EUR,2017-04-05
K02152AID0,20,CHF,2017-04-05
K10100DTN0,90,EUR,2017-04-05
K10100DTX0,90,EUR,2017-04-05
K10100DTO0,90,EUR,2017-04-05
K004090000,20,CHF,2017-02-27
K065580000,20,CHF,2017-02-28
K004110000,90,CHF,2017-02-22
K078270000,20,CHF,2017-03-03
K030390000,90,EUR,2017-03-14
K026630000,90,CHF,2017-03-15
K17719ANK0,20,CHF,2017-03-16
K086220000,20,CHF,2017-03-17
K049250000,20,CHF,2017-03-17
K178620000,20,CHF,2017-03-22
K01286CKV0,20,CHF,2014-10-13
K01286CXQ0,20,CHF,2015-09-02
K01286CXX0,20,CHF,2015-09-09
K01286CYU0,20,CHF,2015-10-14
K01286DDK0,90,CHF,2016-03-07
K07393ANY0,90,EUR,2015-09-14
K07393ASB0,90,EUR,2016-04-05
K01286DSS0,20,CHF,2017-03-23
K028030000,20,CHF,2017-03-24
K01286DSX0,20,CHF,2017-03-24
K01286CXL0,20,CHF,2015-09-01
K01286CXN0,20,CHF,2015-09-01
K01286CZTT,20,CHF,2015-11-16
K01286DDF0,20,CHF,2016-03-07
K01286DEQ0,20,CHF,2016-04-12
K07393ANI0,90,EUR,2015-07-13
K033140000,20,CHF,2017-03-27
K01286DTD0,20,CHF,2017-03-28
K11285AHT0,20,CHF,2017-03-29
K075090000,20,CHF,2017-04-07
K10100DTZ0,90,EUR,2017-04-05
K077970000,20,CHF,2017-04-06
K022580000,90,CHF,2017-04-24
K01286DUE0,20,CHF,2017-04-24
K001130000,20,CHF,2017-04-27
K01286DUS0,20,CHF,2017-05-04
K01286DUR0,20,CHF,2017-05-04
K10100DVG0,90,EUR,2017-05-04
K10100DVP0,90,EUR,2017-05-04
K10100DUC0,90,EUR,2017-05-05
K10100DUE0,90,EUR,2017-05-05
K10100DUT0,90,EUR,2017-05-05
K10100DVA0,90,EUR,2017-05-05
K07393AHX0,90,EUR,2014-08-26
K07393AIE0,90,EUR,2014-09-15
K07393AIV0,90,EUR,2014-10-15
K07393AKR0,90,EUR,2014-12-16
K07393ALA0,90,EUR,2015-01-27
K07393ALF0,90,EUR,2015-02-12
K07393ALH0,90,EUR,2015-02-16
K07393ALI0,90,EUR,2015-02-17
K07393ALV0,90,EUR,2015-03-27
K07393AMA0,90,EUR,2015-04-13
K07393AMC0,90,EUR,2015-04-17
K07393AOB0,90,EUR,2015-09-14
K07393AOC0,90,EUR,2015-09-14
K07393AOH0,90,EUR,2015-09-14
K07393APF0,20,EUR,2015-09-17
K071700000,90,CHF,2006-07-24
K071740000,90,CHF,2006-07-24
K071770000,90,CHF,2009-03-24
K071830000,90,CHF,2006-07-24
K072360000,10,CHF,2007-10-26
K072380000,20,CHF,2010-03-26
K072430000,90,CHF,2006-07-24
K072460000,20,CHF,2007-07-11
K072550000,20,CHF,2006-07-24
K080850000,20,CHF,2006-07-24
K080950000,20,CHF,2006-07-24
K08095AAN0,20,CHF,2012-06-18
K08095AAT0,20,CHF,2014-11-04
K08095XXXX,20,CHF,2012-03-28
K080960000,20,CHF,2009-11-09
K080980000,90,CHF,2006-09-29
K081180000,90,CHF,2006-07-24
K081340001,10,CHF,2009-02-18
K081720000,90,CHF,2006-07-24
K081780000,20,CHF,2007-02-07
K082290000,90,CHF,2008-06-20
K082610000,20,CHF,2011-11-28
K07393APT0,90,EUR,2015-11-04
K07393AQL0,90,EUR,2015-12-03
K10100DVB0,90,EUR,2017-05-05
K02152AII0,20,CHF,2017-05-05
K07393BCO0,90,EUR,2017-05-08
K01286DVN0,20,CHF,2017-06-07
K02152AIJ0,20,CHF,2017-06-07
K165320000,20,CHF,2017-04-11
K01286DTX0,20,CHF,2017-04-19
K046570000,20,CHF,2017-04-19
K043980000,20,CHF,2017-05-15
K042200000,20,CHF,2017-05-16
K000170000,20,CHF,2017-05-18
K003810000,20,CHF,2017-05-16
K01286DVJ0,20,CHF,2017-05-29
K01286DVV0,20,CHF,2017-06-13
K01286DWB0,20,CHF,2017-06-13
K003740000,90,EUR,2017-06-20
K01286DWY0,90,CHF,2017-06-26
K01286DXF0,20,CHF,2017-06-26
K07393ALS0,90,EUR,2015-03-26
K000270000,20,CHF,2017-07-04
K01286DXG0,20,CHF,2017-07-04
K07393BDK0,90,EUR,2017-07-06
K000390000,20,CHF,2017-07-20
K10100DXK0,90,EUR,2017-07-24
K10100DXL0,90,EUR,2017-07-24
K10100DXO0,90,EUR,2017-07-24
K10100DXU0,90,EUR,2017-07-24
K10100DYE0,90,EUR,2017-07-24
K10100DYJ0,90,EUR,2017-07-24
K10100DYR0,90,EUR,2017-07-24
K10100DZA0,90,EUR,2017-07-24
K11285ANH0,20,CHF,2020-11-18
K01286DXI0,20,CHF,2017-07-06
K01286DXW0,20,CHF,2017-07-06
K04370AEF0,20,CHF,2015-08-07
K01286CYG0,20,CHF,2015-09-22
K01286CZJ0,20,CHF,2015-11-03
K07393AOP0,90,EUR,2015-09-14
K01286DXU0,20,CHF,2017-07-06
K07393AQU0,90,EUR,2016-01-12
K07393ARO0,90,EUR,2016-02-29
K07393ARP0,90,EUR,2016-03-09
K074070000,20,CHF,2014-06-18
K074360000,10,CHF,2006-07-24
K074610000,20,CHF,2010-05-04
K074980000,20,CHF,2006-07-24
K075390000,10,CHF,2006-07-24
K075440000,20,CHF,2015-03-31
K075550000,90,CHF,2007-11-07
K075710000,20,CHF,2006-07-24
K075860000,90,CHF,2006-07-24
K075890000,20,CHF,2013-09-19
K075900000,90,CHF,2012-05-15
K082690000,90,CHF,2006-07-24
K082710000,90,CHF,2006-11-03
K082730000,10,CHF,2006-07-24
K082940000,90,CHF,2007-09-13
K082970000,20,CHF,2011-09-09
K083310000,20,CHF,2006-07-24
K083450000,20,CHF,2007-06-25
K083580000,20,CHF,2007-11-07
K083650000,20,CHF,2010-05-19
K084190000,10,CHF,2006-07-24
K084250000,20,CHF,2006-07-24
K084350000,20,CHF,2006-08-01
K084630000,90,CHF,2006-07-24
K084670000,20,CHF,2007-08-16
K084680000,20,CHF,2006-07-24
K084690000,20,CHF,2014-08-06
K084740000,90,CHF,2006-07-24
K084740001,90,CHF,2007-10-24
K084790000,20,EUR,2006-07-24
K084840000,20,CHF,2009-10-28
K085010000,20,CHF,2009-11-30
K085070000,90,CHF,2006-07-24
K085090000,20,CHF,2008-07-11
K085340000,10,CHF,2006-07-24
K085670000,20,CHF,2006-07-24
K10100CXR0,90,EUR,2014-12-01
K10100DVZ0,90,EUR,2017-07-10
K001150000,20,CHF,2017-07-13
K04370AKS0,20,CHF,2017-08-04
K10100DZS0,90,EUR,2017-08-04
K10100EAB0,90,EUR,2017-08-04
K10100EAC0,90,EUR,2017-08-04
K10100EAF0,90,EUR,2017-08-04
K10100EAM0,90,EUR,2017-08-04
K10100EAR0,90,EUR,2017-08-04
K01286EBV0,20,CHF,2017-08-07
K02152AIZ0,20,CHF,2017-08-08
K01286DZF0,20,CHF,2017-07-25
K01286DZJ0,20,CHF,2017-07-25
K01286DZK0,20,CHF,2017-07-25
K01286DZL0,20,CHF,2017-07-25
K01286DZO0,20,CHF,2017-07-25
K01286EAB0,20,CHF,2017-07-25
K01286EAC0,20,CHF,2017-07-25
K01286EAJ0,20,CHF,2017-07-25
K01286EAK0,20,CHF,2017-07-25
K01286EAL0,20,CHF,2017-07-25
K10100FNP0,90,EUR,2019-11-05
K10100FOC0,90,EUR,2019-11-05
K10100FOK0,90,EUR,2019-11-05
K10100FOM0,90,EUR,2019-11-05
K02151AXG0,20,CHF,2019-11-05
K11285ALP0,20,CHF,2019-11-06
K02151AXJ0,20,CHF,2019-11-11
K01286GHK0,20,CHF,2019-11-11
K01286GIL0,20,CHF,2019-11-25
K02151AXC0,20,CHF,2019-10-23
K163290000,20,CHF,2019-10-28
K163310000,10,CHF,2019-10-29
K025870000,20,CHF,2019-11-14
K164450000,20,CHF,2019-11-14
K01286GIB0,20,CHF,2019-11-18
K119540000,20,CHF,2019-11-19
K117040000,90,CHF,2019-11-20
K02151AXL0,20,CHF,2019-11-21
K091680000,20,CHF,2019-12-02
K163510000,20,CHF,2019-12-02
K163530000,20,CHF,2019-12-02
K14542AEV0,20,CHF,2019-12-03
K132120000,20,CHF,2019-12-03
K091720000,20,CHF,2019-12-05
K091830000,20,CHF,2019-12-06
K02151AXO0,20,CHF,2019-12-18
K026440000,20,CHF,2019-12-19
K01286GJW0,20,CHF,2019-12-19
K01286GKC0,20,CHF,2019-12-23
K01286GKG0,20,CHF,2019-12-23
K01286GKR0,20,CHF,2019-12-23
K091880000,90,CHF,2019-12-13
K07393BMJ0,90,EUR,2019-12-16
K07393BMK0,90,EUR,2019-12-16
K01286GLG0,20,CHF,2020-01-13
K01286GLL0,20,CHF,2020-01-20
K01286GLQ0,20,CHF,2020-01-20
K01286GLR0,20,CHF,2020-01-20
K01286GLT0,20,CHF,2020-01-28
K01286GLU0,20,CHF,2020-01-28
K026980000,10,CHF,2020-01-29
K026990000,20,CHF,2020-01-30
K01286GMJ0,20,CHF,2020-02-03
K080400000,10,CHF,2020-02-03
K080410000,90,CHF,2020-02-03
K01286GMX0,20,CHF,2020-02-03
K080430000,20,CHF,2020-02-03
K080450000,20,CHF,2020-02-04
K162670001,20,CHF,2020-03-05
K01286GOK0,20,CHF,2020-03-10
K01286GOL0,20,CHF,2020-03-10
K01286GON0,20,CHF,2020-03-10
K01286GOQ0,20,CHF,2020-03-10
K01286GOS0,20,CHF,2020-03-10
K01286GNG0,20,CHF,2020-02-10
K080540000,20,CHF,2020-02-13
K051200000,20,CHF,2020-02-25
K150331200,90,CHF,2020-02-26
K01286GNW0,20,CHF,2020-03-04
K051630000,20,CHF,2020-03-05
K051980000,20,CHF,2020-03-19
K074140000,20,CHF,2020-03-25
K00500AFI0,20,CHF,2020-03-27
K00500AFQ0,20,CHF,2020-03-27
K00500AFU0,20,CHF,2020-03-27
K01286GPY0,20,CHF,2020-03-30
K164350000,20,CHF,2020-04-17
K077360000,20,CHF,2020-09-21
K036470000,20,CHF,2020-05-29
K02151AYC0,20,CHF,2020-06-02
K01286GOX0,20,CHF,2020-03-17
K01286GOZ0,20,CHF,2020-03-17
K01286GPB0,20,CHF,2020-03-17
K02151AXY0,20,CHF,2020-04-06
K01286GQD0,20,CHF,2020-04-06
K01286GQH0,20,CHF,2020-04-06
K017980000,20,CHF,2020-04-06
K01286GQO0,20,CHF,2020-04-14
K01286GRM0,20,CHF,2020-05-04
K029200000,20,CHF,2020-05-04
K029240000,20,EUR,2020-05-07
K01286GSG0,20,CHF,2020-05-18
K01286GSH0,20,CHF,2020-05-18
K036390000,20,CHF,2020-05-19
K036420000,20,CHF,2020-05-25
K036960000,20,CHF,2020-06-10
K121140000,20,CHF,2020-06-11
K01286GUB0,20,CHF,2020-06-15
K01286GTI0,20,CHF,2020-06-04
K07393BNH0,90,EUR,2020-06-05
K01286GTR0,20,CHF,2020-06-09
K037270000,20,CHF,2020-06-29
K01286GVA0,20,CHF,2020-06-29
K00500AGV0,20,CHF,2020-07-03
K01286GWP0,20,CHF,2020-07-27
K01286GWQ0,20,CHF,2020-07-27
K11285AMT0,20,CHF,2020-07-30
K075950000,10,CHF,2015-03-16
K075960000,20,CHF,2006-07-24
K075970000,20,CHF,2015-03-23
K076040000,90,CHF,2006-07-24
K076120000,90,CHF,2006-07-24
K076130000,20,CHF,2009-12-15
K076140000,90,CHF,2010-08-30
K076150000,20,CHF,2006-07-24
K076240000,90,CHF,2011-02-23
K076310000,90,CHF,2006-07-24
K076320000,90,CHF,2008-06-02
K076330000,90,CHF,2009-11-09
K076420000,10,CHF,2006-09-07
K076680000,20,CHF,2006-07-24
K076800000,90,CHF,2009-12-28
K076950000,90,CHF,2006-07-24
K077060000,20,CHF,2006-07-24
K078030000,90,CHF,2006-07-24
K078130000,90,CHF,2006-08-01
K078180000,20,CHF,2006-07-24
K078200000,20,CHF,2011-11-11
K078300000,20,CHF,2006-07-24
K078360000,10,CHF,2006-07-24
K078410000,90,CHF,2006-07-24
K078420000,20,CHF,2006-07-24
K085810000,20,CHF,2006-07-24
K085860000,90,CHF,2013-05-13
K086050000,20,CHF,2014-10-27
K086100000,20,CHF,2006-07-24
K086110000,20,CHF,2006-08-11
K086260000,20,CHF,2006-07-24
K086480000,20,CHF,2009-01-20
K086680000,90,CHF,2006-07-24
K086710000,20,CHF,2015-04-28
K086740000,20,CHF,2006-07-24
K087140000,20,CHF,2012-09-24
K087360000,90,CHF,2006-07-24
K087440000,20,CHF,2006-08-03
K10100ABI0,90,EUR,2012-07-26
K164460000,20,CHF,2020-07-31
K01286GWT0,20,CHF,2020-08-04
K01286GWX0,20,CHF,2020-08-07
K045650000,20,CHF,2020-08-14
K020940000,20,CHF,2020-09-09
K01286GYV0,20,CHF,2020-09-14
K17719ARB0,20,CHF,2020-09-14
K01286GZU0,20,CHF,2020-10-07
K01286GUN0,90,CHF,2020-06-22
K037210000,20,CHF,2020-06-23
K01286GVQ0,20,CHF,2020-07-13
K109910000,20,CHF,2020-07-13
K164400000,20,CHF,2020-07-22
K01286GWH0,20,CHF,2020-07-27
K164700000,20,CHF,2020-08-17
K01286GXB0,20,CHF,2020-08-25
K01286GXC0,20,CHF,2020-08-25
K01286GXD0,20,CHF,2020-08-25
K11285AMV0,20,CHF,2020-08-26
K01286GXX0,20,CHF,2020-08-26
K01286GXZ0,20,CHF,2020-08-27
K17719AQY0,20,CHF,2020-09-03
K077340000,20,CHF,2020-09-17
K01286GZE0,20,CHF,2020-09-21
K01286GZF0,20,CHF,2020-09-21
K077390000,20,CHF,2020-09-22
K118570000,20,CHF,2020-10-22
K01286HBF0,20,CHF,2020-10-26
K078400000,20,CHF,2020-11-02
K01286HBM0,20,CHF,2020-11-03
K078480000,20,CHF,2020-11-03
K078490000,20,CHF,2020-11-03
K07393BNQ0,90,EUR,2020-11-05
K07393BNR0,90,EUR,2020-11-05
K02503AAH0,20,CHF,2020-11-05
K037530000,20,CHF,2020-11-27
K01286HDG0,20,CHF,2020-11-30
K01286HDL0,20,CHF,2020-11-30
K057170000,20,CHF,2020-12-03
K057180000,20,CHF,2020-12-07
K10100ABJ0,90,EUR,2012-07-26
K10100CAQ0,90,EUR,2013-11-12
K10100CAS0,90,EUR,2013-11-13
K10100CBL0,90,EUR,2013-11-13
K10100CBN0,90,EUR,2013-11-13
K10100CBP0,90,EUR,2013-11-13
K10100BAB0,90,EUR,2012-12-07
K10100BAE0,90,EUR,2012-12-07
K10100BAI0,90,EUR,2012-12-07
K10100BBF0,90,EUR,2013-01-17
K10100BBG0,90,EUR,2013-01-17
K10100BBM0,90,EUR,2013-01-17
K10100BCH0,90,EUR,2013-01-17
K10100BCK0,90,EUR,2013-01-17
K10100BCL0,90,EUR,2013-01-17
K10100BCM0,90,EUR,2013-01-17
K10100BCN0,90,EUR,2013-01-17
K10100BCP0,90,EUR,2013-01-17
K10100BDJ0,90,EUR,2013-01-17
K10100BDX0,90,EUR,2013-02-22
K10100BDZ0,90,EUR,2013-02-22
K10100BEG0,90,EUR,2013-02-22
K10100BEH0,90,EUR,2013-02-22
K10100BEI0,90,EUR,2013-02-22
K10100BFB0,90,EUR,2013-02-22
K10100BFC0,90,EUR,2013-02-22
K10100BFE0,90,EUR,2013-02-22
K10100BFJ0,90,EUR,2013-02-22
K10100BFK0,90,EUR,2013-02-22
K10100CDJ0,90,EUR,2013-12-09
K10100CDK0,90,EUR,2013-12-09
K10100CDR0,90,EUR,2013-12-09
K10100CDT0,90,EUR,2013-12-09
K10100CEO0,90,EUR,2013-12-09
K10100CFC0,90,EUR,2014-01-10
K10100CFR0,90,EUR,2014-01-10
K10100CFV0,90,EUR,2014-01-10
K10100CFX0,90,EUR,2014-01-10
K10100CHM0,90,EUR,2014-02-19
K057400000,20,CHF,2021-01-04
K11285ANL0,20,CHF,2021-01-05
K11285ANX0,20,CHF,2021-01-06
K11285AOD0,20,CHF,2021-01-06
K11285AOQ0,20,CHF,2021-01-06
K11285AOS0,90,CHF,2021-01-06
K01286HES0,20,CHF,2021-01-07
K01286HEX0,20,CHF,2021-01-07
K01286HFA0,20,CHF,2021-01-07
K01286HFB0,20,CHF,2021-01-07
K01286HFG0,20,CHF,2021-01-07
K01286GZV0,20,CHF,2020-10-07
K077560000,20,CHF,2020-10-09
K01286HAI0,20,CHF,2020-10-13
K01286HAM0,20,CHF,2020-10-13
K026260000,20,CHF,2020-11-19
K150331207,90,CHF,2020-11-20
K061050000,10,CHF,2020-11-20
K078770000,20,CHF,2020-11-23
K057190000,20,CHF,2020-12-07
K02503AAK0,20,CHF,2020-12-09
K02503AAL0,20,CHF,2020-12-09
K02503AAP0,20,CHF,2020-12-09
K057220000,20,CHF,2020-12-09
K111980000,10,CHF,2020-12-10
K057290000,20,CHF,2020-12-16
SMCML00000,20,EUR,2021-01-14
K11285AOX0,20,CHF,2021-01-08
K02151AYS0,20,CHF,2021-02-01
K01286HGQ0,20,CHF,2021-02-01
K01286HGU0,20,CHF,2021-02-01
K165610000,20,CHF,2021-02-03
K07393BNW0,90,EUR,2021-02-04
K165620000,20,CHF,2021-02-03
K151560019,20,CHF,2007-12-19
K151560027,20,CHF,2008-01-09
K151560034,20,CHF,2008-01-09
K151560035,90,CHF,2008-01-09
K151560047,20,CHF,2008-01-10
K151560057,20,CHF,2008-01-10
K10100CHN0,90,EUR,2014-02-19
K10100CHO0,90,EUR,2014-02-19
K10100CJT0,90,EUR,2014-03-20
K10100CJU0,90,EUR,2014-03-20
K10100CKZ0,90,EUR,2014-04-09
K10100CLF0,90,EUR,2014-04-09
K10100CLI0,90,EUR,2014-04-09
K10100CLO0,90,EUR,2014-04-09
K10100BGS0,90,EUR,2013-03-11
K10100BHJ0,90,EUR,2013-03-11
K10100BHO0,90,EUR,2013-03-11
K10100BHQ0,90,EUR,2013-03-11
K10100BHR0,90,EUR,2013-03-11
K10100BHV0,90,EUR,2013-03-11
K10100BIG0,90,EUR,2013-03-11
K10100BIN0,90,EUR,2013-03-11
K10100BIO0,90,EUR,2013-03-11
K10100BIX0,90,EUR,2013-03-11
K10100BIY0,90,EUR,2013-03-11
K10100BIZ0,90,EUR,2013-03-11
K10100BJK0,90,EUR,2013-03-11
K10100BJV0,90,EUR,2013-03-11
K10100BKG0,90,EUR,2013-04-10
K10100BKI0,90,EUR,2013-04-10
K10100BKJ0,90,EUR,2013-04-10
K10100BKT0,90,EUR,2013-04-10
K10100BKW0,90,EUR,2013-04-10
K10100BKX0,90,EUR,2013-04-10
K10100BKY0,90,EUR,2013-04-10
K10100BLA0,90,EUR,2013-04-10
K10100BLB0,90,EUR,2013-04-10
K10100BLS0,90,EUR,2013-04-10
K10100BMG0,90,EUR,2013-04-10
K10100BMI0,90,EUR,2013-04-10
K10100BMQ0,90,EUR,2013-05-13
K10100BMV0,90,EUR,2013-05-13
K10100BNA0,90,EUR,2013-05-13
K10100BNS0,90,EUR,2013-05-13
K10100BOK0,90,EUR,2013-05-13
K151560061,90,CHF,2008-04-04
K151560083,90,CHF,2011-02-01
K151560099,20,CHF,2014-03-03
K15156ZZZZ,90,CHF,2007-04-30
K151680000,20,CHF,2006-07-24
K151740000,20,CHF,2006-07-24
K151880000,90,CHF,2006-12-06
K151990000,90,CHF,2006-07-24
K152040000,90,CHF,2006-07-24
K152090000,90,CHF,2007-09-24
K152160000,20,CHF,2006-07-24
K152220000,90,CHF,2006-07-24
K152240000,20,CHF,2007-04-05
K152300000,90,CHF,2008-06-25
K152330000,90,CHF,2006-07-24
K152400000,90,CHF,2006-07-24
K152450000,90,CHF,2006-07-24
K152710000,90,CHF,2006-07-24
K152760000,90,CHF,2006-07-24
K152800000,90,CHF,2007-04-20
K152890000,90,CHF,2006-07-24
K152930000,90,CHF,2008-05-20
K153060000,90,CHF,2007-04-30
K153080000,20,CHF,2006-07-24
K153150000,90,CHF,2006-07-24
K153180000,20,CHF,2006-07-24
K153220000,20,CHF,2006-07-24
K153390000,20,CHF,2007-10-17
K153400000,20,CHF,2008-05-19
K153440000,20,CHF,2006-07-24
K153460000,90,CHF,2006-07-24
K153490000,90,CHF,2009-08-19
K153510000,20,CHF,2009-09-25
K153520000,90,CHF,2006-08-22
K153620000,20,CHF,2006-07-24
K153700000,90,CHF,2009-07-24
K153770000,20,CHF,2006-07-24
K153830000,90,CHF,2006-07-24
K153860000,20,CHF,2006-07-24
K153870000,20,CHF,2007-12-20
K153970000,90,CHF,2006-07-24
K154000000,90,CHF,2006-07-24
K154110000,90,CHF,2006-07-24
K154150000,20,CHF,2006-07-24
K154250000,20,CHF,2010-01-08
K154260000,20,CHF,2010-01-14
K154280000,20,CHF,2010-04-08
K154300000,20,CHF,2010-09-13
K154410000,90,CHF,2010-10-28
K154520000,90,CHF,2006-11-07
K154570000,90,CHF,2006-07-24
K154610000,20,CHF,2008-06-25
K154640000,20,CHF,2006-07-24
K154680000,90,CHF,2006-07-24
K154760001,20,CHF,2007-01-30
K154860000,90,CHF,2006-08-28
K154960000,90,CHF,2011-05-13
K155020000,90,CHF,2011-07-06
K155110000,20,CHF,2012-04-20
K155160000,20,CHF,2010-10-21
K155380000,20,CHF,2015-10-20
K155400000,90,CHF,2015-11-25
K155520000,20,CHF,2015-04-13
K155790000,90,CHF,2006-08-06
K160070000,90,CHF,2014-09-03
K160160000,20,CHF,2016-02-09
K167880000,90,CHF,2006-08-10
K167900000,90,CHF,2006-09-14
K167940000,20,CHF,2006-10-03
K167980000,90,CHF,2006-10-19
K168060000,20,CHF,2006-11-10
K168070000,90,CHF,2006-11-13
K168080000,20,CHF,2006-11-13
K170260000,90,CHF,2007-12-12
K170300000,10,CHF,2008-01-16
K170350000,20,CHF,2008-01-23
K170390000,20,CHF,2008-02-07
K170490000,20,CHF,2008-03-05
K170900000,90,CHF,2010-09-02
K170970000,10,CHF,2012-06-14
K171020000,20,CHF,2009-02-04
K171250000,90,CHF,2008-04-23
K171310000,90,CHF,2008-04-23
K171360000,20,CHF,2012-03-12
K171380000,20,CHF,2012-11-12
K171430000,20,CHF,2008-04-23
K171440000,10,CHF,2008-04-23
K171470000,20,CHF,2008-04-23
K171480000,90,CHF,2008-04-23
K171510000,20,CHF,2012-06-22
K171580000,20,CHF,2008-04-23
K171590000,20,CHF,2008-04-23
K171640000,20,CHF,2008-04-23
K171760000,90,CHF,2014-12-09
K171810000,10,CHF,2008-04-23
K172010000,90,CHF,2008-04-23
K172050000,10,CHF,2008-04-23
K172140000,90,CHF,2008-04-23
K172160000,20,CHF,2009-06-18
K172180000,20,CHF,2008-04-23
K172200000,90,CHF,2008-04-23
K172240000,90,CHF,2008-04-23
K172350000,20,CHF,2008-04-23
K172430000,90,CHF,2008-04-23
K172570000,90,CHF,2012-04-18
K172700000,10,CHF,2008-04-23
K172730000,90,CHF,2008-04-23
K172750000,20,CHF,2008-04-23
K172990000,90,CHF,2008-04-23
K173020000,90,CHF,2008-04-23
K173070000,20,CHF,2008-04-23
K173190000,90,CHF,2008-04-23
K173230000,20,CHF,2008-04-23
K173270000,20,CHF,2008-04-23
K173460000,20,CHF,2008-04-23
K173520000,10,CHF,2008-04-23
K173550000,10,CHF,2012-03-05
K173610000,20,CHF,2008-04-23
K173620000,10,CHF,2008-04-23
K173800000,10,CHF,2012-07-10
K173810000,20,CHF,2008-04-23
K173900000,20,CHF,2008-04-23
K174200000,10,CHF,2008-04-23
K174230000,20,CHF,2008-04-23
K174250000,20,CHF,2015-01-27
K174270000,20,CHF,2008-04-23
K174370000,20,CHF,2008-04-23
K168190000,20,CHF,2006-11-30
K168210000,90,CHF,2006-11-30
K168250000,90,CHF,2006-12-18
K168420000,20,CHF,2007-01-31
K16845AAB0,90,CHF,2009-01-19
K168520000,90,CHF,2007-02-19
K168620000,20,CHF,2007-03-23
K168640000,90,CHF,2007-03-28
K168690000,90,CHF,2007-04-16
K168800000,20,CHF,2007-05-24
K168840000,90,CHF,2007-06-08
K175280000,20,CHF,2009-01-20
K175350000,20,CHF,2009-02-24
K175470000,90,CHF,2009-04-17
K175610000,90,CHF,2009-05-14
K17561AAE0,90,CHF,2009-12-03
K17561AAF0,90,CHF,2010-06-16
K17561AAG0,90,CHF,2010-09-13
K17561AAH0,90,CHF,2010-09-13
K17561AAJ0,90,CHF,2010-09-30
K175640000,20,CHF,2009-05-20
K175660000,20,CHF,2009-06-09
K175760001,20,CHF,2009-08-12
K175780000,90,CHF,2009-08-18
K17580AAH0,20,CHF,2010-12-14
K17580AAJ0,90,CHF,2011-02-14
K17580XXXX,20,CHF,2013-06-06
K175820000,20,CHF,2009-09-04
K175890000,20,CHF,2009-09-23
K175920000,20,CHF,2009-10-13
K10100BOL0,90,EUR,2013-05-13
K10100BOO0,90,EUR,2013-05-13
K10100BPK0,90,EUR,2013-05-13
K10100BPL0,90,EUR,2013-05-13
K10100BQA0,90,EUR,2013-06-10
K10100BQK0,90,EUR,2013-06-10
K10100BRB0,90,EUR,2013-06-10
K10100BSJ0,90,EUR,2013-07-09
K10100BSP0,90,EUR,2013-07-09
K10100BSQ0,90,EUR,2013-07-09
K10100BSR0,90,EUR,2013-07-09
K10100BSU0,90,EUR,2013-07-09
K10100BTB0,90,EUR,2013-07-08
K10100BTO0,90,EUR,2013-07-08
K10100BTR0,90,EUR,2013-07-08
K10100BUD0,90,EUR,2013-08-13
K10100BUF0,90,EUR,2013-08-13
K10100BVO0,90,EUR,2013-08-13
K10100BVZ0,90,EUR,2013-09-11
K10100BWE0,90,EUR,2013-09-11
K10100BWH0,90,EUR,2013-09-11
K10100BWV0,90,EUR,2013-09-16
K10100BWY0,90,EUR,2013-09-16
K10100BWZ0,90,EUR,2013-09-16
K10100BXA0,90,EUR,2013-09-16
K10100BXL0,90,EUR,2013-09-17
K10100BXM0,90,EUR,2013-09-17
K10100BXO0,90,EUR,2013-09-17
K10100BXU0,90,EUR,2013-10-24
K10100BXV0,90,EUR,2013-10-24
K10100BYD0,90,EUR,2013-10-24
K10100BYN0,90,EUR,2013-10-24
K10100BYP0,90,EUR,2013-10-24
K10100CAL0,90,EUR,2013-11-12
K107830000,20,CHF,2009-11-27
K107930000,20,CHF,2006-07-24
K107980000,20,CHF,2007-01-11
K108030000,90,CHF,2006-07-24
K108040000,20,CHF,2010-06-01
K10100CNG0,90,EUR,2014-05-22
K176020000,20,CHF,2009-11-26
K176050000,90,CHF,2009-12-02
K176060000,20,CHF,2009-12-11
K176150000,20,CHF,2010-02-12
K176180000,20,CHF,2010-02-19
K176280000,20,CHF,2010-04-07
K176430000,20,CHF,2010-06-28
K176480000,20,CHF,2010-07-19
K176510000,90,CHF,2010-07-23
K176620000,20,CHF,2010-10-04
K176730000,20,CHF,2010-11-11
K176810000,20,CHF,2010-11-29
K176870000,10,CHF,2011-01-13
K176890000,20,CHF,2011-01-25
K176930000,20,CHF,2011-02-15
K177070000,20,CHF,2011-05-03
K177080000,10,CHF,2011-05-03
K17719AAB0,20,CHF,2011-09-13
K17719AAO0,20,CHF,2011-09-30
K17719ABR0,20,CHF,2011-12-05
K17719ABW0,20,CHF,2011-08-24
K17719ACG0,20,CHF,2012-02-21
K17719ACW0,90,CHF,2012-05-30
K17719ADJ0,20,CHF,2012-08-16
K17719ADW0,20,CHF,2012-11-30
K17719AEB0,20,CHF,2013-02-21
K17719AEE0,20,CHF,2013-03-06
K17719AEJ0,20,CHF,2013-09-25
K17719AFA0,90,CHF,2012-12-17
K17719AFJ0,20,CHF,2013-01-10
K17719AFR0,20,CHF,2012-06-06
K17719AFV0,20,CHF,2012-09-21
K17719AGB0,20,CHF,2013-05-14
K17719AGQ0,20,CHF,2013-12-03
K17719AGW0,20,CHF,2013-12-11
K17719AIB0,20,CHF,2014-07-11
K17719AIL0,20,CHF,2014-09-25
K17719AIX0,20,CHF,2014-12-12
K17719AIY0,20,CHF,2014-12-16
K10100CNN0,90,EUR,2014-06-18
K10100CPG0,90,EUR,2014-07-14
K10100CPN0,90,EUR,2014-07-15
K10100CQI0,90,EUR,2014-07-17
K006270000,20,CHF,2009-06-12
K006370000,90,CHF,2009-06-12
K006380000,90,CHF,2009-06-12
K006390000,90,CHF,2009-06-12
K006400000,10,CHF,2009-06-12
K006410000,20,CHF,2009-06-12
K006480000,90,CHF,2009-06-12
K006520000,90,CHF,2009-06-12
K006900000,20,CHF,2009-06-12
K007000000,90,CHF,2009-06-12
K007020000,90,CHF,2009-06-12
K007030000,90,CHF,2009-06-12
K007100000,90,CHF,2009-06-12
K007160000,20,CHF,2009-06-12
K007180000,20,CHF,2009-06-12
K007240000,20,CHF,2009-06-12
K007370000,20,CHF,2009-06-12
K007390000,10,CHF,2009-06-12
K007450000,20,CHF,2009-06-12
K007500000,90,CHF,2009-06-12
K007520000,20,CHF,2009-06-24
K007560000,20,CHF,2009-06-12
K007600000,90,CHF,2009-06-12
K007610000,90,CHF,2009-06-12
K000540000,20,CHF,2011-10-20
K000580000,10,CHF,2014-02-10
K006040000,90,CHF,2009-06-12
K006110000,20,CHF,2009-06-12
K012530000,10,CHF,2014-02-06
K012600000,10,CHF,2013-04-23
K012650000,20,CHF,2012-11-21
K012680000,20,EUR,2006-07-24
K012720000,90,CHF,2006-07-24
K012840000,20,CHF,2011-04-05
K01286AAG0,20,CHF,2009-09-28
K01286AAZ0,90,CHF,2010-04-26
K01286ABA0,20,CHF,2010-04-26
K01286ABM0,90,CHF,2010-04-26
K01286ABV0,20,CHF,2010-04-26
K01286ABX0,90,CHF,2010-04-26
K01286ACF0,90,CHF,2010-04-26
K007800000,20,CHF,2009-06-12
K007810000,20,CHF,2009-06-12
K007860000,20,CHF,2009-06-12
K007930000,20,CHF,2009-06-12
K008140000,20,CHF,2009-06-12
K008160000,20,CHF,2009-06-12
K008290000,20,CHF,2009-06-12
K008310000,20,CHF,2009-06-12
K008470000,20,CHF,2009-06-12
K008500000,20,CHF,2009-06-12
K008750000,20,CHF,2009-06-12
K008970000,20,CHF,2009-06-12
K009070000,90,CHF,2009-06-12
K009090000,20,CHF,2009-06-12
K009200000,20,CHF,2009-06-12
K009210000,20,CHF,2009-06-12
K01286ACO0,90,CHF,2010-04-26
K01286ACT0,90,CHF,2010-04-26
K01286ACV0,20,CHF,2010-04-26
K01286ACW0,20,CHF,2010-04-26
K01286ACY0,20,CHF,2010-04-26
K01286ADA0,20,CHF,2010-04-26
K01286ADB0,20,CHF,2010-04-26
K01286ADH0,20,CHF,2010-04-26
K01286ADI0,20,CHF,2010-05-28
K01286ADS0,20,CHF,2011-05-02
K01286ADU0,20,CHF,2011-05-04
K01286ADW0,20,CHF,2011-05-23
K01286AEU0,20,CHF,2012-07-30
K01286AEY0,20,CHF,2012-07-30
K01286AFC0,90,CHF,2012-07-30
K01286AFV0,20,CHF,2012-08-07
K01286AGP0,20,CHF,2012-08-07
K01286AHJ0,20,CHF,2012-08-07
K17719AJQ0,20,CHF,2015-04-22
K17719AJR0,20,CHF,2015-04-22
K17719ALL0,20,CHF,2016-02-01
K17719ALS0,20,CHF,2016-03-04
K17719ZZZZ,90,CHF,2011-08-12
K177210000,20,CHF,2011-08-17
K177300000,90,CHF,2011-10-13
K177380000,20,CHF,2011-11-21
K177490000,20,CHF,2012-02-01
K177540000,90,CHF,2012-04-04
K177590000,20,CHF,2012-07-02
K10100EMS0,90,EUR,2018-04-04
K10100ENG0,90,EUR,2018-04-04
K10100ENH0,90,EUR,2018-04-04
K10100ENK0,90,EUR,2018-04-04
K04370ALI0,20,CHF,2018-04-05
K01286EVG0,20,CHF,2018-04-09
K002170000,20,CHF,2018-04-20
K161480000,20,CHF,2018-04-30
K01286EWU0,20,CHF,2018-04-30
K01286EXG0,20,CHF,2018-04-30
K161490001,20,EUR,2018-05-03
K10100ENS0,90,EUR,2018-05-03
K10100EOC0,90,EUR,2018-05-03
K10100EON0,90,EUR,2018-05-03
K10100EPL0,90,EUR,2018-05-03
K01286EXL0,20,CHF,2018-05-07
K069380000,20,CHF,2018-05-22
K01286EYA0,20,CHF,2018-05-22
K01286ESH0,20,CHF,2018-03-07
K01286ESK0,20,CHF,2018-03-07
K01286ESL0,20,CHF,2018-03-07
K10100EJX0,90,EUR,2018-03-09
K10100EKB0,90,EUR,2018-03-09
K10100EKG0,90,EUR,2018-03-09
K10100EKK0,90,EUR,2018-03-09
K10100EKO0,90,EUR,2018-03-09
K10100EKS0,90,EUR,2018-03-09
K10100ELF0,90,EUR,2018-03-09
K10100ELG0,90,EUR,2018-03-09
K01286AHK0,20,CHF,2012-08-07
K01286AHQ0,90,CHF,2012-08-07
K01286AIC0,20,CHF,2012-08-07
K01286AIK0,20,CHF,2012-08-07
K01286AJJ0,20,CHF,2012-08-27
K01286AKC0,20,CHF,2012-08-27
K01286AKJ0,20,CHF,2012-08-27
K01286AKT0,20,CHF,2012-08-27
K01286ALC0,20,CHF,2012-08-27
K01286ALU0,20,CHF,2012-08-27
K01286ALV0,20,CHF,2012-08-27
K01286ALZ0,90,CHF,2012-08-27
K01286AMQ0,20,CHF,2012-08-27
K01286AMS0,20,CHF,2012-08-27
K01286AMX0,20,CHF,2012-08-27
K01286ANG0,20,CHF,2012-08-27
K01286ANJ0,20,CHF,2012-08-27
K01286ANM0,20,CHF,2012-08-27
K01286ANV0,90,CHF,2012-08-27
K01286AOP0,20,CHF,2012-08-27
K01286AOU0,20,CHF,2012-08-27
K01286AOV0,20,CHF,2012-08-27
K01286AOW0,20,CHF,2012-08-27
K01286APH0,20,CHF,2012-08-27
K009460000,20,CHF,2009-06-12
K009580000,20,CHF,2009-06-12
K009590000,90,CHF,2009-06-12
K009650000,10,CHF,2009-09-11
K009660000,10,CHF,2009-09-30
K009690000,20,CHF,2010-02-12
K009700000,10,CHF,2010-02-16
K009750000,90,CHF,2010-04-12
K009850000,90,CHF,2010-10-14
K009880000,90,CHF,2011-02-28
K009970000,90,CHF,2011-09-05
K010020000,90,CHF,2011-11-11
K010030000,10,CHF,2011-11-28
K010050000,20,CHF,2011-12-15
K010120000,90,CHF,2010-02-19
K10100ELH0,90,EUR,2018-03-09
K10100ELI0,90,EUR,2018-03-09
K10100ELR0,90,EUR,2018-03-09
K002040000,20,CHF,2018-03-28
K027450000,10,CHF,2018-04-16
K002150000,20,CHF,2018-04-16
K01286EVQ0,20,CHF,2018-04-16
K01286EVS0,20,CHF,2018-04-16
K01286EVV0,20,CHF,2018-04-16
K07393BHA0,90,EUR,2018-05-09
K00500AEH0,20,CHF,2018-05-09
K070000000,90,CHF,2018-05-29
K02151AUQ0,20,CHF,2018-05-31
K069570000,20,CHF,2018-05-23
K002320000,20,CHF,2018-05-24
K069630000,20,CHF,2018-05-28
K069650000,20,CHF,2018-05-28
K069660000,20,CHF,2018-05-28
K069680000,20,CHF,2018-05-28
K069780000,20,CHF,2018-05-28
K069850000,20,CHF,2018-05-29
K002490000,20,CHF,2018-06-13
K083000000,20,CHF,2018-06-13
K01286EZW0,20,CHF,2018-06-20
K01286EZX0,20,CHF,2018-06-20
K01286EZZ0,20,CHF,2018-06-22
K01286FAA0,20,CHF,2018-06-25
K01286FAN0,20,CHF,2018-06-25
K161600000,20,CHF,2018-06-27
K080250000,10,CHF,2018-06-29
K002530000,90,CHF,2018-06-29
K01286FAQ0,20,CHF,2018-07-02
K01286FAU0,20,CHF,2018-07-02
K01286FAV0,20,CHF,2018-07-02
K01286FAW0,20,CHF,2018-07-02
K01286FBB0,20,CHF,2018-07-02
K10100EQS0,90,EUR,2018-07-03
K10100EQY0,90,EUR,2018-07-03
K161510000,20,CHF,2018-06-01
K01286EYZ0,20,CHF,2018-06-05
K010180000,20,CHF,2010-06-01
K010190000,90,CHF,2011-01-12
K010230000,10,CHF,2012-01-17
K010320000,90,CHF,2012-03-29
K010330000,20,CHF,2012-04-02
K010360000,20,CHF,2006-07-24
K010370000,10,CHF,2006-07-24
K010380000,20,CHF,2006-07-24
K010500000,20,CHF,2010-11-17
K010650000,10,CHF,2012-05-31
K010750001,20,CHF,2008-02-07
K010910000,20,CHF,2009-01-30
K011000000,20,CHF,2011-08-19
K011020000,90,CHF,2006-07-24
K011060000,90,CHF,2008-04-02
K01286APL0,20,CHF,2012-08-27
K01286APO0,20,CHF,2012-08-27
K01286AQD0,20,CHF,2012-10-08
K01286AQZ0,20,CHF,2012-10-08
K01286ARB0,20,CHF,2012-10-08
K01286ARK0,20,CHF,2012-10-08
K01286ARN0,20,CHF,2012-10-08
K01286ARP0,20,CHF,2012-10-08
K01286ARR0,20,CHF,2012-10-08
K01286ARX0,90,CHF,2012-10-08
K01286ASD0,20,CHF,2012-10-08
K01286ASN0,20,CHF,2012-10-08
K01286ASW0,20,CHF,2012-10-08
K01286ASY0,20,CHF,2012-10-08
K01286ATI0,20,CHF,2012-10-08
K01286ATO0,20,CHF,2012-10-08
K01286ATP0,90,CHF,2012-10-08
K01286ATX0,20,CHF,2012-10-08
K01286AUA0,90,CHF,2012-10-08
K01286AUM0,20,CHF,2012-10-08
K01286AUV0,90,CHF,2012-10-08
K01286AUW0,20,CHF,2012-10-08
K01286AUX0,90,CHF,2012-10-08
K01286AVG0,20,CHF,2012-10-08
K01286EZA0,20,CHF,2018-06-05
K10100EPM0,90,EUR,2018-06-06
K10100EPQ0,90,EUR,2018-06-06
K10100EQI0,90,EUR,2018-06-06
K10100EQO0,90,EUR,2018-06-06
K17719APR0,90,CHF,2018-06-06
K165020000,20,EUR,2018-06-07
K07393BHH0,90,EUR,2018-06-07
K02151AUR0,20,CHF,2018-06-11
K161620000,90,CHF,2018-06-27
K01286FBF0,20,CHF,2018-07-16
K01286FBO0,20,CHF,2018-07-16
K01286FBU0,20,CHF,2018-07-16
K01286FCB0,20,CHF,2018-07-16
K01286FCD0,20,CHF,2018-07-16
K01286FCH0,90,CHF,2018-07-16
K11285AKK0,20,CHF,2018-07-17
K161730000,20,CHF,2018-07-20
K01286FCV0,20,CHF,2018-07-23
K161750000,20,CHF,2018-07-24
K10100ERR0,90,EUR,2018-07-03
K002550000,20,CHF,2018-07-03
K07393BID0,90,EUR,2018-08-08
K161780000,20,CHF,2018-08-08
K01286FEA0,20,CHF,2018-08-14
K01286FEP0,20,CHF,2018-08-20
K01286FES0,20,CHF,2018-08-20
K003240000,20,CHF,2018-08-27
K002670000,20,CHF,2018-08-28
K109060000,20,CHF,2018-09-12
K02151AVC0,20,CHF,2018-09-17
K00500AFD0,20,CHF,2020-03-25
K01286FFX0,20,CHF,2018-09-19
K01286FFY0,90,CHF,2018-09-19
K002830000,20,CHF,2018-09-21
K01286FDK0,90,CHF,2018-07-31
K10100ESR0,90,EUR,2018-08-02
K10100ESY0,90,EUR,2018-08-02
K026660000,20,CHF,2018-08-29
K002700000,20,CHF,2018-08-30
K002720000,20,CHF,2018-08-31
K01286FFA0,20,CHF,2018-09-03
K01286FFB0,20,CHF,2018-09-03
K10100ETS0,90,EUR,2018-09-04
K10100ETZ0,90,EUR,2018-09-04
K07393BII0,90,EUR,2018-09-05
K07393BIJ0,90,EUR,2018-09-05
K10100EUO0,90,EUR,2018-10-02
K10100EUQ0,90,EUR,2018-10-02
K10100EUZ0,90,EUR,2018-10-02
K10100EVE0,90,EUR,2018-10-02
K10100EVL0,90,EUR,2018-10-02
K01286FGL0,20,CHF,2018-09-25
K17719AQE0,20,CHF,2018-09-27
K081540000,20,CHF,2018-09-27
K044240000,10,CHF,2018-09-27
K161860000,20,CHF,2018-10-12
K037330001,20,CHF,2018-10-15
K01286FHU0,20,CHF,2018-10-15
K01286FHW0,20,CHF,2018-10-15
K00500AEN0,20,CHF,2018-10-18
K01286FIE0,20,CHF,2018-10-22
K01286FIS0,20,CHF,2018-11-05
K01286FIW0,20,CHF,2018-11-05
K01286FIO0,20,CHF,2018-11-05
K01286FJM0,20,CHF,2018-11-05
K07393BIY0,90,EUR,2018-11-07
K10100EWF0,90,EUR,2018-11-09
K10100EWJ0,90,EUR,2018-11-09
K10100EWK0,90,EUR,2018-11-09
K10100EUP0,90,EUR,2018-10-02
K07393BIL0,90,EUR,2018-10-03
K17719AQH0,20,CHF,2018-10-05
K01286FHE0,20,CHF,2018-10-08
K01286FHF0,20,CHF,2018-10-08
K01286FHI0,20,CHF,2018-10-08
K01286FHM0,20,CHF,2018-10-08
K003080000,20,CHF,2018-11-22
K005250000,20,CHF,2018-11-29
K01286AVK0,20,CHF,2012-10-08
K011090001,20,CHF,2006-07-27
K011110000,20,CHF,2006-07-27
K011110009,90,CHF,2006-07-27
K01111KA04,20,CHF,2013-01-07
K01111KC01,20,CHF,2013-01-07
K01111KD03,20,CHF,2013-01-07
K01111KN01,20,CHF,2013-01-07
K011140000,10,CHF,2010-07-27
K011180000,90,CHF,2012-05-10
K011290000,90,CHF,2006-07-24
K011340000,20,CHF,2012-09-17
K011360000,20,CHF,2012-11-13
K011370000,10,CHF,2012-11-16
K011380000,10,CHF,2013-02-25
K011690000,90,CHF,2012-04-04
K011770000,90,CHF,2013-11-07
K011840000,20,CHF,2007-12-13
K012020000,10,CHF,2006-07-24
K012060000,20,CHF,2013-04-03
K012120000,20,CHF,2011-03-18
K012130000,20,CHF,2006-07-24
K012150000,20,CHF,2008-03-25
K012320000,10,CHF,2013-12-23
K012340000,20,CHF,2006-07-24
K01234AAA0,20,CHF,2009-10-08
K012390000,90,CHF,2006-07-24
K012420000,90,CHF,2010-07-07
K012440000,10,CHF,2014-01-15
K012470000,20,CHF,2014-02-06
K01286BUN0,20,CHF,2013-10-28
K01286BUP0,90,CHF,2013-10-28
K01286BUQ0,90,CHF,2013-10-28
K01286BUR0,90,CHF,2013-10-28
K01286BUS0,20,CHF,2013-10-28
K01286BUT0,90,CHF,2013-10-28
K01286BVA0,20,CHF,2013-10-28
K01286BVE0,20,CHF,2013-10-28
K01286BVF0,20,CHF,2013-10-28
K01286BVI0,20,CHF,2013-10-28
K10100EXT0,90,EUR,2018-12-04
K10100EXZ0,90,EUR,2018-12-04
K10100EYC0,90,EUR,2018-12-04
K10100EYF0,90,EUR,2018-12-04
K10100EYG0,90,EUR,2018-12-04
K10100EYM0,90,EUR,2018-12-05
K10100EYO0,90,EUR,2018-12-05
K10100EYT0,90,EUR,2018-12-05
K10100EZB0,90,EUR,2018-12-05
K01286FLK0,20,CHF,2018-12-05
K17719AQJ0,20,CHF,2018-12-05
K01286FLP0,20,CHF,2018-12-05
K01286FMS0,20,CHF,2018-12-17
K01286FMT0,20,CHF,2018-12-17
K01286FMU0,20,CHF,2018-12-17
K01286FMV0,20,CHF,2018-12-17
K10100EXD0,90,EUR,2018-11-09
K10100EXE0,90,EUR,2018-11-09
K01286FJP0,20,CHF,2018-11-12
K01286FJR0,20,CHF,2018-11-13
K11285ALA0,90,CHF,2018-11-14
K01286FKK0,20,CHF,2018-11-19
K17719AQK0,20,CHF,2018-12-05
K02151AVL0,20,CHF,2018-12-05
K02151AVP0,20,CHF,2018-12-05
K07393BJK0,90,EUR,2018-12-06
K01286FLW0,90,CHF,2018-12-12
K005330000,20,CHF,2018-12-13
K01286FNZ0,20,CHF,2019-01-14
K01286FOH0,20,CHF,2019-01-14
K01286FOJ0,20,CHF,2019-01-14
K01286FOP0,20,CHF,2019-01-21
K162070000,20,CHF,2019-01-30
K04370AMD0,20,CHF,2019-02-05
K01286FPI0,20,CHF,2019-02-05
K01286FPP0,20,CHF,2019-02-05
K01286FPS0,20,CHF,2019-02-05
K005630000,20,CHF,2019-02-05
K10100FAX0,90,EUR,2019-02-07
K10100FAY0,90,EUR,2019-02-07
K01286BVN0,20,CHF,2013-11-06
K01286BVO0,20,CHF,2013-11-19
K01286BVQ0,20,CHF,2013-11-20
K01286BWG0,20,CHF,2013-11-20
K01286BWK0,90,CHF,2013-11-25
K01286BWL0,20,CHF,2013-11-26
K01286BWO0,20,CHF,2013-11-29
K01286BWS0,20,CHF,2013-12-02
K01286BWT0,20,CHF,2013-12-03
K01286BWU0,90,CHF,2013-12-03
K01286BXE0,20,CHF,2013-12-03
K01286BXH0,20,CHF,2013-12-09
K01286BXL0,20,CHF,2013-12-09
K01286BXW0,20,CHF,2013-12-16
K01286BYB0,20,CHF,2013-12-23
K01286BYK0,90,CHF,2014-01-13
K01286BZG0,20,CHF,2014-02-03
K01286BZI0,20,CHF,2014-02-03
K01286CBN0,20,CHF,2014-03-24
K01286CBT0,20,CHF,2014-04-01
K01286CCG0,90,CHF,2014-04-01
K01286CCI0,20,CHF,2014-04-08
K01286CCS0,20,CHF,2014-04-14
K01286CDC0,20,CHF,2014-05-08
K01286CDK0,20,CHF,2014-05-20
K01286CDP0,20,CHF,2014-05-20
K01286AVZ0,20,CHF,2012-10-08
K01286AWM0,20,CHF,2012-10-08
K01286AWO0,90,CHF,2012-10-08
K01286AWQ0,20,CHF,2012-10-08
K01286AWV0,20,CHF,2012-10-08
K01286AXI0,90,CHF,2012-10-08
K01286AXL0,20,CHF,2012-10-08
K01286AXM0,20,CHF,2012-10-08
K01286AXS0,90,CHF,2012-10-08
K01286AXX0,20,CHF,2012-10-08
K01286AYB0,20,CHF,2012-10-08
K01286AYN0,20,CHF,2012-10-08
K01286AYQ0,20,CHF,2012-10-08
K10100FAZ0,90,EUR,2019-02-07
K10100FAT0,90,EUR,2019-02-07
K10100FBH0,90,EUR,2019-02-07
K10100FBI0,90,EUR,2019-02-07
K10100FBY0,90,EUR,2019-02-07
K10100FAJ0,90,EUR,2019-02-07
K10100FAL0,90,EUR,2019-02-07
K10100FBD0,90,EUR,2019-02-07
K10100FBE0,90,EUR,2019-02-07
K161990000,10,CHF,2019-02-07
K07393BJR0,90,EUR,2019-02-07
K02151AVW0,20,CHF,2019-02-08
K02151AVY0,90,CHF,2019-02-08
K01286EJM0,20,CHF,2019-02-12
K01286FPT0,20,CHF,2019-02-12
K01286FPV0,20,CHF,2019-02-12
K01286FRG0,20,CHF,2019-03-04
K01286FQZ0,20,CHF,2019-03-04
K01286FRH0,20,CHF,2019-03-04
K10100FDA0,90,EUR,2019-03-05
K10100FDV0,90,EUR,2019-03-05
K162240000,10,CHF,2019-03-06
K161890000,20,CHF,2018-12-19
K17719AHY0,90,CHF,2018-12-20
K10100EZO0,90,EUR,2019-01-03
K10100EZW0,90,EUR,2019-01-03
K10100FAG0,90,EUR,2019-01-03
K01286FND0,20,CHF,2019-01-07
K01286FNL0,20,CHF,2019-01-07
K01286FNQ0,20,CHF,2019-01-07
K01286FOX0,20,CHF,2019-01-28
K01286FOZ0,20,CHF,2019-01-28
K01286FPE0,20,CHF,2019-01-28
K01286FPG0,20,CHF,2019-01-28
K162080000,20,CHF,2019-02-04
K071520000,20,CHF,2019-02-18
K01286FQF0,20,CHF,2019-02-18
K162200000,20,CHF,2019-02-27
K160520001,20,CHF,2019-02-28
K075880001,20,CHF,2019-03-01
K01286FRM0,20,CHF,2019-03-12
K01286FRO0,20,CHF,2019-03-12
K01286FRQ0,20,CHF,2019-03-12
K01286FRP0,20,CHF,2019-03-12
K162310000,20,CHF,2019-03-14
K01286FRT0,20,CHF,2019-03-19
K01286FSE0,20,CHF,2019-03-19
K162390000,20,CHF,2019-03-22
K01286FSG0,20,CHF,2019-03-22
K01286FTI0,20,CHF,2019-04-11
K01286FTO0,20,CHF,2019-04-11
K162500000,20,CHF,2019-04-15
K01286FTY0,20,CHF,2019-04-16
K01286FUC0,20,CHF,2019-04-18
K01286FUD0,20,CHF,2019-04-18
K01286FUF0,20,CHF,2019-04-18
K01286FUG0,20,CHF,2019-04-18
K007610003,20,CHF,2019-04-26
K005870000,20,CHF,2019-04-29
K01286FUZ0,90,CHF,2019-05-02
K01286FVH0,20,CHF,2019-05-06
K005890000,20,CHF,2019-05-07
K10100FFN0,90,EUR,2019-05-08
K10100FFX0,90,EUR,2019-05-08
K10100FGV0,90,EUR,2019-05-08
K005930000,20,CHF,2019-05-09
K02151AWF0,20,CHF,2019-03-06
K036310000,10,CHF,2020-05-13
K01286GJT0,20,CHF,2019-12-17
K01286FSK0,20,CHF,2019-03-25
K01286FSR0,20,CHF,2019-03-25
K01286FST0,20,CHF,2019-03-25
K178790000,90,CHF,2019-03-27
K090900000,20,CHF,2019-03-28
K005760000,20,CHF,2019-04-02
K162450000,20,CHF,2019-04-03
K01286FTC0,20,CHF,2019-04-03
K10100FEB0,90,EUR,2019-04-04
K10100FEI0,90,EUR,2019-04-04
K10100FEQ0,90,EUR,2019-04-04
K10100FER0,90,EUR,2019-04-04
K10100FET0,90,EUR,2019-04-04
K10100FFC0,90,EUR,2019-04-04
K10100FFE0,90,EUR,2019-04-04
K005790000,20,CHF,2019-04-05
K023070000,20,CHF,2019-05-22
K044180000,20,CHF,2019-05-22
K162650000,20,CHF,2019-05-24
K162660000,20,CHF,2019-05-27
K01286FWX0,20,CHF,2019-05-27
K01286FWY0,20,CHF,2019-05-27
K118060000,20,CHF,2019-06-03
K01286FXP0,20,CHF,2019-06-03
K01286FXU0,20,CHF,2019-06-03
K025000000,10,CHF,2019-06-04
K10100FGW0,90,EUR,2019-06-04
K10100FGZ0,90,EUR,2019-06-04
K10100FGY0,90,EUR,2019-06-04
K10100FHD0,90,EUR,2019-06-04
K10100FHF0,90,EUR,2019-06-04
K10100FHH0,90,EUR,2019-06-04
K10100FHW0,90,EUR,2019-06-04
K01286FYP0,20,CHF,2019-07-02
K01286FYT0,20,CHF,2019-07-02
K10100FIN0,90,EUR,2019-07-02
K10100FIO0,90,EUR,2019-07-02
K10100FIQ0,90,EUR,2019-07-02
K10100FJA0,90,EUR,2019-07-02
K10100FJC0,90,EUR,2019-07-02
K02151AWW0,20,CHF,2019-07-08
K01286FWB0,20,CHF,2019-05-13
K01286FWD0,20,CHF,2019-05-13
K117930000,90,EUR,2019-05-20
K025120000,20,CHF,2019-06-07
K07393BLC0,90,EUR,2019-06-07
K01286GRV0,20,CHF,2020-05-11
K01286GSF0,20,CHF,2020-05-11
K01111KJ04,20,CHF,2019-07-16
K01111KM05,20,CHF,2019-07-16
K01286GCH0,20,CHF,2019-08-27
K01286GCG0,20,CHF,2019-08-27
K01286GCI0,20,CHF,2019-08-27
K119100000,20,CHF,2019-08-28
K119130000,10,CHF,2019-08-29
K150331193,90,CHF,2019-08-30
K02151AWZ0,20,CHF,2019-09-02
K10100FKV0,90,EUR,2019-09-03
K10100FLH0,90,EUR,2019-09-03
K10100FLJ0,90,EUR,2019-09-03
K10100FLN0,90,EUR,2019-09-03
K10100FLP0,90,EUR,2019-09-03
K10100FLQ0,90,EUR,2019-09-03
K02503XXXX,20,CHF,2019-07-25
K01286GAU0,20,CHF,2019-08-05
K01286GBD0,20,CHF,2019-08-05
K01286GBJ0,20,CHF,2019-08-05
K10100FJT0,90,EUR,2019-08-05
K10100FKA0,90,EUR,2019-08-05
K10100FKB0,90,EUR,2019-08-05
K10100FKR0,90,EUR,2019-08-05
K10100FKU0,90,EUR,2019-08-05
K04370AMK0,20,CHF,2019-08-07
K01286GBM0,20,CHF,2019-08-12
K01286GBN0,20,CHF,2019-08-12
K058170000,20,CHF,2019-08-14
K165350000,20,CHF,2019-08-14
K118780000,20,CHF,2019-08-15
K118820000,20,CHF,2019-08-16
K118840000,20,CHF,2019-08-19
K01286GBX0,20,CHF,2019-08-19
K01286GCB0,90,CHF,2019-08-19
K119080000,10,CHF,2019-08-26
K00500AEX0,90,CHF,2019-09-04
K163100000,20,CHF,2019-09-05
K07393BLW0,90,EUR,2019-09-09
K01286GDG0,20,CHF,2019-09-10
K01286GDH0,20,CHF,2019-09-10
K10100FMC0,90,EUR,2019-10-02
K10100FMF0,90,EUR,2019-10-02
K01286AYR0,20,CHF,2012-10-08
K01286AZO0,20,CHF,2012-10-08
K01286AZW0,20,CHF,2012-10-08
K01286AZY0,90,CHF,2012-10-08
K01286AZZ0,20,CHF,2012-10-08
K01286BAP0,20,CHF,2012-10-08
K01286BBA0,20,CHF,2012-10-08
K01286BBG0,20,CHF,2012-10-08
K01286BBH0,20,CHF,2012-10-08
K01286BBK0,20,CHF,2012-10-08
K01286CEW0,20,CHF,2014-06-10
K01286CFB0,20,CHF,2014-06-10
K01286CFH0,20,CHF,2014-06-23
K01286CFJ0,20,CHF,2014-06-24
K01286CGW0,20,CHF,2014-08-11
K01286CHD0,90,CHF,2014-08-19
K01286CHH0,20,CHF,2014-09-05
K01286CHJ0,20,CHF,2014-09-05
K01286CIH0,20,CHF,2014-09-09
K01286CIW0,20,CHF,2014-09-16
K01286CJH0,20,CHF,2014-09-17
K01286CJK0,20,CHF,2014-09-17
K01286CJZ0,20,CHF,2014-09-24
K01286CKE0,20,CHF,2014-09-26
K01286BBN0,90,CHF,2012-10-08
K01286BBP0,90,CHF,2012-10-08
K01286BBS0,90,CHF,2012-10-08
K01286BBT0,90,CHF,2012-10-08
K01286BCB0,20,CHF,2012-10-29
K01286BCD0,20,CHF,2012-10-29
K01286BCH0,20,CHF,2012-10-29
K01286BCN0,20,CHF,2012-10-29
K01286BCW0,20,CHF,2012-10-29
K01286BDU0,20,CHF,2012-11-12
K01286BEO0,20,CHF,2012-11-26
K01286BFI0,20,CHF,2012-12-17
K01286BFM0,20,CHF,2012-12-17
K01286BGL0,90,CHF,2012-12-21
K01286BGW0,20,CHF,2013-01-11
K01286BHD0,90,CHF,2013-01-11
K01286BHI0,20,CHF,2013-01-16
K01286BIH0,20,CHF,2013-02-18
K01286BIM0,20,CHF,2013-02-19
K01286BIQ0,20,CHF,2013-02-19
K01286BIV0,20,CHF,2013-02-19
K01286BIX0,20,CHF,2013-02-19
K01286BJQ0,90,CHF,2013-02-22
K01286BJS0,20,CHF,2013-02-22
K01286BKB0,90,CHF,2013-03-13
K01286BKF0,20,CHF,2013-03-13
K01286BKH0,20,CHF,2013-03-13
K01286BLA0,90,CHF,2013-03-25
K01286BLD0,20,CHF,2013-03-27
K01286BLG0,20,CHF,2013-03-27
K01286BLH0,20,CHF,2013-03-27
K01286BLI0,20,CHF,2013-03-27
K01286BLJ0,20,CHF,2013-03-27
K01286BLK0,20,CHF,2013-03-27
K01286BLL0,20,CHF,2013-03-27
K01286BLN0,20,CHF,2013-03-28
K01286BLT0,90,CHF,2013-03-27
K01286BMC0,20,CHF,2013-04-10
K01286BMD0,90,CHF,2013-04-18
K01286BMF0,20,CHF,2013-04-18
K01286BMG0,20,CHF,2013-04-18
K01286BMK0,20,CHF,2013-04-24
K01286BMQ0,20,CHF,2013-05-13
K01286BMU0,90,CHF,2013-05-13
K01286BMZ0,90,CHF,2013-05-13
K01286BNG0,20,CHF,2013-05-14
K01286BNU0,20,CHF,2013-05-22
K01286BNV0,20,CHF,2013-05-22
K01286BOF0,20,CHF,2013-06-03
K01286BOH0,20,CHF,2013-06-03
K01286BOM0,20,CHF,2013-06-10
K01286BON0,20,CHF,2013-06-10
K01286BPP0,20,CHF,2013-07-03
K01286BQW0,20,CHF,2013-07-23
K10100FMV0,90,EUR,2019-10-02
K10100FMZ0,90,EUR,2019-10-02
K10100FNA0,90,EUR,2019-10-02
K119350000,10,CHF,2019-10-03
K163180000,20,CHF,2019-10-04
K163190000,10,CHF,2019-10-04
K04370AML0,20,CHF,2019-10-07
K01286GFL0,20,CHF,2019-10-07
K01286GFN0,20,CHF,2019-10-07
K01286GFR0,20,CHF,2019-10-07
K07393BMB0,90,EUR,2019-10-09
K162890000,10,CHF,2019-10-09
K01286GFS0,20,CHF,2019-10-14
K164250000,20,CHF,2019-10-15
K07393BMC0,90,EUR,2019-10-18
K119410000,20,CHF,2019-10-22
K119420000,20,EUR,2019-10-22
K023690000,20,CHF,2019-10-22
K163260000,20,CHF,2019-10-22
K01286GDT0,20,CHF,2019-09-17
K01286GDW0,20,CHF,2019-09-17
K01286GDY0,20,CHF,2019-09-17
K162830000,20,CHF,2019-09-17
K01286GEI0,20,CHF,2019-09-23
K025820000,20,CHF,2019-09-25
K162880000,10,CHF,2019-09-26
K119260000,20,CHF,2019-09-26
K01286GFC0,20,CHF,2019-09-30
K01286GFE0,20,CHF,2019-09-30
K01286GGN0,20,CHF,2019-11-04
K01286GGP0,20,CHF,2019-11-04
K01286GGQ0,20,CHF,2019-11-04
K01286GGU0,20,CHF,2019-11-04
K01286GHD0,20,CHF,2019-11-04
K01286GHH0,20,CHF,2019-11-04
K163400000,20,CHF,2019-11-04
K10100FNI0,90,EUR,2019-11-05
K01795BKI0,20,EUR,2023-01-04
K01795BKK0,20,EUR,2023-01-04
K01795BKM0,20,EUR,2023-01-04
K01286BQZ0,90,CHF,2013-07-23
K01286BRA0,20,CHF,2013-07-23
K01286BRG0,90,CHF,2013-07-29
K01286BSD0,20,CHF,2013-08-22
K01286BSH0,90,CHF,2013-08-29
K01286BSI0,20,CHF,2013-08-30
K01286BSJ0,20,CHF,2013-09-02
K01286BSP0,20,CHF,2013-09-26
K01286BSS0,90,CHF,2013-09-26
K01286BTA0,90,CHF,2013-10-08
K01286BTO0,20,CHF,2013-10-21
K01286BTR0,20,CHF,2013-10-22
K01286BTS0,20,CHF,2013-10-22
K01286BUF0,20,CHF,2013-10-23
K01286CKH0,20,CHF,2014-09-29
K01286CKN0,20,CHF,2014-10-09
K01286CKO0,20,CHF,2014-10-10
K01286CLK0,20,CHF,2014-10-21
K01286CLL0,20,CHF,2014-10-21
K01286CLN0,20,CHF,2014-10-28
K01286CLP0,90,CHF,2014-10-28
K01286CLQ0,20,CHF,2014-10-28
K01286CLY0,90,CHF,2014-11-04
K01286CME0,20,CHF,2014-11-07
K01286CMI0,20,CHF,2014-11-17
K01286CMX0,20,CHF,2014-11-25
K01286COE0,20,CHF,2014-12-09
K01286CPV0,90,CHF,2015-01-26
K01286CQC0,20,CHF,2015-01-27
K01286CQD0,20,CHF,2015-01-27
K01286CQL0,20,CHF,2015-02-02
K01286CRP0,20,CHF,2015-03-09
K01286CTA0,20,CHF,2015-05-05
K01286CTC0,20,CHF,2015-05-13
K01286CTD0,20,CHF,2015-05-13
K01286CTF0,20,CHF,2015-05-13
K01286CTG0,20,CHF,2015-05-18
K01286CTK0,20,CHF,2015-05-22
K01286CTO0,20,CHF,2015-05-27
K01795BKN0,20,EUR,2023-01-04
K01795BKP0,20,EUR,2023-01-05
K01795BKQ0,20,EUR,2023-01-05
K136490000,20,CHF,2023-01-05
K01286IKA0,20,CHF,2023-01-06
K01286IKD0,20,CHF,2023-01-06
K01286IKF0,20,CHF,2023-01-06
K092480000,20,CHF,2023-01-26
K01286IKZ0,20,CHF,2023-01-30
K01286ILI0,20,CHF,2023-01-30
K01795BKY0,20,EUR,2023-02-06
K01795BLR0,20,EUR,2023-02-06
K01795BME0,20,EUR,2023-02-06
K01795BMN0,20,EUR,2023-02-06
K11285BDT0,20,CHF,2023-01-12
K01286IKU0,20,CHF,2023-01-16
K01286ILZ0,20,CHF,2023-02-13
K122170000,20,CHF,2023-02-23
K01286IMQ0,20,CHF,2023-02-27
K01286IMS0,20,CHF,2023-02-27
K042520000,20,CHF,2023-03-01
K04230AIJ0,20,CHF,2023-03-01
K01795BOE0,20,EUR,2023-03-03
K01795BOF0,20,EUR,2023-03-03
K01795BOG0,20,EUR,2023-03-03
K01795BOK0,20,EUR,2023-03-03
K01795BOR0,20,EUR,2023-03-06
K01795BOS0,20,EUR,2023-03-06
K01795BOT0,20,EUR,2023-03-06
K01795BOU0,20,EUR,2023-03-06
K01286INO0,20,CHF,2023-03-21
K090730000,20,CHF,2023-03-22
K17719BBM0,20,CHF,2023-03-30
K02151BAX0,20,CHF,2023-03-30
K11285BEN0,20,CHF,2023-03-31
K17719BBN0,20,CHF,2023-03-31
K01286INR0,20,CHF,2023-04-03
K01795BPU0,20,EUR,2023-04-05
K01795BPV0,20,EUR,2023-04-05
K01795BPW0,20,EUR,2023-04-05
K01286CTY0,20,CHF,2015-06-19
K01286CUC0,20,CHF,2015-06-19
K01286CUK0,90,CHF,2015-06-19
K01286CUP0,20,CHF,2015-06-22
K01286CUQ0,90,CHF,2015-06-23
K01286CUU0,20,CHF,2015-06-24
K01286CUW0,20,CHF,2015-06-24
K01286CVK0,90,CHF,2015-07-07
K01286CVM0,90,CHF,2015-07-07
K01286CVO0,20,CHF,2015-07-07
K01286CXO0,20,CHF,2015-09-02
K01286CZG0,20,CHF,2015-10-29
K01286CZR0,20,CHF,2015-11-16
K01286DAT0,20,CHF,2015-12-11
K01286DAX0,20,CHF,2015-12-21
K01286DBK0,20,CHF,2016-01-26
K01286DBL0,20,CHF,2016-01-27
K01286DBY0,20,CHF,2016-02-10
K01286DDT0,90,CHF,2016-03-14
K01286DDY0,20,CHF,2016-03-21
K012870005,20,CHF,2010-04-09
K012870007,20,CHF,2015-07-08
K012890000,90,CHF,2011-07-12
K012940000,90,CHF,2010-07-13
K013000000,90,CHF,2006-07-24
K013080000,20,CHF,2013-03-07
K013090000,20,CHF,2014-01-16
K013190000,90,CHF,2014-02-25
K013280000,20,CHF,2014-03-18
K013300000,20,CHF,2014-05-02
K013310000,20,CHF,2014-05-13
K013490000,20,CHF,2006-07-24
K013720000,90,CHF,2007-04-16
K013790000,90,CHF,2008-03-07
K013820000,90,CHF,2008-05-28
K013830000,90,CHF,2008-06-30
K013850000,10,CHF,2008-11-26
K013870000,20,CHF,2008-12-19
K013950000,20,CHF,2009-08-20
K02503ACZ0,20,CHF,2023-04-05
K01795BQJ0,20,EUR,2023-04-05
K17719BBQ0,20,CHF,2023-04-05
K04230AJF0,20,CHF,2023-04-06
K01795BRK0,20,EUR,2023-04-06
K01795BRM0,90,EUR,2023-04-06
K01795BRN0,20,EUR,2023-04-06
K17719BBZ0,20,CHF,2023-05-10
K11285BEE0,20,CHF,2023-02-08
K058880000,20,CHF,2023-02-10
K11285BEJ0,20,CHF,2023-03-07
K01286IMZ0,20,CHF,2023-03-07
K035450000,20,CHF,2023-03-08
K160050001,20,CHF,2023-03-16
K052030000,20,CHF,2023-03-21
K01286INB0,90,CHF,2023-03-21
K01286INE0,20,CHF,2023-03-21
K01286IOI0,20,CHF,2023-04-18
K089820000,20,CHF,2023-04-19
K023750000,20,CHF,2023-04-25
K17719BBT0,20,CHF,2023-04-26
K01795BRX0,20,EUR,2023-05-02
K01795BSD0,20,EUR,2023-05-03
K01795BSI0,20,EUR,2023-05-03
K01795BSN0,20,EUR,2023-05-03
K01795BST0,20,EUR,2023-05-03
K01795BTA0,20,EUR,2023-05-03
K055580000,20,CHF,2023-06-23
K01286IQZ0,20,CHF,2023-06-27
K090060000,20,CHF,2023-05-15
K023820000,20,CHF,2023-05-15
K13600AAY0,20,CHF,2023-05-15
K11285BFB0,20,CHF,2023-05-22
K01286IPZ0,20,CHF,2023-05-23
K04230AJQ0,20,CHF,2023-05-30
K04230AJU0,20,CHF,2023-05-30
K023890000,20,CHF,2023-06-01
K04230AKS0,20,CHF,2023-06-02
K04230AKT0,20,CHF,2023-06-02
K053160000,20,CHF,2023-06-05
K01795BTM0,20,EUR,2023-06-05
K01795BTS0,20,EUR,2023-06-05
K01795BTW0,20,EUR,2023-06-05
K01795BUA0,20,EUR,2023-06-05
K01795BUB0,20,EUR,2023-06-05
K01795BUW0,20,EUR,2023-06-06
K01286IQP0,20,CHF,2023-06-06
K17719BCI0,20,CHF,2023-06-12
K104410000,20,CHF,2023-06-13
K17719BCX0,20,CHF,2023-07-07
K034600000,20,CHF,2023-07-14
K024000000,20,CHF,2023-06-28
K01286IRR0,20,CHF,2023-07-03
K01286IRU0,20,CHF,2023-07-03
K01286IRV0,20,CHF,2023-07-03
K04230AKY0,20,CHF,2023-07-04
K04230ALL0,20,CHF,2023-07-04
K01795BUX0,20,EUR,2023-07-04
K01795BUZ0,20,EUR,2023-07-04
K01795BVX0,20,EUR,2023-07-05
K01795BWD0,20,EUR,2023-07-05
K01795BWU0,20,EUR,2023-07-05
K01795BXC0,20,EUR,2023-07-05
K01286ISQ0,20,CHF,2023-07-24
K01286IST0,20,CHF,2023-07-24
K01286ISZ0,20,CHF,2023-07-24
K04611AAN0,20,CHF,2023-07-27
K04611AAS0,20,CHF,2023-07-27
K01286ISG0,20,CHF,2023-07-14
K02151BBC0,20,CHF,2023-07-14
K02151BBE0,20,CHF,2023-07-14
K124460000,20,CHF,2023-08-24
K124560000,10,CHF,2023-08-25
K17719BDA0,20,CHF,2023-08-28
K01286ITV0,20,CHF,2023-08-28
K01286ITZ0,20,CHF,2023-08-28
K01286IUC0,20,CHF,2023-08-28
K01286IUM0,20,CHF,2023-08-28
K04230ALO0,20,CHF,2023-08-29
K04230ALR0,20,CHF,2023-08-29
K04230ALT0,20,CHF,2023-08-29
K04230AMC0,20,CHF,2023-08-29
K124570000,20,CHF,2023-08-31
K04230AMI0,20,CHF,2023-09-01
K04230AMS0,20,CHF,2023-09-01
K01286IUT0,20,CHF,2023-09-04
K01795BYO0,20,EUR,2023-09-04
K01795BYP0,20,EUR,2023-09-04
K04611ABF0,20,CHF,2023-07-28
K04611ABK0,20,CHF,2023-07-28
K01795BXT0,20,EUR,2023-08-02
K01795BYF0,20,EUR,2023-08-02
K11285BFK0,20,CHF,2023-08-09
K11285BFO0,20,CHF,2023-08-10
K11285BFQ0,20,CHF,2023-09-06
K037810000,20,CHF,2023-09-06
K02503ADO0,20,CHF,2023-09-06
K04611ABT0,20,CHF,2023-09-07
K02151BBO0,20,CHF,2023-09-08
K17719BDE0,20,CHF,2023-09-08
K17719BDF0,20,CHF,2023-09-12
K17719BDG0,20,CHF,2023-09-14
K01286IUX0,20,CHF,2023-09-18
K01286IUY0,20,CHF,2023-09-18
K01286IVA0,20,CHF,2023-09-18
K11285BFX0,20,CHF,2023-09-18
K038680000,20,CHF,2023-09-19
K023350000,20,CHF,2023-09-20
K01286IVO0,20,CHF,2023-09-25
K01286IVR0,20,CHF,2023-09-25
K17719BDJ0,20,CHF,2023-09-25
K01795BZN0,20,EUR,2023-09-04
K01795BZP0,20,EUR,2023-09-04
K01795BZU0,20,EUR,2023-09-05
K01795CAH0,20,EUR,2023-09-05
K01795CAK0,20,EUR,2023-09-05
K066980001,20,CHF,2023-10-18
K093020000,20,CHF,2023-10-18
K01286IWU0,20,CHF,2023-10-23
K01286IWV0,20,CHF,2023-10-23
K01448AIJ0,90,CHF,2008-10-24
K01448AIN0,90,CHF,2008-10-24
K01448AIO0,90,CHF,2008-10-24
K01448AIU0,90,CHF,2008-10-24
K01448AKA0,90,CHF,2008-10-24
K01448AKB0,90,CHF,2008-10-24
K01448AKJ0,90,CHF,2008-10-24
K01448ALQ0,90,CHF,2008-10-24
K01448ALR0,90,CHF,2008-10-24
K01448AMH0,90,CHF,2008-10-24
K01448AMK0,90,CHF,2008-10-24
K01448AMY0,90,CHF,2008-10-24
K01448AMZ0,90,CHF,2008-10-24
K01448ANL0,90,CHF,2008-10-24
K01448ANM0,90,CHF,2008-10-24
K01448ANS0,90,CHF,2008-10-24
K01448ANW0,90,CHF,2008-10-24
K014020000,90,CHF,2012-01-23
K014050000,20,CHF,2012-06-15
K014120000,20,CHF,2006-07-24
K014130000,90,CHF,2006-07-24
K014170000,20,CHF,2010-08-10
K014190000,10,CHF,2011-12-22
K014420000,20,CHF,2013-08-19
K01448AAB0,90,CHF,2008-07-29
K01448AAH0,90,CHF,2008-07-29
K01448AAI0,90,CHF,2008-07-29
K01448AAU0,90,CHF,2008-10-09
K01448ABE0,90,CHF,2008-10-09
K01448ABF0,90,CHF,2008-10-09
K01448ABV0,90,CHF,2008-10-24
K01448ABW0,90,CHF,2008-10-24
K01448ABY0,90,CHF,2008-10-24
K01448ACD0,90,CHF,2008-10-24
K01448ACO0,90,CHF,2008-10-24
K01448ACP0,90,CHF,2008-10-24
K01448ACR0,90,CHF,2008-10-24
K01448ACS0,90,CHF,2008-10-24
K01448ADA0,90,CHF,2008-10-24
K01448ADD0,90,CHF,2008-10-24
K038870000,20,CHF,2023-10-24
K01286IXC0,20,CHF,2023-10-25
K01286IXW0,20,CHF,2023-10-25
K01286IXX0,20,CHF,2023-10-25
K01286IXY0,20,CHF,2023-10-25
K01286IYC0,20,CHF,2023-10-25
K01286IYD0,20,CHF,2023-10-25
K01286IYQ0,20,CHF,2023-10-31
K01286IYU0,20,CHF,2023-10-31
K01286IYW0,20,CHF,2023-10-31
K028120000,20,CHF,2023-11-06
K039000000,20,CHF,2023-11-14
K06728AAM0,20,CHF,2023-10-02
K06728AAN0,20,CHF,2023-10-02
K06728AAS0,20,CHF,2023-10-02
K06728AAT0,20,CHF,2023-10-02
K06728AAW0,20,CHF,2023-10-02
K04230AND0,20,CHF,2023-10-02
K01286IVX0,20,CHF,2023-10-03
K01795CAS0,20,EUR,2023-10-03
K01795CAZ0,20,EUR,2023-10-04
K01795CBE0,20,EUR,2023-10-04
K01795CBF0,20,EUR,2023-10-04
K01795CBT0,20,EUR,2023-10-04
K01795CCA0,20,EUR,2023-10-04
K01795CCB0,20,EUR,2023-10-04
K04611ACJ0,20,CHF,2023-10-05
K04611ACK0,20,CHF,2023-10-05
K01286IWN0,20,CHF,2023-10-17
K01286IWQ0,20,CHF,2023-10-17
K17719BEA0,20,CHF,2023-11-28
K17719BEC0,20,CHF,2023-11-29
K04230ANU0,20,CHF,2023-12-01
K04230AOD0,20,CHF,2023-12-01
K01286IZV0,20,CHF,2023-12-04
K01286IZW0,20,CHF,2023-12-04
K01286IZX0,20,CHF,2023-12-04
K01286JAH0,20,CHF,2023-12-04
K01795CCJ0,20,EUR,2023-12-04
K01795CCN0,20,EUR,2023-12-04
K01448ADZ0,90,CHF,2008-10-24
K01448AEB0,90,CHF,2008-10-24
K01448AEC0,90,CHF,2008-10-24
K01448AOI0,90,CHF,2008-10-24
K01448APC0,90,CHF,2008-10-24
K01448APF0,90,CHF,2008-10-24
K01448API0,90,CHF,2008-10-24
K01448AQS0,90,CHF,2008-10-24
K01448AQZ0,90,CHF,2008-10-24
K01448ARC0,90,CHF,2008-10-24
K01448ARK0,90,CHF,2008-10-24
K01448ARM0,90,CHF,2008-10-24
K01448ARN0,90,CHF,2008-10-24
K01448ASE0,90,CHF,2008-10-24
K01448ASN0,90,CHF,2008-10-24
K01448ASP0,90,CHF,2008-10-24
K01448ASS0,90,CHF,2008-10-24
K01448ASU0,90,CHF,2008-10-24
K01448ATB0,90,CHF,2008-10-24
K01448ATD0,90,CHF,2008-10-24
K01448ATR0,90,CHF,2008-10-24
K01448ATV0,90,CHF,2008-10-24
K01448AUD0,90,CHF,2008-10-24
K01448AUS0,90,CHF,2008-10-24
K01448AVA0,90,CHF,2008-10-24
K01448AVB0,90,CHF,2008-10-24
K01448AVC0,90,CHF,2008-10-24
K01448AVO0,90,CHF,2008-10-24
K01448AVU0,90,CHF,2008-10-24
K01448AVX0,90,CHF,2008-10-24
K01448AWH0,90,CHF,2008-10-24
K01448AWZ0,90,CHF,2008-10-24
K01448AXJ0,90,CHF,2008-10-24
K01448AXW0,90,CHF,2008-10-24
K01448AXX0,90,CHF,2008-10-24
K01448AYC0,90,CHF,2008-10-24
K01448AYH0,90,CHF,2008-10-24
K01448AYT0,90,CHF,2008-10-24
K01448AYW0,90,CHF,2008-10-24
K01448AZQ0,90,CHF,2008-10-24
K01795CCT0,20,EUR,2023-12-04
K01795CCZ0,20,EUR,2023-12-04
K01795CDH0,20,EUR,2023-12-04
K01795CEV0,20,EUR,2023-12-05
K01795CEY0,20,EUR,2023-12-05
K01795CFA0,20,EUR,2023-12-05
K01795CFD0,20,EUR,2023-12-05
K01795CFF0,20,EUR,2023-12-05
K01795CFH0,20,EUR,2023-12-05
K01795CFJ0,20,EUR,2023-12-05
K04611ACP0,20,CHF,2023-12-06
K028400000,20,CHF,2023-12-06
K028240000,20,CHF,2023-12-06
K01286JAT0,20,CHF,2023-12-07
K11285BGJ0,20,CHF,2023-12-08
K167160000,20,CHF,2024-01-09
K028610000,20,CHF,2024-01-11
K02151BCB0,20,CHF,2024-01-12
K028900000,20,CHF,2024-01-15
K01286JDN0,20,CHF,2024-01-22
K01286JDM0,20,CHF,2024-01-22
K01286JDV0,20,CHF,2024-01-22
K00500AHZ0,20,CHF,2024-01-31
K17719BEV0,20,CHF,2024-01-31
K04230AQB0,20,CHF,2024-02-01
K11285BGM0,20,CHF,2024-02-05
K01795CHB0,20,EUR,2024-02-05
K028190000,20,CHF,2023-11-17
K01286JBK0,20,CHF,2023-12-18
K01286JBO0,20,CHF,2023-12-18
K01286JBR0,20,CHF,2023-12-18
K01286JCD0,20,CHF,2023-12-18
K17719BEM0,20,CHF,2023-12-19
K028350000,20,CHF,2023-12-21
K01795CFO0,20,EUR,2024-01-03
K01795CGA0,20,EUR,2024-01-03
K01795CGE0,20,EUR,2024-01-03
K04230APS0,20,CHF,2024-01-05
K04230APT0,20,CHF,2024-01-05
K01286JCP0,20,CHF,2024-01-08
K01448AZR0,90,CHF,2008-10-24
K01448BAM0,90,CHF,2008-10-24
K01448BAQ0,90,CHF,2008-10-24
K01448BBO0,90,CHF,2008-10-24
K01448BBU0,90,CHF,2008-10-24
K01448BBV0,90,CHF,2008-10-24
K01448BCH0,90,CHF,2008-10-24
K01448BCU0,90,CHF,2008-10-24
K01448BCZ0,90,CHF,2008-10-24
K01448BDJ0,90,CHF,2008-10-24
K01448BEB0,90,CHF,2008-10-24
K01448BEQ0,90,CHF,2008-10-24
K01448BEY0,90,CHF,2008-10-24
K01448BFL0,90,CHF,2008-10-24
K01448BFU0,90,CHF,2008-10-24
K01448BGA0,90,CHF,2008-10-24
K01448BGL0,90,CHF,2008-10-24
K01448BGN0,90,CHF,2008-10-24
K01448BGU0,90,CHF,2008-10-24
K01448BHC0,90,CHF,2008-10-24
K01448BHM0,90,CHF,2008-10-24
K01448BHO0,90,CHF,2008-10-24
K01448AEL0,90,CHF,2008-10-24
K01448AEM0,90,CHF,2008-10-24
K01448AEV0,90,CHF,2008-10-24
K01448AEZ0,90,CHF,2008-10-24
K01448AFA0,90,CHF,2008-10-24
K01448AFG0,90,CHF,2008-10-24
K01448AFQ0,90,CHF,2008-10-24
K01448AFY0,90,CHF,2008-10-24
K01448AGD0,90,CHF,2008-10-24
K01448AGF0,90,CHF,2008-10-24
K01448AGL0,90,CHF,2008-10-24
K01448AGZ0,90,CHF,2008-10-24
K01448AHD0,90,CHF,2008-10-24
K01448AHM0,90,CHF,2008-10-24
K01448AHP0,90,CHF,2008-10-24
K01448CFG0,90,CHF,2009-12-10
K01448CFK0,90,CHF,2009-12-10
K01448CFL0,90,CHF,2009-12-10
K17719BEN0,20,CHF,2024-01-08
K01286JEH0,20,CHF,2024-02-14
K01286JEL0,20,CHF,2024-02-14
K01286JEO0,20,CHF,2024-02-14
K01286JEQ0,20,CHF,2024-02-14
K156670000,20,CHF,2024-02-15
K01286JET0,20,CHF,2024-02-19
K01286JEZ0,20,CHF,2024-02-19
K01286JFA0,20,CHF,2024-02-19
K04370ALB0,20,CHF,2017-11-08
K07393BEV0,90,EUR,2017-11-08
K07393BEW0,90,EUR,2017-11-08
K07393BEZ0,90,EUR,2017-11-08
K02151ASY0,90,CHF,2017-11-08
K01286ELD0,20,CHF,2017-11-13
K01286ELG0,20,CHF,2017-11-16
K07393ANF0,90,EUR,2015-07-13
K07393AOQ0,90,EUR,2015-09-14
K07393APY0,90,EUR,2015-11-04
K07393AQO0,90,EUR,2015-12-03
K10100BUV0,90,EUR,2013-08-13
K10100BVV0,90,EUR,2013-09-11
K10100BWO0,90,EUR,2013-09-11
K10100CFF0,90,EUR,2014-01-10
K10100CFU0,90,EUR,2014-01-10
K10100CGX0,90,EUR,2014-02-19
K10100CIJ0,90,EUR,2014-03-19
K10100CKB0,90,EUR,2014-04-09
K10100CKT0,90,EUR,2014-04-09
K10100CMB0,90,EUR,2014-05-22
K10100COK0,90,EUR,2014-06-18
K10100CPP0,90,EUR,2014-07-15
K10100CRQ0,90,EUR,2014-08-05
K10100CST0,90,EUR,2014-09-15
K10100CTA0,90,EUR,2014-09-15
K10100CTB0,90,EUR,2014-09-15
K10100CXN0,90,EUR,2014-12-01
K10100CZH0,90,EUR,2015-01-15
K10100CZJ0,90,EUR,2015-01-15
K10100DCO0,90,EUR,2015-03-13
K01448CFY0,90,CHF,2010-02-09
K01448CGA0,90,CHF,2010-02-09
K01448CGX0,90,CHF,2010-03-05
K01448CGY0,90,CHF,2010-03-05
K01448CHH0,90,CHF,2010-03-09
K01448CHJ0,90,CHF,2010-03-19
K01448CHK0,90,CHF,2010-04-09
K01448CIA0,90,CHF,2010-04-23
K01448CIB0,90,CHF,2010-04-23
K01448CIE0,90,CHF,2010-04-23
K01448CIO0,90,CHF,2010-05-18
K01448CIQ0,90,CHF,2010-05-18
K01448CIT0,90,CHF,2010-05-18
K01448CJG0,90,CHF,2010-05-26
K01448CJH0,90,CHF,2010-05-26
K01448CJI0,90,CHF,2010-05-26
K01448CJK0,90,CHF,2010-05-26
K01448CJS0,90,CHF,2010-05-26
K01448CKH0,90,CHF,2010-05-26
K01448CKI0,90,CHF,2010-05-26
K01448CKJ0,90,CHF,2010-05-26
K01448CKL0,90,CHF,2010-05-26
K01448CKX0,90,CHF,2010-06-04
K01448CLG0,90,CHF,2010-07-02
K01448CLY0,90,CHF,2010-08-13
K01448CND0,90,CHF,2010-09-15
K01448CNF0,90,CHF,2010-09-16
K01448CNZ0,90,CHF,2010-10-11
K01448COK0,90,CHF,2010-10-26
K01448COL0,90,CHF,2010-10-26
K01448COU0,90,CHF,2010-11-08
K01448COV0,90,CHF,2010-11-08
K01448CPK0,90,CHF,2010-11-18
K01448CPO0,90,CHF,2010-11-22
K01448CPP0,90,CHF,2010-11-22
K01448CQG0,90,CHF,2010-12-14
K01448CQJ0,90,CHF,2010-12-14
K01448CQO0,90,CHF,2011-04-01
K01448CRJ0,90,CHF,2011-05-18
K10100DDM0,90,EUR,2015-04-08
K10100DHE0,90,EUR,2015-06-22
K10100DIG0,90,EUR,2015-07-08
K10100DKB0,90,EUR,2015-08-04
K10100EFU0,90,EUR,2017-12-04
K10100EGF0,90,EUR,2017-12-04
K10100EGG0,90,EUR,2017-12-04
K10100EGK0,90,EUR,2017-12-04
K17719AOS0,20,CHF,2017-12-05
K02152AKA0,20,CHF,2017-12-05
K02152AKB0,20,CHF,2017-12-05
K17719AOT0,20,CHF,2017-12-07
K161370000,10,CHF,2017-12-08
K01286EMM0,20,CHF,2017-12-08
K01286EMN0,20,CHF,2017-12-08
K02152AKN0,20,CHF,2018-01-04
K10100EHH0,90,EUR,2018-01-04
K10100EHI0,90,EUR,2018-01-04
K10100EHJ0,90,EUR,2018-01-04
K10100EHO0,90,EUR,2018-01-04
K10100EHP0,90,EUR,2018-01-04
K01286EMY0,20,CHF,2018-01-04
K01286ENE0,20,CHF,2018-01-04
K01286ENJ0,20,CHF,2018-01-04
K10100DKN0,90,EUR,2015-08-04
K10100DLX0,90,EUR,2015-09-10
K10100DMH0,90,EUR,2015-09-10
K01111KC09,20,CHF,2015-07-01
K01111KG02,20,CHF,2015-12-10
K01111KM02,20,CHF,2016-04-06
K01111KN08,20,CHF,2015-06-17
K01286CNX0,90,CHF,2014-12-08
K01286CRX0,20,CHF,2015-03-25
K01286CWE0,20,CHF,2015-07-20
K01286CYK0,20,CHF,2015-09-29
K07112ALQ0,20,CHF,2015-07-06
K07112ALY0,20,CHF,2015-09-10
K07112ALZ0,20,CHF,2015-09-10
K01286ELH0,20,CHF,2017-11-21
K01286ELI0,20,CHF,2017-11-21
K01448CSL0,90,CHF,2011-05-18
K01448CSQ0,90,CHF,2011-05-18
K01448CTH0,90,CHF,2011-05-18
K01448CUK0,90,CHF,2011-05-30
K01448CUT0,90,CHF,2011-05-30
K01448CVG0,90,CHF,2011-06-20
K01448CVV0,90,CHF,2011-06-21
K01448BHQ0,90,CHF,2008-10-24
K01448BHW0,90,CHF,2008-10-24
K01448BIV0,90,CHF,2008-10-24
K01448BIW0,90,CHF,2008-10-24
K01448BJC0,90,CHF,2008-10-24
K01448BJM0,90,CHF,2008-10-24
K01448BJT0,90,CHF,2008-10-24
K01448BKA0,90,CHF,2008-10-24
K01448BKS0,90,CHF,2008-10-24
K01448BLA0,90,CHF,2008-10-24
K01448BLY0,90,CHF,2008-10-24
K01448BMN0,90,CHF,2008-10-24
K01448BMT0,90,CHF,2008-10-24
K01448BMW0,90,CHF,2008-10-24
K01448BNA0,90,CHF,2008-10-24
K01448BND0,90,CHF,2008-10-24
K01448BNF0,90,CHF,2008-10-24
K01448BNH0,90,CHF,2008-10-24
K01448BNI0,90,CHF,2008-10-24
K01448BNK0,90,CHF,2008-10-24
K01448BNO0,90,CHF,2008-10-24
K01448CVZ0,90,CHF,2011-06-21
K01448CWL0,90,CHF,2011-06-21
K01448CWM0,90,CHF,2011-06-21
K01448CWO0,90,CHF,2011-06-21
K01448CWW0,90,CHF,2011-06-21
K01448CXB0,90,CHF,2011-06-21
K01448CXC0,90,CHF,2011-06-21
K01448CXF0,90,CHF,2011-06-21
K01448CXM0,90,CHF,2011-06-21
K01448CXY0,90,CHF,2011-07-01
K01448CYD0,90,CHF,2011-07-01
K020370000,20,CHF,2017-12-11
K04370ALD0,20,CHF,2017-12-22
K100950000,20,CHF,2018-01-15
K02151ATG0,90,CHF,2018-01-17
K01286ENX0,20,CHF,2018-01-05
K07393BFP0,90,EUR,2018-01-09
K01286EQH0,20,CHF,2018-02-05
K10100EIS0,90,EUR,2018-02-05
K10100EIT0,90,EUR,2018-02-05
K10100EIZ0,90,EUR,2018-02-05
K10100EJC0,90,EUR,2018-02-05
K10100EJE0,90,EUR,2018-02-05
K10100EJF0,90,EUR,2018-02-05
K10100EJR0,90,EUR,2018-02-05
K02151ATO0,20,CHF,2018-02-06
K17719APC0,20,CHF,2018-02-09
K001740000,20,CHF,2018-02-09
K07393BGE0,90,EUR,2018-03-05
K01286ESD0,20,CHF,2018-03-07
K001660000,20,CHF,2018-01-18
K01286EOP0,20,CHF,2018-01-23
K01286EOS0,20,CHF,2018-01-23
K01286EOT0,20,CHF,2018-01-23
K01286EOX0,20,CHF,2018-01-25
K001710000,90,CHF,2018-01-30
K01286EPI0,20,CHF,2018-01-30
K01286EPJ0,20,CHF,2018-01-30
K01286EPV0,20,CHF,2018-01-30
K003490000,10,CHF,2018-01-31
K02151ATJ0,20,CHF,2018-01-31
K02151ATK0,20,CHF,2018-01-31
K02151ATL0,20,CHF,2018-01-31
K04370ALF0,90,CHF,2018-02-02
K17719APD0,20,CHF,2018-02-15
K003470000,20,CHF,2018-02-16
K001760000,20,CHF,2018-02-19
K01286ERI0,20,CHF,2018-02-19
K01286ERL0,20,CHF,2018-02-19
K001770000,20,CHF,2018-02-19
K001800000,20,CHF,2018-02-22
K01448CYL0,90,CHF,2011-07-01
K01448CYU0,90,CHF,2011-07-01
K01448CYW0,90,CHF,2011-07-01
K01448CZJ0,90,CHF,2011-08-08
K01448CZY0,20,CHF,2012-03-19
K01448DAB0,90,CHF,2012-03-19
K01448DAN0,90,CHF,2012-03-19
K01448DAT0,90,CHF,2011-09-12
K01448DAV0,90,CHF,2011-09-12
K01448DBD0,90,CHF,2012-03-19
K01448DBM0,90,CHF,2011-11-23
K01448DBS0,90,CHF,2011-11-23
K01448DBX0,90,CHF,2011-11-23
K01448DCB0,90,CHF,2011-11-23
K01448DCV0,90,CHF,2011-11-23
K01448DDC0,90,CHF,2012-01-30
K01448BNW0,90,CHF,2008-10-24
K01448BOQ0,90,CHF,2008-10-24
K01448BOX0,90,CHF,2008-10-24
K01448BOZ0,90,CHF,2008-10-24
K01448BPC0,90,CHF,2008-10-24
K01448BPF0,90,CHF,2008-10-24
K01448BPN0,90,CHF,2008-10-24
K01448BPP0,90,CHF,2008-10-24
K01448BPR0,90,CHF,2008-10-24
K01448BQA0,90,CHF,2008-10-24
K01448BQC0,90,CHF,2008-10-24
K01448BQD0,90,CHF,2008-10-24
K01448BSH0,90,CHF,2008-10-24
K01448BSJ0,90,CHF,2008-10-24
K01448BTO0,90,CHF,2008-10-24
K01448BTU0,90,CHF,2008-10-24
K01448BTW0,90,CHF,2008-10-24
K01448BTZ0,90,CHF,2008-10-24
K01448BUC0,90,CHF,2008-10-24
K01448BUS0,90,CHF,2008-10-31
K01448BVE0,90,CHF,2008-10-31
K01448BVG0,90,CHF,2008-10-31
K01448BVN0,90,CHF,2008-12-01
K01448BWB0,90,CHF,2008-12-01
K01286ESV0,20,CHF,2018-03-12
K136290001,20,CHF,2018-03-13
K001920000,20,CHF,2018-03-14
K003430000,20,CHF,2018-03-15
K01286ESX0,20,CHF,2018-03-16
K01286ETF0,20,CHF,2018-03-19
K504000000,10,CHF,2018-03-19
K001940000,20,CHF,2018-03-19
K01286ETS0,20,CHF,2018-03-27
K01286EUE0,20,CHF,2018-03-27
K01286EUG0,20,CHF,2018-03-27
K01286EUK0,20,CHF,2018-03-27
K01286EUL0,20,CHF,2018-03-27
K002000001,20,CHF,2018-04-03
K01286EUQ0,20,CHF,2018-04-03
K01286EUR0,20,CHF,2018-04-03
K01286EUS0,20,CHF,2018-04-03
K01286EUT0,20,CHF,2018-04-03
K064630000,20,CHF,2018-04-03
K10100EMA0,90,EUR,2018-04-04
K10100EML0,90,EUR,2018-04-04
K01286HKG0,20,CHF,2021-04-13
K01286HKH0,20,CHF,2021-04-13
K04370AMS0,20,CHF,2021-04-19
K11285AWH0,20,CHF,2021-04-20
K17719ASO0,20,CHF,2021-05-06
K01286HMF0,20,CHF,2021-05-10
K166980000,20,CHF,2021-03-10
K167000000,20,CHF,2021-03-11
K167030000,20,CHF,2021-03-11
K143100000,20,CHF,2021-03-15
K167040000,20,CHF,2021-03-15
K11285ATL0,20,CHF,2021-03-16
K11285ATT0,20,CHF,2021-03-16
K11285ATX0,20,CHF,2021-03-17
K11285AUA0,20,CHF,2021-03-17
K11285AUB0,20,CHF,2021-03-17
K01286HJF0,20,CHF,2021-03-17
K01286HJG0,20,CHF,2021-03-17
K11285AWK0,20,CHF,2021-04-21
K11285AWL0,20,CHF,2021-04-21
K128490000,20,CHF,2021-04-21
K17719ASL0,20,CHF,2021-04-23
K01286HLJ0,20,CHF,2021-04-26
K01286HLK0,20,CHF,2021-04-26
K01286HLL0,20,CHF,2021-04-26
K01286HLM0,20,CHF,2021-04-26
K01286HLR0,20,CHF,2021-05-03
K01286HLX0,20,CHF,2021-05-03
K11285AWW0,20,CHF,2021-05-04
K040010000,20,CHF,2021-05-31
K11285AXK0,20,CHF,2021-06-01
K01286HNI0,20,CHF,2021-06-02
K039720000,20,CHF,2021-06-03
K039740000,20,CHF,2021-06-03
K064150000,20,CHF,2021-05-11
K11285AWZ0,20,CHF,2021-05-11
K02503AAZ0,20,CHF,2021-05-11
K064170000,20,CHF,2021-05-12
K064230000,20,CHF,2021-05-17
K051360000,20,CHF,2021-05-26
K01286HMW0,20,CHF,2021-05-27
K01286HMY0,20,CHF,2021-05-27
K01286HNB0,20,CHF,2021-05-31
K01286HNC0,20,CHF,2021-05-31
K01286HNG0,20,CHF,2021-05-31
K01286HNN0,20,CHF,2021-06-15
K11285AXR0,20,CHF,2021-06-15
K11285AXT0,20,CHF,2021-06-15
K035970000,20,CHF,2021-06-22
K040040000,90,CHF,2021-06-24
K11285AXX0,20,CHF,2021-06-25
K01286HNV0,20,CHF,2021-06-28
K01286HNW0,20,CHF,2021-06-28
K01286HOC0,20,CHF,2021-06-28
K040080000,90,CHF,2021-06-28
K01286HOD0,20,CHF,2021-06-29
K17719ATU0,20,CHF,2021-07-01
K17719ATV0,20,CHF,2021-07-01
K040160000,90,CHF,2021-07-02
K01448BWO0,90,CHF,2009-01-19
K01448BXG0,90,CHF,2009-02-16
K01448BXT0,90,CHF,2009-03-17
K01448BXV0,90,CHF,2009-03-17
K01448BYX0,90,CHF,2009-04-27
K01448BYY0,90,CHF,2009-04-27
K01448BZC0,90,CHF,2009-04-27
K01448BZL0,90,CHF,2009-04-28
K01448BZM0,90,CHF,2009-05-05
K01448BZV0,90,CHF,2009-05-05
K01448CAL0,90,CHF,2009-05-25
K01448CAS0,90,CHF,2009-05-25
K01448CAX0,90,CHF,2009-05-25
K01448CBT0,90,CHF,2009-08-13
K01448CBW0,90,CHF,2009-08-13
K01448CCI0,90,CHF,2009-08-13
K01448CCK0,90,CHF,2009-08-13
K01448CCQ0,90,CHF,2009-08-13
K01448CCR0,90,CHF,2009-08-13
K07112AHZ0,20,CHF,2012-12-05
K07112AID0,20,CHF,2012-12-05
K07112AIF0,20,CHF,2012-12-05
K07112AII0,20,CHF,2012-12-05
K07112AIO0,20,CHF,2013-02-26
K07112AIP0,20,CHF,2013-02-26
K07112AIU0,20,CHF,2013-04-17
K07112AJP0,20,CHF,2013-09-26
K07112AKC0,20,CHF,2014-05-08
K07112ALM0,20,CHF,2015-04-07
K07112ALN0,20,CHF,2015-04-30
K07112ALP0,90,CHF,2015-07-06
K07112ALR0,20,CHF,2015-07-06
K07112AMI0,20,CHF,2016-02-08
K07112YYYY,20,CHF,2009-09-16
K071370000,20,CHF,2006-07-24
K071430000,10,CHF,2006-07-24
K07390YYYY,90,CHF,2010-02-17
K07390ZZZZ,90,CHF,2010-01-22
K073930000,20,EUR,2012-06-11
K07393AAQ0,90,EUR,2012-06-11
K062710000,20,CHF,2021-07-05
K01286HOG0,20,CHF,2021-07-05
K039790000,10,CHF,2021-06-07
K040260000,20,CHF,2021-07-15
K17719AUD0,20,CHF,2021-07-19
K01286HPO0,20,CHF,2021-07-21
K11285AYI0,20,CHF,2021-07-26
K081090000,20,CHF,2021-07-28
K17719AUE0,20,CHF,2021-07-28
K17719AUT0,20,CHF,2021-07-29
K073180000,20,CHF,2021-07-30
K073190000,20,CHF,2021-07-30
K17719AVN0,20,CHF,2021-08-02
K17719AWG0,90,CHF,2021-08-02
K17719AWJ0,20,CHF,2021-08-02
K17719AWQ0,20,CHF,2021-08-02
K17719AWR0,20,CHF,2021-08-02
K01286HQN0,20,CHF,2021-08-03
K01286HOI0,20,CHF,2021-07-05
K01286HOJ0,20,CHF,2021-07-05
K01286HOQ0,20,CHF,2021-07-05
K01286HOX0,20,CHF,2021-07-05
K01286HOY0,20,CHF,2021-07-05
K02151AZE0,20,CHF,2021-07-05
K11285AXY0,20,CHF,2021-07-06
K11285AYC0,20,CHF,2021-07-06
K11285AYD0,20,CHF,2021-07-06
K02503ABG0,20,CHF,2021-07-07
K02503ABJ0,20,CHF,2021-07-07
K040190000,20,CHF,2021-07-08
K073350000,20,CHF,2021-08-19
K030430000,10,CHF,2021-08-31
K030470000,20,CHF,2021-09-01
K060320000,20,CHF,2021-09-29
K060360000,20,CHF,2021-10-01
K060380000,20,CHF,2021-10-04
K060540000,10,CHF,2021-10-04
K060560000,20,CHF,2021-10-04
K01286HSI0,20,CHF,2021-10-07
K096810000,20,CHF,2021-10-08
K07393AAS0,90,EUR,2012-06-11
K07393ABF0,90,EUR,2012-08-23
K07393ABZ0,90,EUR,2013-01-16
K07393ACB0,90,EUR,2013-01-18
K07393ACD0,90,EUR,2013-01-25
K07393ACK0,90,EUR,2013-04-05
K07393ACV0,90,EUR,2013-06-28
K07393ADC0,90,EUR,2013-07-24
K07393ADG0,90,EUR,2013-09-04
K07393ADJ0,90,EUR,2013-10-07
K07393AEE0,90,EUR,2013-11-29
K07393AFF0,90,EUR,2014-03-03
K07393AGG0,90,EUR,2014-04-25
K07393AGU0,90,EUR,2014-06-02
K07393AHB0,90,EUR,2014-06-23
K07393AHE0,90,EUR,2014-07-04
K07393AHP0,90,EUR,2014-08-06
K07393AHY0,90,EUR,2014-08-29
K07393AIB0,90,EUR,2014-09-10
K07393AIH0,90,EUR,2014-09-22
K07393AIN0,90,EUR,2014-10-13
K07393AJB0,90,EUR,2014-10-15
K07393AJH0,90,EUR,2014-10-16
K07393AJJ0,90,EUR,2014-10-21
K07393AJK0,90,EUR,2014-10-27
K07393AJN0,90,EUR,2014-10-29
K07393AJZ0,90,EUR,2014-11-11
K07393AKC0,90,EUR,2014-11-14
K07393AKI0,90,EUR,2014-12-03
K07393AKK0,90,EUR,2014-12-08
K07393AKU0,90,EUR,2015-01-07
K07393AKV0,90,EUR,2015-01-08
K07393AKW0,90,EUR,2015-01-16
K07393AKX0,90,EUR,2015-01-21
K07393AMO0,90,EUR,2015-07-13
K07393AMQ0,90,EUR,2015-07-13
K07393AOD0,90,EUR,2015-09-14
K07393AOF0,90,EUR,2015-09-14
K07393APM0,90,EUR,2015-10-01
K07393BOZ0,90,EUR,2021-09-07
K060140000,20,CHF,2021-09-08
K064390002,90,CHF,2021-09-10
K060150000,20,CHF,2021-09-13
K01286HRW0,20,CHF,2021-09-21
K01286HRZ0,20,CHF,2021-09-21
K106710000,90,EUR,2021-10-14
K01286HSS0,20,CHF,2021-10-19
K039920000,10,CHF,2021-10-26
K039940000,20,CHF,2021-10-27
K039970000,20,CHF,2021-10-28
K01286HSY0,20,CHF,2021-11-02
K01286HTH0,20,CHF,2021-11-02
K01286HTI0,20,CHF,2021-11-02
K01286HTW0,20,CHF,2021-11-24
K02151AZV0,20,CHF,2021-11-29
K01286HUH0,20,CHF,2021-11-30
K125920000,20,CHF,2021-11-30
K125950000,20,CHF,2021-12-03
K01286HUM0,20,CHF,2021-12-06
K11285AZO0,20,CHF,2021-12-09
K04370AMY0,20,CHF,2021-12-09
K04370AMZ0,20,CHF,2021-12-09
K043760000,20,CHF,2022-01-10
K135730000,20,CHF,2022-01-13
K17719AXH0,20,CHF,2022-01-14
K11285BAF0,20,CHF,2022-02-15
K120310000,20,CHF,2022-02-16
K17719AXS0,20,CHF,2022-02-18
K060750000,10,CHF,2022-02-25
K060790000,10,CHF,2022-03-01
K01286HXB0,20,CHF,2022-03-01
K11285BAK0,20,CHF,2022-03-02
K01286HXI0,90,CHF,2022-03-07
K01286HXJ0,20,CHF,2022-03-07
K060830000,20,CHF,2022-03-08
K01795AAC0,20,EUR,2022-03-11
K02151AZQ0,20,CHF,2021-11-09
K019570000,20,CHF,2021-11-18
K01286HTS0,20,CHF,2021-11-18
K071630000,90,CHF,2006-07-24
K071690000,20,CHF,2006-12-14
K071800000,20,CHF,2006-07-24
K071920000,90,CHF,2006-10-20
K071970000,20,CHF,2006-07-24
K072170000,20,CHF,2006-07-24
K072390000,90,CHF,2010-06-11
K072540000,90,CHF,2006-07-24
K080880000,90,CHF,2006-07-24
K080930000,20,CHF,2006-07-24
K08095AAR0,20,CHF,2012-12-10
K081000000,10,CHF,2006-07-24
K081160000,90,CHF,2006-07-24
K081380000,20,CHF,2006-07-24
K081690000,20,CHF,2006-07-24
K082210000,90,CHF,2006-07-24
K082330000,90,CHF,2006-08-01
K082370000,90,CHF,2006-07-24
K07393AQF0,90,EUR,2015-12-03
K07393ARJ0,90,EUR,2016-02-29
K07393ARK0,90,EUR,2016-02-29
K07393ARL0,90,EUR,2016-02-29
K073980000,20,CHF,2008-04-15
K074000000,20,CHF,2011-08-31
K074090000,20,CHF,2006-11-06
K074200000,20,CHF,2008-02-07
K074370000,10,CHF,2006-08-01
K074900000,20,CHF,2015-01-22
K074940000,90,CHF,2006-07-24
K074950000,20,CHF,2006-07-24
K075430000,10,CHF,2006-07-24
K075520000,20,CHF,2014-09-26
K075730000,90,CHF,2006-07-24
K075770000,20,CHF,2006-07-24
K075850000,10,CHF,2012-11-14
K075870000,20,CHF,2010-06-09
K075880000,20,CHF,2006-07-24
K082780000,10,CHF,2009-06-10
K08279AAA0,20,CHF,2011-03-02
K019600000,20,CHF,2021-11-18
K01286HUT0,20,CHF,2021-12-20
K01286HVE0,90,CHF,2022-01-06
K01286HVF0,20,CHF,2022-01-06
K135870000,20,CHF,2022-01-25
K135930000,20,CHF,2022-01-25
K135940000,20,CHF,2022-01-25
K136380000,20,CHF,2022-01-25
K136440000,20,CHF,2022-01-31
K01286HWI0,20,CHF,2022-02-08
K060700000,10,CHF,2022-02-09
K04370ANA0,20,CHF,2022-02-15
K060950000,20,CHF,2022-03-24
K01286HYG0,20,CHF,2022-03-28
K01286HYI0,20,CHF,2022-03-28
K17719AYA0,20,CHF,2022-04-01
K01795AAO0,20,EUR,2022-03-11
K00500AHN0,20,CHF,2022-03-14
K01795ABA0,20,EUR,2022-03-15
K01795ABG0,20,EUR,2022-03-15
K01795ABJ0,20,EUR,2022-03-15
K01795ABL0,20,EUR,2022-03-15
K01795ABQ0,20,EUR,2022-03-15
K01795ABU0,20,EUR,2022-03-15
K01795ACT0,20,EUR,2022-03-16
K01795ACV0,20,EUR,2022-03-16
K01795ACX0,20,EUR,2022-03-16
K01795ADF0,20,EUR,2022-03-16
K01795ADK0,20,EUR,2022-03-16
K01795AEL0,20,EUR,2022-03-16
K01795AEP0,20,EUR,2022-03-16
K01795AEQ0,20,EUR,2022-03-16
K01795AFP0,20,EUR,2022-03-16
K01795AFR0,20,EUR,2022-03-16
K081210000,20,CHF,2022-03-16
K118070005,20,EUR,2022-03-21
K01795AGE0,20,EUR,2022-04-05
K01795AGL0,20,EUR,2022-04-05
K01795AGN0,20,EUR,2022-04-05
K059260000,90,CHF,2022-04-06
K08279XXXX,20,CHF,2013-06-06
K082900000,90,CHF,2010-08-17
K082950000,20,CHF,2008-07-11
K083230000,10,CHF,2006-07-24
K083460000,90,CHF,2006-07-24
K08367ZZZZ,90,CHF,2009-05-07
K083810000,20,CHF,2006-07-24
K083880000,20,CHF,2014-12-15
K084110001,20,CHF,2011-09-27
K084370000,90,CHF,2007-08-10
K084660000,20,CHF,2006-07-24
K084860000,90,CHF,2006-07-24
K085080000,90,CHF,2007-08-17
K085300000,20,CHF,2006-07-24
K085370000,20,CHF,2006-07-24
K085460000,90,CHF,2006-07-24
K076200000,20,CHF,2010-03-17
K076230000,90,CHF,2010-11-04
K076350000,20,CHF,2006-07-24
K076390000,90,CHF,2013-10-18
K076460000,90,CHF,2006-07-24
K076690000,90,CHF,2006-11-13
K076730000,90,CHF,2006-07-24
K077140000,90,CHF,2007-08-08
K077220000,20,CHF,2011-02-16
K077930000,20,CHF,2010-09-07
K077960000,20,CHF,2014-03-10
K078010000,90,CHF,2007-12-04
K078100000,20,CHF,2006-08-01
K078160000,20,CHF,2006-07-24
K078440000,90,CHF,2009-01-26
K085690000,90,CHF,2007-09-03
K085910000,20,CHF,2011-02-09
K085930000,20,CHF,2012-05-21
K085940000,20,CHF,2012-11-30
K086010000,20,CHF,2009-05-04
K086160000,90,CHF,2006-07-24
K086200000,20,CHF,2006-07-24
K086340000,90,CHF,2006-07-24
K01795AHV0,20,EUR,2022-04-06
K01795AIG0,20,EUR,2022-04-06
K01795AIH0,90,EUR,2022-04-06
K01795AJA0,20,EUR,2022-04-06
K01795AJQ0,20,EUR,2022-04-08
K01795AJU0,20,EUR,2022-04-08
K01795AJW0,20,EUR,2022-04-08
K01795AKA0,20,EUR,2022-04-08
K01795AKG0,20,EUR,2022-04-08
K01795AKJ0,20,EUR,2022-04-08
K01795AKN0,20,EUR,2022-04-08
K01286HZL0,20,CHF,2022-05-03
K01286HZU0,20,CHF,2022-05-03
K01795AKV0,20,EUR,2022-05-03
K01286HXT0,20,CHF,2022-03-21
K01286HXV0,20,CHF,2022-03-21
K118070002,20,EUR,2022-03-22
K059370000,20,CHF,2022-04-11
K040410000,20,CHF,2022-04-12
K01286HYS0,20,CHF,2022-04-13
K01286HYT0,20,CHF,2022-04-13
K17719AYC0,20,CHF,2022-04-20
K17719AYE0,20,CHF,2022-04-20
K040570000,20,CHF,2022-04-21
K01286HZH0,20,CHF,2022-04-25
K17719AYH0,20,CHF,2022-04-27
K041230000,20,CHF,2022-05-23
K01286IAN0,90,CHF,2022-05-30
K042030000,20,CHF,2022-05-30
K17719AYY0,20,CHF,2022-06-02
K17719AZE0,20,CHF,2022-06-02
K01795ANX0,20,EUR,2022-06-03
K01795ANY0,20,EUR,2022-06-03
K01795AOA0,20,EUR,2022-06-03
K01795AOB0,20,EUR,2022-06-03
K01795ALH0,20,EUR,2022-05-03
K01795ALT0,20,EUR,2022-05-04
K01795ALO0,20,EUR,2022-05-04
K01795ALQ0,20,EUR,2022-05-04
K086380000,20,CHF,2006-07-24
K086950000,20,CHF,2006-08-01
K087150000,20,CHF,2013-01-31
K087170000,20,CHF,2006-07-24
K087480000,10,CHF,2007-11-02
K087670000,90,CHF,2006-07-24
K087780000,90,CHF,2007-01-10
K087810000,10,CHF,2007-08-23
K087940000,90,CHF,2006-08-01
K088320002,20,CHF,2015-08-11
K088350000,90,CHF,2006-08-01
K088400000,90,CHF,2006-07-24
K078860000,20,CHF,2006-07-24
K078910000,20,CHF,2014-07-23
K079290000,10,CHF,2006-07-24
K079420000,90,CHF,2006-07-24
K079510000,20,CHF,2006-07-24
K079560000,10,CHF,2006-07-24
K080000000,20,CHF,2006-07-24
K080280000,90,CHF,2016-02-05
K080780000,20,CHF,2006-07-24
K091760000,90,CHF,2006-07-24
K091910000,20,CHF,2008-11-14
K091920000,20,CHF,2009-02-11
K092010000,10,CHF,2006-07-24
K092020000,20,CHF,2012-04-13
K092070000,90,CHF,2006-07-24
K092090001,10,CHF,2012-05-25
K092100000,20,CHF,2010-07-05
K092240000,20,EUR,2006-07-24
K092320000,20,CHF,2006-07-24
K092350000,90,CHF,2013-11-27
K092540000,20,CHF,2008-07-28
K092600000,90,CHF,2006-07-24
K088530000,20,CHF,2014-02-14
K088600000,20,CHF,2006-07-24
K088680000,90,CHF,2006-07-24
K089300000,20,CHF,2007-06-15
K089520000,90,CHF,2011-08-25
K01795AMG0,20,EUR,2022-05-04
K01795AMW0,20,EUR,2022-05-05
K01795AND0,20,EUR,2022-05-05
K01286HZY0,20,CHF,2022-05-12
K071390000,20,CHF,2022-06-14
K042160000,20,CHF,2022-06-16
K01795AOM0,20,EUR,2022-06-03
K01795AOV0,20,EUR,2022-06-03
K01795AOY0,20,EUR,2022-06-03
K01795APH0,20,EUR,2022-06-07
K01795APZ0,20,EUR,2022-06-07
K01795AQA0,20,EUR,2022-06-07
K01795AQI0,20,EUR,2022-06-07
K01795AQJ0,20,EUR,2022-06-07
K01795AQK0,20,EUR,2022-06-07
K01795AQM0,20,EUR,2022-06-07
K01795AQW0,20,EUR,2022-06-07
K01795AQY0,20,EUR,2022-06-07
K01795AQZ0,20,EUR,2022-06-07
K01795ARA0,20,EUR,2022-06-07
K052180000,20,CHF,2022-07-01
K02151BAE0,90,CHF,2022-07-04
K088310000,20,CHF,2022-07-05
K01795ARN0,20,EUR,2022-07-07
K01795ASD0,20,EUR,2022-07-07
K02503ACL0,20,CHF,2022-07-08
K01795ASI0,20,EUR,2022-07-08
K01795ASM0,20,EUR,2022-07-08
K04230AAU0,20,CHF,2022-06-24
K01286ICD0,20,CHF,2022-06-27
K17719AZF0,20,CHF,2022-06-28
K052160000,20,CHF,2022-06-29
K023470000,20,CHF,2022-07-18
K023520000,10,CHF,2022-07-21
K023570000,20,CHF,2022-07-25
K01286ICQ0,20,CHF,2022-08-03
K01286ICT0,20,CHF,2022-08-03
K01286IDE0,20,CHF,2022-08-03
K01286IDF0,20,CHF,2022-08-03
K11285BCJ0,20,CHF,2022-08-04
K01795ATE0,20,EUR,2022-08-05
K01795ATK0,20,EUR,2022-08-05
K01795ATM0,20,EUR,2022-08-05
K033370000,20,CHF,2022-08-08
K01795AUJ0,20,EUR,2022-08-08
K01795AUK0,20,EUR,2022-08-08
K01795AVA0,20,EUR,2022-08-08
K01795ASS0,20,EUR,2022-07-08
K023420000,90,CHF,2022-07-14
K04230ACH0,20,CHF,2022-08-16
K04230ACQ0,20,CHF,2022-08-16
K033430000,20,CHF,2022-08-16
K033540000,20,CHF,2022-08-18
K02151BAI0,20,CHF,2022-08-19
K02151BAJ0,20,CHF,2022-08-19
K033570000,20,CHF,2022-08-19
K11285BCQ0,20,CHF,2022-08-19
K11285BCU0,20,CHF,2022-08-24
K11285BCV0,20,CHF,2022-08-24
K04230ACY0,20,CHF,2022-09-02
K04230ADD0,20,CHF,2022-09-02
K01795AWH0,20,EUR,2022-09-02
K01795AWI0,20,EUR,2022-09-02
K01795AWR0,20,EUR,2022-09-02
K01795AWS0,20,EUR,2022-09-02
K01795AXA0,20,EUR,2022-09-05
K01795AXO0,20,EUR,2022-09-05
K01795AVO0,20,EUR,2022-08-08
K01795AVQ0,20,EUR,2022-08-08
K04230ABP0,20,CHF,2022-08-08
K04230ACA0,20,CHF,2022-08-08
K04230ACC0,20,CHF,2022-08-08
K11285BCO0,20,CHF,2022-08-12
K01286IDS0,20,CHF,2022-08-15
K01286IDT0,20,CHF,2022-08-15
K01286IDX0,20,CHF,2022-08-15
K01286IFB0,20,CHF,2022-09-19
K930120000,20,CHF,2022-09-21
K01286IFM0,20,CHF,2022-09-26
K089600000,20,CHF,2006-07-24
K089640000,90,CHF,2006-08-01
K089690000,90,CHF,2006-07-24
K089710000,90,CHF,2007-05-29
K09037AAC0,90,CHF,2009-01-20
K09037AAK0,90,CHF,2009-12-17
K09037AAM0,90,CHF,2010-08-26
K09037AAR0,90,CHF,2010-08-27
K09037ABV0,90,CHF,2010-08-27
K09037ABW0,90,CHF,2010-08-27
K09037ACE0,90,CHF,2011-06-08
K09037ACO0,90,CHF,2012-09-14
K09037ACX0,90,CHF,2013-10-22
K092660000,20,CHF,2012-02-15
K092860000,20,CHF,2006-07-24
K093270000,20,CHF,2006-08-28
K093280000,20,CHF,2008-09-10
K093360000,20,CHF,2009-10-29
K093420000,90,CHF,2006-07-24
K093650000,20,CHF,2007-08-14
K093810000,20,CHF,2006-07-24
K094060000,90,CHF,2006-07-24
K094190000,20,CHF,2009-08-19
K094260000,20,CHF,2008-08-13
K094290000,90,CHF,2008-12-04
K094750000,20,CHF,2006-07-24
K094890000,20,CHF,2015-03-10
K095020000,20,CHF,2009-02-06
K095070000,20,CHF,2006-07-24
K095390000,10,CHF,2006-07-24
K095460000,20,CHF,2006-07-24
K095760000,20,CHF,2006-07-24
K090410000,10,CHF,2010-10-19
K090810000,20,CHF,2006-07-24
K090930000,20,CHF,2011-05-11
K091090000,90,CHF,2011-01-20
K091150000,90,CHF,2006-07-24
K091360000,20,CHF,2006-07-24
K091500000,90,CHF,2006-07-24
K045890000,20,CHF,2022-09-28
K01286IFX0,20,CHF,2022-10-03
K045940000,20,CHF,2022-10-04
K02151BAP0,20,CHF,2022-10-04
K02151BAQ0,20,CHF,2022-10-04
K02151BAR0,20,CHF,2022-10-04
K01795BBI0,20,EUR,2022-10-05
K01795BBN0,20,EUR,2022-10-05
K01795BCA0,20,EUR,2022-10-05
K01795BCF0,20,EUR,2022-10-05
K01795BCG0,20,EUR,2022-10-05
K01795BCK0,20,EUR,2022-10-05
K01795BCL0,20,EUR,2022-10-05
K04230ADW0,20,CHF,2022-10-06
K04230ADX0,20,CHF,2022-10-06
K04230AEA0,20,CHF,2022-10-06
K040770000,20,CHF,2022-10-10
K040910000,20,CHF,2022-11-01
K17719BAB0,20,CHF,2022-11-07
K17719BAC0,20,CHF,2022-11-07
K17719BAD0,20,CHF,2022-11-07
K04230AEW0,20,CHF,2022-11-08
K04230AFC0,20,CHF,2022-11-08
K04230AFF0,20,CHF,2022-11-08
K01286IHM0,20,CHF,2022-11-08
K01286IHN0,20,CHF,2022-11-08
K01286IHT0,20,CHF,2022-11-08
K01795BCO0,20,EUR,2022-11-08
K01795BDA0,20,EUR,2022-11-09
K01795BDD0,20,EUR,2022-11-09
K01795BDE0,20,EUR,2022-11-09
K01795BDF0,20,EUR,2022-11-09
K01795BDL0,20,EUR,2022-11-09
K01795BDQ0,20,EUR,2022-11-09
K01795AYL0,20,EUR,2022-09-06
K01795AYR0,20,EUR,2022-09-06
K01795AYT0,20,EUR,2022-09-06
K01795AYW0,20,EUR,2022-09-06
K01795AYX0,20,EUR,2022-09-06
K01795AZS0,20,EUR,2022-09-06
K091540000,20,CHF,2006-07-24
K091570000,20,CHF,2006-08-24
K091580000,20,CHF,2007-08-21
K10100ABK0,90,EUR,2012-07-26
K10100ABL0,90,EUR,2012-07-26
K10100ABP0,90,EUR,2012-07-26
K10100ABQ0,90,EUR,2012-07-26
K10100ABR0,90,EUR,2012-07-26
K10100ABS0,90,EUR,2012-07-26
K10100ACZ0,90,EUR,2012-07-26
K095800000,20,CHF,2006-07-24
K096360000,20,CHF,2014-08-22
K096510000,20,CHF,2008-01-21
K096670000,90,CHF,2006-07-24
K096710001,20,CHF,2008-02-08
K096710006,20,CHF,2009-05-19
K09671AAA0,20,CHF,2008-08-15
K09671AAV0,90,CHF,2011-02-09
K09671AAW0,20,CHF,2011-03-07
K09671AAX0,90,CHF,2012-06-25
K09671ABA0,90,CHF,2013-08-20
K097130000,20,CHF,2012-07-09
K097160000,10,CHF,2015-07-01
K097270000,90,CHF,2006-07-24
K097290000,90,CHF,2006-07-24
K097370000,90,CHF,2007-09-17
K097520000,10,CHF,2006-07-24
K097690000,20,CHF,2006-07-24
K097970000,10,CHF,2006-07-24
K10100ADC0,90,EUR,2012-07-26
K10100ADN0,90,EUR,2012-07-26
K10100ADY0,90,EUR,2012-07-26
K10100AEE0,90,EUR,2012-07-26
K10100AEF0,90,EUR,2012-07-26
K10100AEJ0,90,EUR,2012-07-26
K10100AEN0,90,EUR,2012-07-26
K10100AEO0,90,EUR,2012-07-26
K10100AEQ0,90,EUR,2012-07-26
K10100AFA0,90,EUR,2012-07-26
K01795AZT0,20,EUR,2022-09-06
K17719AZY0,20,CHF,2022-09-12
K11285BDA0,20,CHF,2022-09-13
K11285BDD0,20,CHF,2022-09-15
K01286IGJ0,20,CHF,2022-10-18
K01286IGK0,20,CHF,2022-10-18
K01286IGL0,20,CHF,2022-10-18
K01286IGQ0,20,CHF,2022-10-18
K01286IGV0,20,CHF,2022-10-18
K040870000,20,CHF,2022-10-21
K01286IIH0,20,CHF,2022-11-21
K17719BAH0,20,CHF,2022-11-23
K11285BDP0,20,CHF,2022-11-25
K068750000,20,CHF,2022-11-30
K04230AFR0,20,CHF,2022-12-01
K04230AFS0,20,CHF,2022-12-01
K04230AGJ0,20,CHF,2022-12-01
K070140000,20,CHF,2022-12-06
K01795BFY0,20,EUR,2022-12-06
K01795BGD0,20,EUR,2022-12-06
K01795BGM0,20,EUR,2022-12-06
K01795BHD0,20,EUR,2022-12-06
K01795BHM0,20,EUR,2022-12-06
K01795BIH0,20,EUR,2022-12-06
K01795BIJ0,20,EUR,2022-12-06
K01795BIM0,20,EUR,2022-12-06
K01795BIN0,20,EUR,2022-12-07
K01795BDS0,20,EUR,2022-11-09
K01795BEO0,20,EUR,2022-11-09
K01795BFD0,20,EUR,2022-11-09
K01795BFE0,20,EUR,2022-11-09
K11285BDN0,20,CHF,2022-11-10
K01795BFL0,20,EUR,2022-11-10
K01795BFM0,20,EUR,2022-11-10
K01795BFP0,20,EUR,2022-11-10
K040980000,20,CHF,2022-11-11
K01286IJU0,20,CHF,2022-12-13
K00500AHP0,20,CHF,2022-12-22
K00500AHR0,20,CHF,2022-12-22
K00500AHS0,20,CHF,2022-12-22
K10100AFB0,90,EUR,2012-07-26
K10100AFI0,90,EUR,2012-07-26
K10100AFP0,90,EUR,2012-07-26
K10100AGF0,90,EUR,2012-07-26
K10100AGK0,90,EUR,2012-08-08
K10100AGP0,90,EUR,2012-08-08
K10100AHM0,90,EUR,2012-08-08
K10100AHS0,90,EUR,2012-08-08
K10100AJA0,90,EUR,2012-08-08
K10100AJB0,90,EUR,2012-08-08
K10100AJE0,90,EUR,2012-08-08
K10100AJI0,90,EUR,2012-08-08
K10100AJN0,90,EUR,2012-08-08
K10100AKA0,90,EUR,2012-08-08
K10100AKL0,90,EUR,2012-08-08
K10100ALH0,90,EUR,2012-08-08
K10100ALO0,90,EUR,2012-08-09
K10100ALQ0,90,EUR,2012-08-08
K10100ALR0,90,EUR,2012-08-08
K10100ALW0,90,EUR,2012-10-17
K10100AMD0,90,EUR,2012-10-17
K10100AMI0,90,EUR,2012-10-17
K10100AMK0,90,EUR,2012-10-17
K10100ANG0,90,EUR,2012-10-17
K10100ANW0,90,EUR,2012-10-17
K10100AOE0,90,EUR,2012-10-17
K10100AOH0,90,EUR,2012-10-17
K10100AOI0,90,EUR,2012-10-17
K10100AOO0,90,EUR,2012-10-17
K10100APM0,90,EUR,2012-10-17
K10100APS0,90,EUR,2012-10-17
K10100APT0,90,EUR,2012-10-17
K10100AQA0,90,EUR,2012-10-17
K10100AQF0,90,EUR,2012-10-17
K10100AQJ0,90,EUR,2012-10-17
K10100AQN0,90,EUR,2012-10-24
K10100AQO0,90,EUR,2012-10-24
K10100AQP0,90,EUR,2012-10-24
K10100AQZ0,90,EUR,2012-10-24
K10100ARB0,90,EUR,2012-10-24
K04230AHB0,20,CHF,2023-01-03
K04230AHE0,20,CHF,2023-01-03
K01795BJC0,20,EUR,2023-01-04
K01795BJJ0,20,EUR,2023-01-04
K01795BJL0,20,EUR,2023-01-04
K01795BKF0,20,EUR,2023-01-04
K01795BKH0,20,EUR,2023-01-04
K134850000,20,CHF,2006-07-24
K135150000,20,CHF,2006-07-24
K138440000,90,CHF,2006-11-16
K138470000,90,CHF,2006-07-24
K138550000,90,CHF,2006-07-24
K138870000,20,CHF,2006-07-24
K138910000,90,CHF,2007-12-10
K139060000,20,CHF,2013-09-26
K139130000,90,CHF,2006-07-24
K139250000,20,EUR,2015-08-03
K139270000,90,CHF,2006-07-24
K139320000,90,CHF,2009-03-13
K139330000,90,CHF,2006-07-24
K139430000,20,CHF,2006-07-24
K139460000,20,CHF,2015-10-08
K139490000,90,CHF,2006-07-24
K139560000,20,CHF,2009-04-06
K139760000,20,CHF,2006-07-24
K139780000,20,CHF,2007-05-25
K139970000,90,CHF,2006-07-24
K139980000,20,CHF,2006-07-24
K140000000,10,CHF,2008-06-06
K135590000,90,CHF,2006-11-30
K136000000,20,CHF,2006-07-24
K136100000,20,CHF,2006-07-24
K136130000,90,CHF,2011-08-08
K136140000,20,CHF,2006-07-24
K136150000,90,CHF,2006-07-24
K136210000,10,CHF,2006-07-24
K136310000,90,CHF,2006-07-24
K143940000,20,CHF,2013-12-13
K144000000,90,CHF,2006-07-24
K144050000,20,CHF,2006-07-24
K144100000,20,CHF,2010-11-24
K144170000,20,CHF,2006-07-24
K144240000,20,CHF,2006-07-24
K144290000,90,CHF,2006-07-24
K144360000,10,CHF,2006-09-15
K144440000,20,CHF,2006-07-24
K144470000,20,CHF,2006-07-24
K144820000,90,USD,2006-07-24
K144880000,90,CHF,2006-07-24
K145100000,90,CHF,2006-07-24
K145110000,90,CHF,2007-05-14
K145150000,90,CHF,2006-08-01
K145170000,90,CHF,2006-08-01
K145180000,20,CHF,2007-03-12
K145190000,20,CHF,2006-07-24
K145230000,90,CHF,2006-07-24
K145420006,90,CHF,2008-08-05
K14542AAB0,90,CHF,2011-07-25
K14542AAC0,90,CHF,2011-07-25
K14542AAQ0,90,CHF,2011-07-25
K14542ABJ0,20,CHF,2011-07-25
K14542ABM0,90,CHF,2011-07-25
K14542ABW0,90,CHF,2011-07-25
K14542ABX0,90,CHF,2011-07-25
K14542ABZ0,90,CHF,2011-07-25
K14542ACJ0,90,CHF,2011-07-25
K140120000,90,CHF,2007-04-05
K140200000,20,CHF,2011-09-23
K140240000,90,CHF,2006-07-24
K140270000,90,CHF,2006-07-24
K140290000,90,CHF,2006-07-24
K140360000,20,CHF,2006-07-24
K140360002,20,CHF,2010-08-10
K140460000,90,CHF,2006-07-24
K140600000,10,CHF,2006-07-24
K140640000,90,CHF,2009-03-18
K141030000,20,CHF,2007-07-20
K141240000,20,CHF,2007-05-07
K10100ARC0,90,EUR,2012-10-24
K10100ARF0,90,EUR,2012-10-24
K10100ARK0,90,EUR,2012-10-24
K10100ARP0,90,EUR,2012-10-24
K10100ARX0,90,EUR,2012-10-24
K10100ASB0,90,EUR,2012-10-24
K10100ASD0,90,EUR,2012-10-24
K10100ASG0,90,EUR,2012-10-24
K10100ASH0,90,EUR,2012-10-24
K10100ASJ0,90,EUR,2012-10-24
K10100ASK0,90,EUR,2012-10-24
K10100ASV0,90,EUR,2012-10-24
K10100ATT0,90,EUR,2012-10-24
K10100AUI0,90,EUR,2012-10-24
K10100AUJ0,90,EUR,2012-10-24
K10100AUK0,90,CHF,2012-11-19
K10100AUS0,90,EUR,2012-11-19
K10100AVA0,90,EUR,2012-11-19
K10100AWP0,90,EUR,2012-11-19
K10100AWV0,90,EUR,2012-11-19
K10100AXE0,90,EUR,2012-11-19
K10100AXR0,90,EUR,2012-11-19
K10100AYE0,90,EUR,2012-12-10
K10100AYO0,90,EUR,2012-12-10
K10100AYW0,90,EUR,2012-12-10
K10100AYY0,90,EUR,2012-12-10
K10100AZB0,90,EUR,2012-12-10
K10100AZC0,90,EUR,2012-12-10
K10100AZG0,90,EUR,2012-12-10
K10100AZO0,90,EUR,2012-12-07
K10100AZU0,90,EUR,2012-12-07
K098230000,20,CHF,2012-06-19
K098470000,20,CHF,2006-07-24
K098480000,90,CHF,2008-07-16
K098490000,20,CHF,2011-01-14
K098610000,90,CHF,2006-07-24
K098960000,20,CHF,2011-04-13
K099080000,90,CHF,2008-06-30
K099110000,20,CHF,2006-07-24
K099150000,20,CHF,2006-07-24
K141720000,20,CHF,2008-02-12
K142020000,20,CHF,2006-07-24
K142070000,20,CHF,2007-11-14
K142160000,90,CHF,2006-07-24
K142480000,20,CHF,2011-02-03
K142590000,90,CHF,2012-10-15
K142770000,20,CHF,2006-07-24
K142800000,90,CHF,2012-04-27
K142810000,20,CHF,2012-08-06
K142820000,20,CHF,2013-07-08
K142920000,10,CHF,2006-07-24
K142970000,20,CHF,2006-07-24
K143040000,20,CHF,2006-07-24
K143140000,90,CHF,2006-07-24
K143240000,20,CHF,2007-04-25
K143260000,20,CHF,2007-08-09
K143310000,20,CHF,2006-07-24
K143340000,90,CHF,2009-05-12
K143350000,20,CHF,2009-09-16
K143380000,20,CHF,2011-01-20
K143410000,20,CHF,2006-07-24
K143460000,90,CHF,2012-03-27
K143600000,90,CHF,2006-07-24
K143830000,90,CHF,2006-07-24
K143840000,90,CHF,2010-03-03
K150150000,20,CHF,2006-07-24
K150240000,10,CHF,2010-03-09
K150280000,20,CHF,2006-07-24
K150330005,90,CHF,2006-07-28
K150330013,90,CHF,2006-07-28
K150330020,90,CHF,2006-07-28
K150330058,90,CHF,2006-07-28
K150330068,90,CHF,2006-07-28
K150330071,90,CHF,2006-07-28
K150330075,90,CHF,2006-07-28
K150330077,90,CHF,2006-07-28
K150330086,90,CHF,2006-07-28
K150330092,90,CHF,2006-07-28
K150330102,90,CHF,2006-07-28
K099310000,90,CHF,2006-08-06
K09974AAG0,20,CHF,2008-08-15
K09974AAN0,90,CHF,2008-09-12
K09974AAP0,90,CHF,2009-07-07
K09974AAR0,90,CHF,2009-09-28
K09974AAT0,90,CHF,2009-09-28
K09974ABB0,90,CHF,2010-04-27
K09974ABG0,90,CHF,2010-04-27
K09974ABS0,90,CHF,2010-04-27
K09974ACA0,90,CHF,2010-04-27
K09974ACL0,90,CHF,2010-04-27
K09974ACR0,90,CHF,2010-04-27
K09974ACS0,90,CHF,2010-04-27
K09974ACU0,90,CHF,2010-04-27
K09974ACY0,90,CHF,2010-04-27
K09974ADF0,90,CHF,2010-04-27
K09974ADM0,90,CHF,2010-04-27
K09974ADW0,90,CHF,2010-04-27
K09974AEN0,90,CHF,2010-04-27
K09974AEO0,90,CHF,2010-04-27
K09974AEP0,90,CHF,2010-04-27
K09974AEU0,90,CHF,2010-04-27
K09974AFB0,90,CHF,2010-04-27
K09974AFY0,90,CHF,2010-04-27
K09974AGE0,90,CHF,2010-04-27
K09974AGF0,20,CHF,2010-05-06
K09974AGI0,90,CHF,2011-11-22
K09974AHA0,90,CHF,2011-11-22
K09974AHB0,90,CHF,2011-11-22
K09974AHI0,90,CHF,2012-10-05
K09974ZZZZ,90,CHF,2008-01-22
K099780000,20,CHF,2006-09-13
K099800000,90,CHF,2006-07-24
K099820000,90,CHF,2006-07-24
K099910000,90,EUR,2010-12-16
K099940000,20,EUR,2006-07-24
K099960000,90,EUR,2010-11-16
K100050000,90,EUR,2012-12-12
K100090000,20,EUR,2013-05-06
K100100000,90,EUR,2013-05-22
K150330134,90,CHF,2006-07-28
K150330140,90,CHF,2007-04-24
K150330155,90,CHF,2008-06-03
K150330159,90,CHF,2008-06-03
K150330163,90,CHF,2008-06-03
K150330169,90,CHF,2008-06-03
K150330181,90,CHF,2008-06-03
K150330193,90,CHF,2008-06-03
K150330196,90,CHF,2008-06-03
K150330205,90,CHF,2008-06-03
K150330212,90,CHF,2008-06-03
K150330220,90,CHF,2008-06-03
K150330234,90,CHF,2008-07-11
K150330236,90,CHF,2008-07-11
K150330249,90,CHF,2008-07-11
K150330277,90,CHF,2009-04-22
K150330282,90,CHF,2009-04-22
K150330295,90,CHF,2009-04-22
K150330300,90,CHF,2009-04-22
K150330301,90,CHF,2009-04-22
K150330313,90,CHF,2009-04-22
K150330316,90,CHF,2009-04-22
K150330332,90,CHF,2009-04-22
K150330349,90,CHF,2009-04-22
K150330355,90,CHF,2009-04-22
K150330357,90,CHF,2009-04-22
K150330377,90,CHF,2009-04-22
K150330382,90,CHF,2009-04-22
K150330388,90,CHF,2009-04-22
K150330393,90,CHF,2009-04-22
K150330396,90,CHF,2009-04-22
K150330403,90,CHF,2009-04-22
K150330409,90,CHF,2009-10-05
K150330415,90,CHF,2009-04-22
K150330423,90,CHF,2009-07-06
K150330430,90,CHF,2009-10-05
K150330433,90,CHF,2009-10-05
K150330438,90,CHF,2009-10-05
K150330444,90,CHF,2009-10-05
K150330457,90,CHF,2009-10-05
K150330473,90,CHF,2009-10-05
K150330482,90,CHF,2009-10-05
K150330488,90,CHF,2009-10-05
K150330496,90,CHF,2009-10-05
K150330500,90,CHF,2009-10-05
K150330508,90,CHF,2009-10-05
K150330511,90,CHF,2009-10-05
K150330514,90,CHF,2009-10-27
K150330515,90,CHF,2009-10-05
K14542AEC0,20,CHF,2014-06-23
K145450000,90,CHF,2006-07-24
K146140000,90,CHF,2006-07-24
K146220000,90,CHF,2006-07-24
K146360000,20,CHF,2006-07-24
K146540000,20,CHF,2014-04-09
K146600000,20,CHF,2006-07-24
K146630000,20,CHF,2006-07-24
K146690000,20,CHF,2015-08-12
K146720000,90,CHF,2006-07-24
K146830000,90,CHF,2006-07-24
K146840000,20,CHF,2006-07-24
K146990000,90,CHF,2009-05-08
K147080000,90,CHF,2006-07-24
K147180000,90,CHF,2006-07-24
K147320000,90,CHF,2007-09-05
K147430000,20,CHF,2008-02-05
K147490000,90,CHF,2006-07-24
K147520000,20,CHF,2006-07-24
K147580000,20,CHF,2006-07-24
K147620000,90,CHF,2006-07-24
K147680000,20,CHF,2006-07-24
K147740000,90,CHF,2006-07-24
K147770000,90,CHF,2006-07-24
K147870000,10,CHF,2012-06-22
K148010000,20,CHF,2006-07-24
K148030000,20,CHF,2008-11-05
K148090000,90,CHF,2006-07-24
K148130000,90,CHF,2009-03-06
K100440000,90,CHF,2006-08-11
K100450000,10,CHF,2014-10-31
K100660000,90,CHF,2008-04-22
K100740000,20,CHF,2013-05-07
K100760000,20,CHF,2014-02-07
K100920000,20,CHF,2006-07-24
K100960000,20,CHF,2006-07-24
K10100AAK0,90,EUR,2012-07-26
K10100ABG0,90,EUR,2012-07-26
K150330114,90,CHF,2006-07-28
K150330122,90,CHF,2006-07-28
K150330131,90,CHF,2006-07-28
K150330143,90,CHF,2008-06-03
K150330154,90,CHF,2008-06-03
K150330160,90,CHF,2008-06-03
K150330166,90,CHF,2008-06-03
K150330174,90,CHF,2008-06-03
K150330183,90,CHF,2008-06-03
K150330184,90,CHF,2008-06-03
K150330194,90,CHF,2008-06-03
K150330201,90,CHF,2008-06-03
K150330208,90,CHF,2008-06-03
K150330219,90,CHF,2008-06-03
K150330229,90,CHF,2008-07-11
K150330237,90,CHF,2008-07-11
K150330247,90,CHF,2008-07-11
K150330251,90,CHF,2008-07-11
K150330259,90,CHF,2008-07-11
K150330264,90,CHF,2008-07-11
K150330265,90,CHF,2008-07-11
K150330270,90,CHF,2009-02-18
K150330278,90,CHF,2009-04-22
K150330285,90,CHF,2009-04-22
K150330288,90,CHF,2009-04-22
K150330292,90,CHF,2009-04-22
K150330303,90,CHF,2009-04-22
K150330311,90,CHF,2009-04-22
K150330319,90,CHF,2009-04-22
K150330322,90,CHF,2009-04-22
K148250000,10,CHF,2006-07-24
K148330000,20,CHF,2006-07-24
K148370000,20,CHF,2006-10-26
K148380000,90,CHF,2006-07-24
K148480000,20,CHF,2006-07-24
K148550000,90,CHF,2006-07-24
K148670000,90,CHF,2006-07-24
K150330528,90,CHF,2009-10-27
K150330536,90,CHF,2009-10-27
K150330541,90,CHF,2009-10-27
K150330548,90,CHF,2009-10-27
K150330558,90,CHF,2010-01-14
K150330560,90,CHF,2010-01-14
K150330568,90,CHF,2010-06-23
K150330570,90,CHF,2010-06-30
K150330573,90,CHF,2010-07-14
K150330578,90,CHF,2010-08-19
K150330590,90,CHF,2010-09-06
K150330598,90,CHF,2010-09-06
K150330603,90,CHF,2010-09-06
K150330619,90,CHF,2010-09-06
K150330624,90,CHF,2010-09-06
K150330635,90,CHF,2010-09-06
K150330647,90,CHF,2010-09-06
K150330652,90,CHF,2010-09-06
K150330660,90,CHF,2010-09-06
K150330663,90,CHF,2010-09-06
K150330673,90,CHF,2010-09-06
K150330680,90,CHF,2010-09-06
K150330690,90,CHF,2010-09-06
K150330695,90,CHF,2010-09-06
K150330698,90,CHF,2010-09-06
K150330703,90,CHF,2010-09-06
K150330714,90,CHF,2010-09-06
K150330720,90,CHF,2010-09-06
K150330734,90,CHF,2010-09-06
K150330741,90,CHF,2010-09-06
K150330744,90,CHF,2010-09-06
K150330747,90,CHF,2010-09-06
K150330325,90,CHF,2009-04-22
K150330333,90,CHF,2009-04-22
K150330351,90,CHF,2009-04-22
K150330352,90,CHF,2009-04-22
K150330364,90,CHF,2009-04-22
K150330378,90,CHF,2009-04-22
K150330383,90,CHF,2009-04-22
K150330389,90,CHF,2009-04-22
K150330390,90,CHF,2009-04-22
K150330406,90,CHF,2009-04-22
K150330412,90,CHF,2009-04-22
K150330414,90,CHF,2009-04-22
K145090000,90,CHF,2006-07-24
K145270000,20,CHF,2006-07-24
K145420007,90,CHF,2008-08-08
K14542AAE0,90,CHF,2011-07-25
K14542AAG0,90,CHF,2011-07-25
K14542AAN0,90,CHF,2011-07-25
K14542ABA0,90,CHF,2011-07-25
K14542ACC0,90,CHF,2011-07-25
K14542ACN0,90,CHF,2011-07-25
K14542ACW0,90,CHF,2011-07-25
K14542ADD0,90,CHF,2011-07-25
K14542AEA0,20,CHF,2014-04-04
K14542AEB0,20,CHF,2014-04-25
K14542AED0,20,CHF,2014-06-25
K14542AEH0,90,CHF,2016-01-11
K14542ZZZZ,90,CHF,2010-01-22
K150330422,90,CHF,2009-06-23
K150330436,90,CHF,2009-10-05
K150330440,90,CHF,2009-10-05
K150330446,90,CHF,2009-10-05
K150330449,90,CHF,2009-10-05
K150330463,90,CHF,2009-10-05
K150330485,90,CHF,2009-10-05
K150330491,90,CHF,2009-10-05
K150330503,90,CHF,2009-10-05
K150330506,90,CHF,2009-10-05
K150330510,90,CHF,2009-10-05
K150330757,90,CHF,2010-09-06
K150330763,90,CHF,2010-09-06
K150330774,90,CHF,2010-09-06
K150330785,90,CHF,2010-09-06
K150330795,90,CHF,2010-09-06
K150330807,90,CHF,2010-09-06
K150330811,90,CHF,2010-09-06
K150330818,90,CHF,2010-09-06
K150330828,90,CHF,2010-09-06
K150330830,90,CHF,2010-09-06
K150330836,90,CHF,2010-09-06
K150330838,90,CHF,2010-09-06
K150330846,90,CHF,2010-09-06
K150330848,90,CHF,2010-09-06
K148690000,20,CHF,2006-07-24
K148700000,20,CHF,2006-07-24
K148800000,90,CHF,2006-07-24
K148920000,20,CHF,2007-11-16
K148990000,20,CHF,2007-05-16
K149090000,90,CHF,2006-07-24
K149160000,10,CHF,2006-07-24
K149250000,20,CHF,2006-11-15
K149260000,90,CHF,2007-01-11
K149380000,20,CHF,2009-01-05
K149410000,90,CHF,2006-07-24
K149600000,90,CHF,2009-04-30
K149730000,20,CHF,2006-07-24
K149840001,90,CHF,2008-08-05
K149890000,20,CHF,2006-07-24
K149950000,90,CHF,2006-07-24
K150050000,10,CHF,2006-07-24
K150110000,90,CHF,2009-01-21
K150870000,20,CHF,2006-07-24
K150330851,90,CHF,2010-09-06
K150330858,90,CHF,2010-09-06
K150330861,90,CHF,2010-09-06
K150330885,90,CHF,2010-09-06
K150330888,90,CHF,2010-09-06
K150330894,90,CHF,2010-09-06
K150330517,90,CHF,2009-10-27
K150330529,90,CHF,2009-10-27
K150330532,90,CHF,2009-10-27
K150330539,90,CHF,2009-10-27
K150330545,90,CHF,2009-10-27
K150330557,90,CHF,2010-01-14
K150330565,90,CHF,2010-04-12
K150330582,90,CHF,2010-09-06
K150330587,90,CHF,2010-09-06
K150330589,90,CHF,2010-09-06
K145440000,20,CHF,2006-07-24
K145520000,20,CHF,2006-07-24
K145620000,90,CHF,2006-09-13
K145930000,90,CHF,2006-07-24
K146010000,90,EUR,2006-07-24
K146070000,90,CHF,2006-07-24
K146120000,90,CHF,2006-07-24
K146160000,90,CHF,2006-07-24
K146170000,90,CHF,2006-07-24
K146180000,20,CHF,2007-03-23
K146250000,90,CHF,2006-07-24
K146270000,20,CHF,2008-07-11
K146440000,90,CHF,2006-07-24
K146460000,20,CHF,2006-07-24
K146500000,20,CHF,2012-08-16
K146510000,10,CHF,2006-07-24
K146610000,20,CHF,2006-07-24
K146700000,90,CHF,2006-07-24
K146780000,90,CHF,2008-07-04
K146810000,90,CHF,2009-01-29
K146890000,90,CHF,2006-07-24
K146900000,20,CHF,2006-07-24
K146960000,90,CHF,2006-07-24
K147020000,20,CHF,2010-09-13
K147060000,20,CHF,2006-07-24
K147150000,90,CHF,2006-07-24
K147190000,90,CHF,2006-07-24
K147200000,90,CHF,2006-07-24
K147240000,90,CHF,2010-03-10
K150330908,90,CHF,2010-10-25
K150330912,90,CHF,2010-11-26
K150330913,90,CHF,2010-12-10
K150330925,90,CHF,2011-03-11
K150330927,90,CHF,2011-03-30
K150330937,90,CHF,2011-06-01
K150330940,90,CHF,2011-06-21
K150330945,90,CHF,2011-08-26
K150330956,90,CHF,2012-05-30
K150330961,90,CHF,2012-10-26
K150330968,90,CHF,2013-07-08
K150330973,90,CHF,2013-08-13
K150330978,90,CHF,2013-08-26
K150330981,90,CHF,2013-08-26
K150330998,90,CHF,2013-08-28
K150331002,90,CHF,2013-08-28
K150331015,90,CHF,2013-08-28
K150331017,90,CHF,2013-08-29
K150331021,90,CHF,2013-08-29
K150331022,90,CHF,2013-08-29
K150331032,90,CHF,2013-08-29
K150331037,90,CHF,2013-08-29
K150331040,90,CHF,2013-08-29
K150331047,90,CHF,2013-11-25
K150331052,90,CHF,2014-02-13
K150331053,90,CHF,2014-02-19
K150331058,90,CHF,2014-06-03
K150331079,90,CHF,2014-06-03
K150331102,90,CHF,2015-01-29
K150331107,90,CHF,2015-02-23
K150331114,90,CHF,2015-03-23
K150331124,90,CHF,2015-06-01
K150410000,90,CHF,2006-07-24
K150450000,20,CHF,2007-02-20
K150550000,90,CHF,2006-07-24
K150610000,20,CHF,2008-12-17
K150620000,20,CHF,2009-03-26
K150770000,90,CHF,2006-07-24
K150780000,10,CHF,2006-07-24
K147300000,90,CHF,2006-07-24
K147360000,90,CHF,2006-07-24
K147420001,90,CHF,2006-08-29
K147460000,20,CHF,2006-07-24
K147480000,90,CHF,2006-07-24
K147530000,90,CHF,2006-07-24
K147570000,90,CHF,2008-09-05
K147650000,90,CHF,2006-07-24
K147730000,20,CHF,2006-08-01
K147750000,20,CHF,2006-07-24
K147830000,90,CHF,2006-07-24
K147860000,90,CHF,2006-07-24
K148000000,90,CHF,2006-07-24
K148080000,90,CHF,2006-07-24
K148160000,90,CHF,2006-07-24
K148240000,90,CHF,2006-07-24
K150330614,90,CHF,2010-09-06
K150330627,90,CHF,2010-09-06
K150330642,90,CHF,2010-09-06
K150330668,90,CHF,2010-09-06
K150330674,90,CHF,2010-09-06
K150330676,90,CHF,2010-09-06
K150330685,90,CHF,2010-09-06
K150330693,90,CHF,2010-09-06
K150330704,90,CHF,2010-09-06
K150330709,90,CHF,2010-09-06
K150330712,90,CHF,2010-09-06
K150330725,90,CHF,2010-09-06
K150330731,90,CHF,2010-09-06
K150330745,90,CHF,2010-09-06
K150330750,90,CHF,2010-09-06
K148400000,90,CHF,2006-07-24
K148470000,10,CHF,2007-05-09
K148490000,20,CHF,2006-07-24
K148590000,90,CHF,2006-07-24
K148660000,20,CHF,2006-07-24
K148680000,20,CHF,2006-07-24
K148720000,90,CHF,2006-07-24
K148790000,20,CHF,2006-07-24
K168870000,20,CHF,2007-06-18
K168890000,90,CHF,2007-06-18
K168900000,90,CHF,2007-06-19
K168910000,20,CHF,2007-06-21
K169050000,90,CHF,2007-08-07
K169080000,20,CHF,2007-08-16
K169340000,90,CHF,2007-11-27
K169500000,20,CHF,2008-03-25
K169650000,90,CHF,2008-06-09
K169700000,20,CHF,2008-09-04
K169710000,20,CHF,2008-09-09
K169720000,90,CHF,2008-09-09
K169750000,90,CHF,2008-09-23
K169780000,90,CHF,2008-10-01
K169840000,90,CHF,2008-11-27
K169960000,10,CHF,2009-02-19
K170030000,20,CHF,2007-09-28
K150890000,90,CHF,2006-07-24
K150940000,90,CHF,2008-01-04
K150980000,90,CHF,2006-07-24
K151080000,20,CHF,2006-07-24
K151090000,20,CHF,2006-07-24
K151140000,10,EUR,2006-07-24
K151380000,90,CHF,2006-07-24
K151430000,20,CHF,2006-07-24
K151440000,20,CHF,2006-09-11
K151560005,90,CHF,2007-04-30
K151560011,90,CHF,2007-06-08
K07393BNX0,90,EUR,2021-02-04
K165660000,20,CHF,2021-02-08
K17719ARV0,20,CHF,2021-03-01
K165780000,20,CHF,2021-03-02
K11285APR0,20,CHF,2021-03-03
K11285APS0,20,CHF,2021-03-03
K11285AQW0,20,CHF,2021-03-04
K11285ARX0,20,CHF,2021-03-05
K11285ARY0,20,CHF,2021-03-05
K11285AUF0,20,CHF,2021-03-19
K097770001,20,CHF,2021-03-22
K167130000,20,CHF,2021-03-24
K148820000,90,CHF,2006-07-24
K148900000,10,CHF,2006-07-24
K148910000,20,CHF,2007-09-17
K148930000,90,CHF,2007-11-20
K149190000,20,CHF,2008-02-05
K149210000,10,CHF,2006-07-24
K149450000,20,CHF,2006-07-24
K149710000,90,CHF,2006-07-24
K149750000,90,CHF,2006-07-24
K149840003,90,CHF,2010-03-24
K149850000,90,CHF,2006-07-24
K149900000,90,CHF,2006-07-24
K150330760,90,CHF,2010-09-06
K150330768,90,CHF,2010-09-06
K150330771,90,CHF,2010-09-06
K150330780,90,CHF,2010-09-06
K150330786,90,CHF,2010-09-06
K150330794,90,CHF,2010-09-06
K150330815,90,CHF,2010-09-06
K150330829,90,CHF,2010-09-06
K150330839,90,CHF,2010-09-06
K150330843,90,CHF,2010-09-06
K150330856,90,CHF,2010-09-06
K150330862,90,CHF,2010-09-06
K150330864,90,CHF,2010-09-06
K150330876,90,CHF,2010-09-06
K150330891,90,CHF,2010-09-06
K150330916,90,CHF,2011-01-26
K150330918,90,CHF,2011-02-11
K150330924,90,CHF,2011-03-10
K150330936,90,CHF,2011-06-01
K150330950,90,CHF,2011-11-18
K150330953,90,CHF,2012-03-20
K150330959,90,CHF,2012-07-31
K150330962,90,CHF,2013-01-08
K150330967,90,CHF,2013-05-24
K150330975,90,CHF,2013-08-21
K150330976,90,CHF,2013-08-26
K150330986,90,CHF,2013-08-26
K01286HJM0,20,CHF,2021-03-25
K01286HJP0,20,CHF,2021-03-25
K01286HJQ0,20,CHF,2021-03-25
K01286HFW0,20,CHF,2021-01-19
K01286HGC0,20,CHF,2021-01-19
K01286HGD0,20,CHF,2021-01-19
K165490000,20,CHF,2021-01-26
K01286HGJ0,20,CHF,2021-01-26
K01286HGO0,20,CHF,2021-01-26
K165520000,20,CHF,2021-01-27
K11285APA0,20,CHF,2021-02-19
K165720000,20,CHF,2021-02-22
K11285ARZ0,20,CHF,2021-03-05
K11285ASD0,20,CHF,2021-03-08
K11285ASM0,20,CHF,2021-03-08
K01286HHU0,20,CHF,2021-03-09
K01286HIT0,20,CHF,2021-03-09
K01286HIU0,20,CHF,2021-03-09
K01286HIW0,20,CHF,2021-03-09
K07393BOE0,90,EUR,2021-03-09
K07393BOF0,90,EUR,2021-03-09
K11285ATA0,20,CHF,2021-03-09
K11285ATB0,20,CHF,2021-03-09
K052820000,20,CHF,2021-03-29
K11285AUI0,20,CHF,2021-03-29
K11285AUJ0,20,CHF,2021-03-29
K11285AUL0,20,CHF,2021-03-29
K11285AUN0,20,CHF,2021-03-29
K062310000,20,CHF,2021-03-29
K062360000,20,CHF,2021-03-30
K01286HJW0,20,CHF,2021-03-30
K024140000,20,CHF,2021-03-30
K17719ASA0,20,CHF,2021-03-31
K17719ASD0,20,CHF,2021-04-06
K105180000,20,CHF,2021-04-06
K105200000,20,CHF,2021-04-07
K11285AVI0,90,CHF,2021-04-08
K11285AVJ0,20,CHF,2021-04-08
K11285AVP0,20,CHF,2021-04-08
K04370AFR0,20,CHF,2016-03-09
K150330995,90,CHF,2013-08-26
K150331008,90,CHF,2013-08-28
K150331036,90,CHF,2013-08-29
K150331044,90,CHF,2013-09-10
K150331056,90,CHF,2014-04-28
K150331063,90,CHF,2014-06-05
K150331072,90,CHF,2014-06-03
K150331082,90,CHF,2014-06-03
K150331093,90,CHF,2014-06-05
K150331096,90,CHF,2014-09-05
K150331105,90,CHF,2015-02-19
K150331121,90,CHF,2015-04-16
K150331123,90,CHF,2015-05-12
K150331129,90,CHF,2015-07-17
K150331138,90,CHF,2015-12-09
K150331141,90,CHF,2016-01-04
K150331148,90,CHF,2016-02-18
K150331150,90,CHF,2016-02-18
K04370AGW0,20,CHF,2016-03-09
K04370AHH0,20,CHF,2016-03-09
K043840000,90,CHF,2009-11-05
K043900000,10,CHF,2006-07-24
K043930000,20,CHF,2007-03-12
K043960000,20,CHF,2007-08-29
K044010000,20,CHF,2006-07-24
K044260000,20,CHF,2012-07-10
K044390000,20,EUR,2015-04-08
K044620000,90,CHF,2006-07-24
K044840000,20,CHF,2006-07-24
K044890000,90,EUR,2006-07-24
K044980000,90,CHF,2009-11-11
K04502XXXX,20,CHF,2013-06-06
K04520ZZZZ,90,CHF,2007-09-18
K045340000,90,CHF,2006-07-24
K045370000,20,CHF,2013-09-18
K045410000,20,CHF,2007-09-25
K045430000,90,CHF,2012-11-20
K045470000,90,CHF,2015-03-03
K045550000,20,CHF,2007-05-09
K04370AFS0,90,CHF,2016-03-09
K04370AFT0,20,CHF,2016-03-09
K04370AFU0,20,CHF,2016-03-09
K04370AGO0,20,CHF,2016-03-09
K04370AGU0,20,CHF,2016-03-09
K04370AHA0,20,CHF,2016-03-09
K04370AHN0,90,CHF,2016-03-09
K04370AHP0,20,CHF,2016-03-09
K044300000,20,CHF,2007-02-28
K044540000,20,CHF,2006-07-24
K044550000,20,CHF,2014-09-05
K044570000,10,CHF,2015-07-30
K044970000,20,CHF,2008-04-22
K045160000,20,CHF,2006-07-24
K045180000,20,CHF,2011-08-02
K04520AAAA,10,CHF,2008-04-22
K04520ABI0,90,CHF,2008-09-25
K045230000,90,CHF,2010-12-20
K045570000,90,CHF,2008-07-17
K045750000,20,CHF,2006-07-24
K045960000,90,CHF,2007-11-12
K045960003,20,CHF,2012-05-23
K046010000,20,CHF,2016-03-04
K046230000,20,CHF,2008-12-01
K062140000,20,CHF,2009-05-28
K062230000,20,CHF,2006-07-24
K062650000,20,CHF,2009-06-04
K062840000,20,CHF,2006-07-24
K063620000,20,CHF,2006-07-24
K063630000,20,CHF,2013-03-11
K063930000,90,CHF,2006-09-22
K064410000,90,CHF,2007-08-14
K101850000,90,CHF,2006-07-24
K101910000,20,CHF,2006-07-24
K101970000,20,CHF,2006-07-24
K102030000,20,CHF,2009-03-06
K102530000,20,CHF,2006-07-24
K102650000,90,CHF,2006-07-24
K102730000,90,CHF,2007-02-28
K045580000,20,CHF,2008-10-15
K045600000,20,CHF,2013-04-08
K045660000,10,CHF,2006-07-24
K045690000,90,CHF,2010-11-23
K045830000,10,CHF,2006-07-24
K045850000,10,CHF,2009-02-19
K046170000,20,CHF,2007-11-27
K046270000,90,CHF,2015-01-21
K062260000,20,CHF,2010-12-09
K062370000,90,CHF,2006-08-01
K062540000,90,CHF,2006-07-24
K062640000,90,CHF,2006-07-24
K062750000,90,CHF,2006-07-24
K063030000,20,CHF,2006-07-24
K063140000,10,CHF,2006-07-24
K063450000,10,CHF,2006-07-24
K063580002,90,CHF,2009-02-10
K063690000,20,CHF,2006-07-24
K063740000,90,CHF,2009-07-09
K063920000,90,CHF,2006-07-24
K064130000,90,CHF,2012-11-07
K064250000,10,CHF,2006-07-24
K064340000,20,CHF,2013-03-06
K064530000,10,CHF,2006-07-24
K064750000,90,CHF,2006-07-24
K064780000,90,CHF,2010-02-10
K065330000,10,CHF,2006-07-24
K065460000,20,CHF,2006-07-24
K065550000,20,CHF,2014-09-30
K065620000,90,CHF,2006-07-24
K065630000,20,EUR,2015-04-20
K065760000,90,CHF,2009-02-10
K065840000,90,CHF,2008-09-22
K065880000,10,CHF,2015-04-08
K065890000,90,CHF,2015-08-24
K066020000,20,CHF,2010-03-30
K066170000,20,CHF,2006-07-24
K066260000,90,CHF,2006-07-24
K066490000,20,CHF,2014-11-21
K102940000,10,CHF,2006-07-24
K103030000,10,CHF,2006-07-24
K103130000,20,CHF,2015-02-04
K103180000,20,CHF,2006-07-24
K10411ZZZZ,90,CHF,2011-04-20
K108950000,20,CHF,2008-03-07
K109100000,10,CHF,2006-07-24
K109160000,90,CHF,2006-07-24
K109170000,20,CHF,2016-01-25
K109700000,20,CHF,2007-11-01
K109710002,90,CHF,2007-05-31
K109710007,90,CHF,2009-02-06
K109710011,90,CHF,2009-12-02
K109710015,90,CHF,2010-06-29
K109710021,90,CHF,2010-11-15
K109950000,20,CHF,2006-07-24
K109990000,20,CHF,2006-07-24
K110050000,10,CHF,2012-03-23
K110060000,10,CHF,2007-01-19
K110250000,20,CHF,2013-12-12
K110460000,10,CHF,2007-08-21
K111110000,20,CHF,2006-07-28
K111220000,20,CHF,2010-07-27
K111470000,20,CHF,2006-07-24
K111940000,20,CHF,2006-07-24
K112090000,90,CHF,2007-03-02
K112220000,90,CHF,2006-08-01
K112500000,90,CHF,2006-07-24
K112530000,20,CHF,2011-12-05
K112600000,20,EUR,2007-05-07
K112640000,90,CHF,2006-07-24
K11285AAB0,90,CHF,2012-06-01
K11285AAD0,90,CHF,2012-07-30
K11285AAG0,20,CHF,2012-07-31
K11285AAJ0,90,CHF,2012-10-12
K11285AAL0,20,CHF,2012-11-26
K11285AAQ0,90,CHF,2012-11-26
K11285ABD0,20,CHF,2013-02-25
K11285ABE0,20,CHF,2013-02-25
K066570000,20,CHF,2009-05-13
K066720000,20,CHF,2014-06-26
K066850000,90,CHF,2006-07-24
K066980000,20,CHF,2006-07-24
K067030000,10,CHF,2006-07-24
K067050000,90,CHF,2007-01-04
K067100000,90,CHF,2006-07-24
K067310000,20,CHF,2008-01-11
K067420000,20,CHF,2015-03-30
K067730000,10,CHF,2006-07-24
K067770000,20,CHF,2008-10-22
K067860000,20,CHF,2012-11-02
K067900000,90,CHF,2010-05-06
K067910000,10,CHF,2006-07-24
K067940000,20,CHF,2006-07-24
K068050000,10,CHF,2007-06-19
K054330000,20,CHF,2007-01-09
K054340000,90,CHF,2009-05-27
K054370000,20,CHF,2011-06-30
K054400000,90,CHF,2006-07-24
K054470000,20,CHF,2013-04-23
K054530000,20,CHF,2006-07-24
K054660000,20,CHF,2006-07-24
K054920000,20,CHF,2006-07-24
K055360000,20,CHF,2009-08-17
K055420000,20,CHF,2011-02-09
K056300000,20,CHF,2014-10-06
K056380000,90,CHF,2006-07-24
K056460000,20,CHF,2006-07-24
K056550000,90,CHF,2006-11-28
K056590000,20,CHF,2006-07-24
K056690000,20,CHF,2006-07-24
K056810000,90,CHF,2006-07-24
K057080000,90,CHF,2008-12-16
K057250000,90,CHF,2006-09-27
K057360000,20,CHF,2015-08-19
K057670000,20,CHF,2006-07-24
K057800000,20,CHF,2006-07-24
K057850000,90,CHF,2015-09-09
K11285ABI0,20,CHF,2013-04-18
K11285ABV0,20,CHF,2013-10-28
K11285ABW0,20,CHF,2013-11-05
K11285ACO0,20,CHF,2014-03-31
K11285ACV0,20,CHF,2014-06-25
K11285ADA0,20,CHF,2014-07-21
K11285ADI0,20,CHF,2014-09-19
K11285ADU0,20,CHF,2014-10-03
K11285AEK0,20,CHF,2014-11-24
K11285AFA0,20,CHF,2015-04-21
K11285AFE0,20,CHF,2015-07-21
K11285AFG0,90,CHF,2015-07-30
K11285AFJ0,20,CHF,2015-08-24
K11285AFN0,20,CHF,2015-11-02
K11285AFZ0,20,CHF,2016-02-08
K11285AGC0,20,CHF,2016-02-15
K11285AGD0,20,CHF,2016-02-22
K11285AGE0,90,CHF,2016-03-08
K11285AGG0,20,CHF,2016-03-23
K112900000,20,CHF,2013-03-26
K112990000,20,CHF,2006-07-24
K113510000,90,CHF,2006-07-24
K113520000,20,CHF,2006-07-24
K113670000,20,CHF,2006-07-24
K113720000,20,CHF,2011-06-15
K113970000,90,CHF,2012-04-19
K104310000,90,CHF,2006-07-24
K104320000,90,CHF,2007-09-06
K104380000,10,CHF,2006-07-24
K104910000,90,CHF,2009-03-11
K105350000,20,CHF,2006-09-08
K105390000,90,CHF,2006-07-24
K105460000,10,CHF,2006-07-24
K105680000,20,CHF,2009-01-30
K105920000,20,CHF,2013-04-02
K106070000,90,CHF,2006-07-24
K106090000,90,CHF,2009-11-20
K106230000,20,CHF,2006-07-24
K106240000,20,CHF,2006-07-28
K058210000,90,CHF,2006-07-24
K058280000,20,CHF,2014-06-30
K058500000,90,CHF,2006-07-24
K058830000,20,CHF,2007-03-20
K058840000,20,CHF,2007-11-15
K059020000,20,CHF,2006-07-24
K059460000,20,CHF,2006-07-24
K059510000,20,CHF,2006-07-24
K059600000,90,CHF,2008-06-17
K059620000,90,CHF,2006-07-24
K059680000,20,CHF,2015-07-24
K059930000,20,CHF,2013-06-12
K060170000,90,CHF,2008-07-21
K060520000,90,CHF,2013-06-17
K060780000,90,CHF,2015-02-13
K068260000,20,CHF,2006-07-24
K068440000,20,CHF,2015-06-04
K068560000,20,CHF,2015-06-26
K068790000,90,CHF,2008-07-16
K068910000,90,EUR,2010-12-03
K069000000,20,CHF,2011-08-30
K069240000,20,CHF,2011-05-20
K069280000,20,CHF,2012-08-29
K069390000,20,CHF,2006-07-24
K069510000,90,CHF,2006-08-01
K070020000,20,CHF,2006-07-24
K070090000,90,CHF,2006-07-24
K070210000,10,CHF,2006-07-24
K070360000,20,CHF,2008-08-28
K070420000,20,CHF,2006-07-24
K070570001,90,CHF,2009-03-17
K071030000,20,CHF,2006-07-24
K07112AAAA,90,CHF,2008-04-22
K07112AAG0,20,CHF,2010-08-30
K060910000,90,CHF,2006-07-24
K061220000,90,CHF,2007-07-12
K061360000,20,CHF,2006-07-24
K061520000,20,CHF,2007-02-26
K061530000,90,CHF,2006-07-24
K106280000,20,CHF,2007-03-27
K106290000,90,CHF,2006-07-24
K106340000,90,CHF,2008-06-06
K106360000,20,CHF,2006-07-24
K106470000,20,CHF,2006-07-24
K106660000,20,CHF,2009-02-10
K106670000,90,CHF,2009-07-17
K106680000,20,CHF,2013-12-17
K107100000,20,CHF,2006-07-24
K114070000,20,CHF,2008-02-01
K114180000,90,CHF,2006-08-01
K114380000,90,CHF,2006-07-24
K114400000,90,CHF,2010-06-29
K114480000,20,CHF,2006-07-24
K114510000,90,CHF,2014-04-25
K114730000,90,CHF,2007-06-06
K114740000,20,CHF,2016-02-19
K114790000,90,CHF,2006-07-24
K115090000,10,CHF,2006-07-24
K115230000,20,CHF,2006-07-24
K115430000,90,CHF,2006-07-24
K115610000,90,CHF,2006-11-21
K115800000,90,CHF,2006-07-24
K115920000,90,CHF,2006-07-24
K116080000,90,CHF,2009-01-26
K116160000,20,CHF,2015-06-18
K116210000,90,CHF,2006-07-24
K116220000,20,CHF,2006-07-24
K116250000,20,CHF,2007-11-29
K116310000,90,CHF,2009-04-16
K116390000,20,CHF,2006-07-24
K116440000,90,CHF,2006-07-24
K116610000,20,CHF,2006-07-24
K116710000,20,CHF,2008-04-16
K107410000,90,CHF,2008-09-30
K107430000,90,CHF,2010-03-10
K107450000,20,CHF,2011-07-20
K107570000,90,CHF,2006-07-24
K107630000,20,CHF,2016-01-29
K061560000,20,CHF,2008-03-03
K061630000,20,CHF,2006-07-24
K061640000,20,CHF,2014-12-05
K061770000,20,CHF,2011-09-09
K061850008,20,CHF,2011-01-31
K061850011,20,CHF,2015-11-24
K061950000,90,CHF,2006-07-24
K072800000,10,CHF,2015-05-26
K072820000,10,CHF,2016-02-16
K072840000,20,CHF,2013-10-04
K072910000,20,CHF,2006-07-24
K072970000,90,CHF,2006-07-24
K073290000,10,CHF,2007-03-20
K073310000,20,CHF,2008-12-17
K073520000,90,CHF,2006-07-24
K073750000,20,CHF,2011-09-01
K073840000,90,CHF,2006-07-24
K073900001,90,CHF,2010-02-12
K07112ABL0,20,CHF,2010-08-30
K07112ABO0,20,CHF,2010-08-30
K07112ACD0,20,CHF,2010-08-30
K07112ADG0,20,CHF,2010-08-30
K07112ADH0,20,CHF,2010-08-30
K07112ADJ0,20,CHF,2011-07-18
K07112ADV0,90,CHF,2011-07-18
K07112ADY0,20,CHF,2011-07-19
K07112AEA0,20,CHF,2011-07-19
K07112AEG0,20,CHF,2011-07-19
K07112AEI0,20,CHF,2011-07-19
K07112AET0,20,CHF,2011-07-19
K07112AFP0,20,CHF,2011-09-12
K07112AFR0,20,CHF,2011-09-12
K07112AFT0,90,CHF,2011-09-12
K07112AFV0,20,CHF,2011-10-04
K07112AFX0,20,CHF,2011-10-04
K07112AGD0,20,CHF,2011-10-04
K07112AHG0,20,CHF,2012-09-06
K07112AHH0,20,CHF,2012-09-06
K07112AHI0,20,CHF,2012-09-06
K107700000,90,CHF,2006-07-24
K117760000,20,CHF,2006-07-24
K118010000,20,EUR,2006-07-24
K118270000,20,CHF,2006-07-24
K118280000,10,CHF,2006-07-24
K118290000,90,CHF,2012-03-07
K118430000,90,CHF,2006-07-24
K118590000,20,CHF,2006-07-24
K11864AAL0,20,CHF,2008-09-05
K11864AAM0,20,CHF,2008-10-20
K11864AAO0,20,CHF,2008-12-02
K11864ABC0,20,CHF,2009-03-04
K11864ABI0,20,CHF,2009-06-17
K11864ACN0,20,CHF,2010-03-11
K11864ACX0,20,CHF,2010-06-17
K11864ACZ0,90,CHF,2010-06-17
K11864ADN0,20,CHF,2010-06-17
K11864ADO0,20,CHF,2010-06-17
K11864ADT0,20,CHF,2010-06-17
K11864AEJ0,20,CHF,2010-06-17
K11864AEL0,20,CHF,2010-06-17
K11864AGH0,20,CHF,2010-06-17
K11864AGY0,20,CHF,2010-06-17
K11864AGZ0,90,CHF,2010-06-17
K11864AHF0,90,CHF,2010-06-17
K11864AHH0,20,CHF,2010-06-17
K11864AHM0,90,CHF,2010-06-17
K11864AHS0,20,CHF,2010-06-17
K11864AIC0,90,CHF,2010-06-17
K11864AIP0,20,CHF,2010-06-17
K11864AJF0,20,CHF,2010-06-17
K11864AJN0,20,CHF,2010-06-17
K11864AKC0,20,CHF,2010-09-01
K11864AKW0,20,CHF,2012-05-29
K118710000,20,CHF,2006-07-24
K118740000,20,CHF,2006-07-24
K118900000,90,CHF,2007-03-26
K119310000,90,CHF,2006-07-24
K119360000,10,CHF,2006-07-24
K119660000,20,CHF,2006-07-24
K119680000,90,CHF,2006-07-24
K120080000,20,CHF,2009-06-08
K120570000,20,CHF,2014-07-02
K117470000,20,CHF,2006-07-24
K126800000,90,CHF,2011-01-14
K126930000,20,CHF,2006-07-24
K127160000,90,CHF,2006-07-24
K127210000,90,CHF,2009-02-26
K127270000,20,CHF,2006-07-24
K127410000,20,CHF,2006-07-24
K127460000,20,CHF,2006-07-24
K127520000,20,CHF,2006-07-24
K127550000,20,CHF,2006-07-24
K127560000,90,CHF,2006-07-24
K12766AAB0,90,CHF,2010-01-25
K127700000,90,CHF,2006-12-06
K128020000,20,CHF,2006-07-24
K128160000,20,EUR,2012-04-17
K128170000,20,CHF,2006-08-01
K128300000,20,CHF,2008-06-09
K128350000,20,CHF,2007-09-21
K128460000,20,CHF,2014-10-28
K128480000,90,CHF,2006-07-24
K128550000,90,CHF,2006-07-24
K128580000,90,CHF,2008-11-20
K128710000,90,CHF,2006-07-24
K128720000,90,CHF,2006-11-27
K121160000,20,CHF,2006-07-24
K121310000,90,CHF,2007-02-27
K121340000,90,CHF,2009-10-23
K121400000,20,CHF,2008-12-17
K121480000,90,CHF,2006-07-24
K121500000,20,CHF,2007-02-07
K121830000,20,CHF,2006-07-24
K122580000,20,CHF,2006-07-24
K122880000,10,CHF,2007-04-02
K122900000,20,CHF,2008-07-18
K123150000,20,CHF,2009-02-05
K123190000,20,CHF,2013-06-11
K123360000,10,CHF,2006-11-07
K123530000,90,CHF,2010-02-08
K123580000,90,CHF,2006-07-24
K128850000,90,CHF,2007-01-30
K128940000,20,CHF,2006-07-24
K128950000,90,CHF,2008-04-25
K129000000,90,CHF,2010-01-04
K12906ZZZZ,90,CHF,2008-11-03
K129580000,20,CHF,2010-10-15
K129640000,20,CHF,2007-10-29
K129930000,20,CHF,2006-07-24
K130370000,90,CHF,2006-07-24
K130520000,20,CHF,2006-07-24
K130590000,20,CHF,2015-06-15
K130770001,20,CHF,2007-04-13
K130800000,10,CHF,2006-07-24
K131120000,10,CHF,2006-07-24
K131320000,90,CHF,2008-10-27
K131480000,20,CHF,2007-08-24
K131540000,90,CHF,2006-08-01
K131630000,20,CHF,2006-07-24
K124030000,20,CHF,2015-01-06
K124250000,20,CHF,2006-07-24
K124290000,90,CHF,2006-07-24
K124410000,20,CHF,2006-07-24
K124480000,20,CHF,2006-07-24
K124590000,90,CHF,2006-07-24
K124790000,90,CHF,2014-01-21
K124830000,90,EUR,2006-07-24
K124940000,20,CHF,2007-07-23
K125030000,90,CHF,2006-07-24
K125120000,90,CHF,2006-07-24
K125480000,90,CHF,2006-07-24
K125500000,20,CHF,2006-07-24
K125740000,20,CHF,2015-11-27
K125810000,90,CHF,2008-08-12
K125840000,90,CHF,2006-07-24
K125860005,90,CHF,2006-07-28
K07112AHS0,20,CHF,2012-09-06
K07112AHT0,20,CHF,2012-09-06
K07112AHW0,20,CHF,2012-10-10
K112480000,20,CHF,2013-03-06
K112490000,90,CHF,2012-12-18
K112590000,90,EUR,2006-08-24
K112630001,20,CHF,2006-10-10
K112700000,90,CHF,2009-05-13
K112720000,90,CHF,2009-08-12
K112790000,20,EUR,2014-07-22
K112830000,20,CHF,2006-07-24
K11285AAE0,20,CHF,2012-07-31
K11285AAF0,20,CHF,2012-07-31
K11285ACF0,20,CHF,2014-02-17
K11285ACG0,20,CHF,2014-02-17
K11285ACK0,20,CHF,2014-03-26
K11285ACM0,20,CHF,2014-03-26
K11285ACN0,90,CHF,2014-03-26
K11285ACW0,20,CHF,2014-06-25
K11285ACX0,20,CHF,2014-06-25
K11285ACY0,90,CHF,2014-06-30
K11285ADR0,20,CHF,2014-10-03
K11285ADS0,20,CHF,2014-10-03
K11285ADZ0,20,CHF,2014-10-03
K11285AEA0,90,CHF,2014-10-07
K11285AEU0,90,CHF,2015-03-16
K11285AFC0,20,CHF,2015-07-16
K112920000,90,CHF,2006-07-24
K113000000,90,CHF,2010-11-23
K113290000,20,EUR,2006-07-24
K113830000,90,CHF,2006-07-24
K113990000,20,CHF,2006-07-24
K114100000,20,CHF,2007-08-29
K114140000,20,CHF,2006-07-24
K114330000,90,CHF,2006-07-24
K114360000,20,CHF,2006-07-24
K114390000,90,CHF,2008-01-16
K114440000,90,EUR,2015-10-28
K114450000,90,CHF,2006-07-24
K125880000,10,CHF,2008-04-29
K125970000,90,CHF,2008-01-08
K126010000,10,CHF,2006-07-24
K126180000,20,EUR,2006-07-24
K131770000,20,CHF,2016-03-09
K131910000,20,CHF,2006-07-24
K132040000,90,CHF,2006-07-24
K132160000,20,CHF,2006-07-24
K132200000,10,CHF,2006-07-24
K132290000,10,CHF,2006-07-24
K132330000,90,EUR,2006-07-24
K132980000,10,CHF,2009-12-09
K133100000,90,CHF,2006-07-24
K133360000,90,CHF,2006-07-24
K133490000,20,CHF,2006-07-24
K133630000,20,CHF,2006-07-24
K133680000,90,CHF,2006-07-24
K133700000,90,CHF,2006-07-24
K133750000,20,CHF,2006-07-24
K126210000,20,EUR,2010-09-30
K126220000,90,CHF,2006-07-24
K126280000,90,CHF,2006-07-24
K126370000,20,CHF,2006-07-24
K126400000,20,CHF,2006-07-24
K126490000,90,CHF,2006-12-12
K126560000,20,CHF,2007-09-18
K136360000,90,CHF,2006-07-24
K136400000,90,CHF,2006-07-24
K136560000,20,CHF,2007-01-12
K136570000,90,CHF,2008-02-14
K136820000,20,CHF,2006-07-24
K137060000,90,CHF,2006-07-24
K137160000,20,CHF,2006-07-24
K137180000,20,CHF,2006-07-24
K137220000,90,CHF,2006-07-24
K137230000,90,CHF,2007-02-07
K137260000,90,CHF,2006-07-24
K137340000,20,CHF,2006-07-24
K137370000,90,CHF,2006-07-24
K114460000,90,CHF,2006-07-24
K114500000,10,CHF,2012-10-04
K114660000,90,CHF,2006-07-24
K114900000,90,CHF,2008-01-08
K115000000,10,CHF,2006-07-24
K115100000,20,CHF,2006-10-17
K11511AAD0,90,CHF,2009-03-05
K11511AAE0,90,CHF,2009-03-06
K11511AAG0,90,CHF,2009-03-05
K11511AAR0,90,CHF,2009-03-06
K115270000,90,CHF,2014-09-22
K115660000,90,CHF,2006-07-24
K116150000,20,CHF,2006-07-24
K116370000,20,CHF,2011-11-24
K117020000,10,CHF,2006-07-24
K117070000,20,CHF,2006-12-04
K117090000,90,CHF,2006-07-24
K104980001,20,CHF,2014-10-03
K105300000,10,CHF,2006-07-24
K105310000,20,CHF,2011-01-24
K105340000,90,CHF,2006-07-24
K105450000,20,CHF,2006-07-24
K105470000,20,CHF,2009-06-19
K105910000,90,CHF,2006-07-24
K106200000,90,CHF,2006-07-24
K106350000,20,CHF,2008-07-15
K106400000,20,CHF,2015-02-27
K106450000,10,CHF,2006-07-24
K106540000,20,CHF,2006-07-24
K106630000,20,CHF,2006-12-21
K106810000,90,CHF,2006-07-24
K106830000,90,CHF,2008-04-23
K107000000,20,CHF,2007-11-05
K107060000,20,CHF,2006-07-24
K107080000,20,CHF,2006-07-24
K107210000,90,CHF,2008-08-05
K107280000,20,CHF,2006-07-24
K107370000,20,CHF,2015-01-26
K107380000,90,CHF,2015-04-08
K137490000,20,CHF,2006-07-24
K137550000,90,CHF,2006-07-24
K13762AAL0,90,CHF,2010-02-25
K13762AAN0,90,CHF,2010-02-25
K13762AAS0,90,CHF,2010-02-25
K13762AAV0,90,CHF,2010-02-25
K13762ABK0,90,CHF,2010-02-25
K13762ABL0,90,CHF,2010-02-25
K13762ABN0,90,CHF,2010-02-25
K13762ABP0,90,CHF,2010-02-25
K13762ABY0,90,CHF,2010-02-25
K13762ACG0,90,CHF,2010-02-25
K13762ACH0,90,CHF,2010-02-25
K13762ACN0,90,CHF,2010-02-25
K13762ACR0,90,CHF,2010-05-04
K13762ACS0,90,CHF,2010-06-02
K13762ADB0,90,CHF,2010-08-26
K13762ADD0,90,CHF,2010-08-27
K13762ADH0,90,CHF,2010-09-09
K13762ADI0,90,CHF,2010-09-21
K13762ADN0,90,CHF,2010-11-17
K13762ADO0,90,CHF,2011-01-12
K13762ADP0,90,CHF,2011-01-26
K13762ADQ0,90,CHF,2011-01-26
K13762AFJ0,90,CHF,2011-05-20
K13762AFU0,90,CHF,2011-05-20
K13762AGJ0,90,CHF,2011-05-20
K13762AGK0,90,CHF,2011-05-20
K13762AGN0,90,CHF,2011-05-20
K13762AGU0,90,CHF,2011-05-20
K13762AGX0,90,CHF,2011-05-20
K13762AHB0,90,CHF,2011-05-20
K13762AHC0,90,CHF,2011-05-20
K13762AHD0,90,CHF,2011-06-17
K13762AHL0,90,CHF,2011-08-03
K13762AHO0,90,CHF,2011-08-03
K13762AHQ0,90,CHF,2011-08-03
K13762AIC0,90,CHF,2011-08-03
K13762AIM0,90,CHF,2011-08-03
K107420000,20,CHF,2009-01-19
K107600000,10,CHF,2006-07-24
K117640000,90,CHF,2008-07-16
K117830000,20,CHF,2006-07-24
K118250000,20,CHF,2013-09-10
K118480000,20,CHF,2015-04-13
K118640000,20,CHF,2006-07-24
K11864AAB0,20,CHF,2008-08-07
K11864AAF0,90,CHF,2008-08-07
K11864AAJ0,20,CHF,2008-08-07
K11864AAN0,20,CHF,2008-11-04
K11864AAR0,20,CHF,2009-01-20
K11864AAU0,90,CHF,2009-01-20
K11864ABE0,90,CHF,2009-03-17
K11864ABK0,20,CHF,2009-10-07
K11864ABV0,90,CHF,2009-12-11
K11864ACI0,20,CHF,2010-02-04
K11864ACK0,20,CHF,2010-02-26
K11864ACL0,20,CHF,2012-05-16
K11864ACM0,20,CHF,2010-02-26
K11864ACP0,20,CHF,2010-05-05
K11864ADI0,20,CHF,2010-06-17
K11864ADY0,20,CHF,2010-06-17
K11864AEB0,20,CHF,2010-06-17
K11864AEG0,20,CHF,2010-06-17
K11864AEV0,90,CHF,2010-06-17
K11864AEX0,90,CHF,2010-06-17
K11864AFA0,20,CHF,2010-06-17
K11864AFB0,20,CHF,2010-06-17
K11864AFE0,20,CHF,2010-06-17
K11864AGD0,20,CHF,2010-06-17
K11864AGJ0,20,CHF,2010-06-17
K11864AGQ0,90,CHF,2010-06-17
K11864AIJ0,90,CHF,2010-06-17
K11864AJC0,90,CHF,2010-06-17
K11864AJL0,90,CHF,2010-06-17
K11864AKL0,20,CHF,2010-11-04
K11864AKV0,20,CHF,2011-07-22
K11864ALA0,20,CHF,2012-11-20
K13762AIR0,90,CHF,2011-08-03
K13762AJE0,90,CHF,2011-08-03
K13762AJN0,90,CHF,2011-08-03
K13762AJP0,90,CHF,2011-08-03
K137650000,90,CHF,2006-07-24
K137750000,20,CHF,2006-07-24
K137780000,90,CHF,2006-07-24
K137810000,20,CHF,2009-02-06
K137920000,20,CHF,2006-07-24
K137940000,20,CHF,2007-08-03
K137950000,90,CHF,2006-07-24
K138020000,90,CHF,2010-04-06
K138220000,90,CHF,2006-07-24
K138240000,20,CHF,2006-08-29
K133820000,90,CHF,2006-07-24
K133910000,90,CHF,2008-04-22
K133960000,20,CHF,2006-07-24
K134010000,90,CHF,2006-07-24
K134020000,20,CHF,2015-01-23
K134100000,10,CHF,2007-05-09
K134250000,90,CHF,2006-07-24
K134410000,20,CHF,2006-07-24
K134440000,20,CHF,2007-02-23
K134510000,90,EUR,2006-07-24
K134610000,20,CHF,2006-07-24
K134630000,90,CHF,2006-07-24
K134660000,90,CHF,2006-07-24
K134710000,90,CHF,2006-07-24
K134720000,20,CHF,2006-07-24
K134740000,20,CHF,2014-01-28
K134810000,10,CHF,2006-07-24
K134830000,90,CHF,2006-07-24
K017600000,20,CHF,2014-11-12
K017620000,10,CHF,2006-07-24
K017620006,10,CHF,2012-06-26
K017720000,20,CHF,2015-08-28
K017740000,90,CHF,2006-08-01
K017780001,90,CHF,2008-03-11
K017820000,20,EUR,2014-01-20
K017990001,20,CHF,2006-08-11
K11864XXXX,20,CHF,2009-03-27
K118700000,20,CHF,2006-09-12
K118760000,20,CHF,2012-01-03
K118990000,10,CHF,2008-01-21
K119050000,20,CHF,2012-10-26
K119180000,20,CHF,2006-07-24
K119330000,20,CHF,2013-09-19
K120140000,20,CHF,2013-09-04
K120320000,20,CHF,2006-07-24
K120380000,90,CHF,2006-07-24
K120440000,20,CHF,2006-07-24
K120610000,20,CHF,2015-02-27
K120760000,20,CHF,2006-07-24
K120850000,90,CHF,2011-12-16
K121210000,90,CHF,2006-07-24
K121430000,10,CHF,2006-07-24
K121450001,90,CHF,2006-12-06
K121460000,10,CHF,2006-07-24
K121490000,90,CHF,2006-07-24
K121540000,90,CHF,2010-02-05
K122050000,90,CHF,2006-07-24
K122160000,90,CHF,2007-04-04
K122440000,90,CHF,2006-07-24
K122500000,20,CHF,2007-04-18
K122550000,90,CHF,2007-08-29
K122640001,20,CHF,2012-09-18
K122660000,90,CHF,2012-04-17
K117370000,90,CHF,2006-07-24
K117420000,90,CHF,2008-05-16
K117450000,10,CHF,2006-07-24
K126790000,90,CHF,2006-07-24
K126840000,20,CHF,2006-07-24
K127370000,20,CHF,2006-09-15
K127580000,20,CHF,2007-12-07
K127750000,90,CHF,2006-07-24
K127910000,90,CHF,2006-07-24
K127920000,90,CHF,2009-01-23
K127970000,20,CHF,2014-09-19
K128080000,90,CHF,2006-07-24
K018030003,90,CHF,2006-07-29
K018030014,90,CHF,2006-07-29
K018030016,90,CHF,2006-07-29
K018030019,90,CHF,2006-07-29
K018030029,90,CHF,2006-07-29
K018030030,90,CHF,2006-07-29
K018030036,90,CHF,2006-07-29
K018030039,90,CHF,2006-07-29
K018030044,90,CHF,2006-07-29
K018030045,90,CHF,2006-07-29
K018030055,90,CHF,2006-07-29
K018030065,90,CHF,2006-07-29
K018100000,90,CHF,2007-05-08
K018120000,90,CHF,2010-12-09
K018180000,20,CHF,2006-07-24
K018200000,20,CHF,2007-08-06
K018230000,90,CHF,2008-09-26
K018330000,10,CHF,2015-05-05
K018390000,20,CHF,2015-10-14
K018450000,90,CHF,2010-02-19
K018600000,20,CHF,2006-07-24
K018690000,20,CHF,2006-07-24
K018750000,20,CHF,2007-07-17
K018760000,90,CHF,2006-07-24
K018780000,20,CHF,2008-08-13
K018830000,90,CHF,2011-06-16
K018930000,90,CHF,2007-08-07
K018990000,90,CHF,2010-02-22
K019100000,90,CHF,2013-11-12
K019120000,90,CHF,2014-11-20
K019250000,90,CHF,2009-04-23
K019370000,20,CHF,2006-07-24
K019780000,20,CHF,2006-07-24
K019790000,90,CHF,2012-02-10
K019920000,20,CHF,2015-10-08
K020060000,20,CHF,2006-07-24
K020100000,20,CHF,2011-06-30
K020270000,10,CHF,2006-07-24
K018030092,90,CHF,2006-07-29
K128110000,20,CHF,2010-04-30
K128270000,90,CHF,2007-09-11
K128280000,20,CHF,2006-07-24
K128290000,90,CHF,2008-01-21
K128310000,90,CHF,2006-07-24
K128340000,20,CHF,2006-07-24
K128420000,20,CHF,2006-07-24
K128620000,90,CHF,2006-07-24
K128780010,90,CHF,2007-06-08
K129060000,90,CHF,2008-11-03
K122850000,90,CHF,2006-07-24
K122990000,20,CHF,2011-11-11
K123000000,20,CHF,2013-06-26
K123120000,90,CHF,2006-07-24
K123390000,20,CHF,2008-07-31
K123470000,10,CHF,2013-08-29
K123500000,20,CHF,2006-07-24
K123510000,10,CHF,2006-07-24
K123680000,20,CHF,2006-07-24
K123780000,10,CHF,2006-07-24
K123810000,90,CHF,2006-08-01
K123820000,20,CHF,2006-07-24
K123850000,90,CHF,2006-07-24
K123870000,90,CHF,2006-07-24
K123970000,20,CHF,2014-06-12
K124020000,90,CHF,2006-07-24
K124230000,90,CHF,2008-03-03
K124270000,90,CHF,2007-01-15
K124280000,90,CHF,2006-07-24
K124320000,90,CHF,2008-10-06
K124340000,20,CHF,2014-08-05
K124400000,10,CHF,2006-07-24
K124530000,20,CHF,2006-08-01
K124550000,90,CHF,2010-03-12
K124710000,20,CHF,2006-07-24
K124740000,20,CHF,2008-05-22
K125020000,90,CHF,2006-07-24
K129360000,90,CHF,2006-07-24
K129860000,10,CHF,2006-07-24
K018030094,90,CHF,2006-07-29
K018030100,90,CHF,2006-07-29
K018030105,90,CHF,2006-07-29
K018030111,90,CHF,2006-07-29
K018030117,90,CHF,2006-07-29
K018030121,90,CHF,2006-07-29
K018030127,90,CHF,2006-07-29
K018030138,90,CHF,2006-07-29
K018030141,90,CHF,2006-07-29
K018030152,90,CHF,2006-07-29
K018030162,90,CHF,2006-08-07
K018030177,90,CHF,2006-08-17
K018030182,90,CHF,2006-08-22
K018030195,90,CHF,2006-08-22
K018030208,90,CHF,2006-08-22
K018030211,90,CHF,2006-08-22
K018030217,90,CHF,2006-08-22
K018030225,90,CHF,2006-08-22
K018030236,90,CHF,2006-08-22
K018030239,90,CHF,2006-08-22
K018030246,90,CHF,2006-08-22
K018030256,90,CHF,2006-08-22
K018030277,90,CHF,2006-08-22
K018030285,90,CHF,2006-08-22
K018030287,90,CHF,2006-08-22
K018030292,90,CHF,2006-08-22
K018030301,90,CHF,2006-08-22
K018030303,90,CHF,2006-08-22
K018030314,90,CHF,2006-08-22
K018030320,90,CHF,2006-08-22
K018030326,90,CHF,2006-08-22
K018030332,90,CHF,2006-08-22
K018030336,90,CHF,2006-08-22
K018030340,90,CHF,2006-08-22
K018030353,90,CHF,2006-08-22
K018030363,90,CHF,2006-08-22
K018030378,90,CHF,2006-08-22
K018030383,90,CHF,2006-08-22
K018030391,90,CHF,2006-08-22
K018030394,90,CHF,2006-08-22
K129900000,20,CHF,2012-03-22
K129950000,90,CHF,2006-07-24
K130020000,20,CHF,2008-04-01
K130100000,20,CHF,2006-07-24
K130150000,90,CHF,2008-07-24
K130240000,20,CHF,2006-07-24
K130260000,90,CHF,2006-07-24
K130780000,90,CHF,2006-07-24
K131050000,90,CHF,2006-07-24
K131220000,10,CHF,2013-01-30
K131440000,20,CHF,2006-07-24
K131470000,90,CHF,2006-12-20
K131550000,90,CHF,2006-07-24
K131570000,20,CHF,2009-03-27
K131690000,10,CHF,2006-07-24
K131710000,20,CHF,2010-05-17
K131870000,90,CHF,2006-07-24
K125400000,90,CHF,2006-07-24
K125420000,20,CHF,2007-07-02
K125650000,20,CHF,2006-07-24
K125850000,90,CHF,2006-07-24
K125860002,90,CHF,2006-07-28
K126020000,90,CHF,2008-02-27
K126080000,20,CHF,2006-07-24
K126310000,90,CHF,2006-07-24
K126380000,20,CHF,2007-03-13
K126390000,20,CHF,2010-09-09
K126410000,90,CHF,2010-10-15
K126640000,20,CHF,2011-10-20
K136510000,90,CHF,2006-07-24
K136620000,90,CHF,2008-10-03
K136680000,20,CHF,2006-07-24
K136720000,90,CHF,2006-09-18
K136730000,90,CHF,2006-07-24
K136790000,20,CHF,2006-07-24
K137090000,90,CHF,2006-07-24
K137100000,20,CHF,2009-11-23
K137390000,20,CHF,2006-07-24
K13762AAB0,90,CHF,2010-01-22
K018030402,90,CHF,2006-08-22
K018030404,90,CHF,2006-08-22
K018030412,90,CHF,2006-08-22
K018030414,90,CHF,2006-08-22
K018030421,90,CHF,2006-08-22
K018030429,90,CHF,2006-08-22
K018030434,90,CHF,2006-08-22
K018030445,90,CHF,2006-08-22
K018030460,90,CHF,2006-08-22
K018030468,90,CHF,2006-08-22
K018030470,90,CHF,2006-08-22
K018030484,90,CHF,2006-08-22
K018030487,90,CHF,2006-09-08
K018030492,90,CHF,2006-10-31
K018030493,90,CHF,2006-11-17
K018030501,90,CHF,2007-01-29
K018030509,90,CHF,2007-06-28
K018030511,90,CHF,2007-07-12
K018030519,90,CHF,2007-11-29
K023410000,90,CHF,2006-07-24
K023590000,20,CHF,2006-07-24
K023640000,10,CHF,2006-07-24
K024080000,20,CHF,2006-07-24
K020480000,90,CHF,2007-05-04
K020750000,20,CHF,2014-04-03
K021080000,90,CHF,2006-07-24
K021100000,90,CHF,2008-08-07
K021350000,90,CHF,2015-03-03
K021410000,90,CHF,2008-02-15
K021420000,10,CHF,2008-03-31
K02151AAD0,20,CHF,2009-06-09
K02151AAG0,20,CHF,2009-06-09
K02151AAZ0,20,CHF,2009-06-09
K02151ABB0,20,CHF,2009-06-09
K02151ABK0,90,CHF,2009-06-09
K02151ACD0,20,CHF,2009-06-09
K02151ACI0,90,CHF,2009-06-09
K02151ACM0,90,CHF,2009-06-09
K02151ACN0,90,CHF,2009-06-09
K02151ADG0,20,CHF,2010-09-21
K02151ADN0,20,CHF,2011-08-23
K02151ADO0,20,CHF,2011-08-24
K02151ADR0,90,CHF,2011-09-02
K02151AFO0,90,CHF,2011-09-14
K02151AFS0,20,CHF,2011-09-14
K02151AGC0,20,CHF,2011-10-05
K02151AGJ0,90,CHF,2011-10-05
K02151AGU0,90,CHF,2011-10-05
K02151AGZ0,90,CHF,2011-10-05
K02151AHI0,20,CHF,2011-10-05
K02151AHT0,90,CHF,2011-12-01
K02151AID0,20,CHF,2012-02-17
K02151AIK0,20,CHF,2012-03-22
K02151AIN0,90,CHF,2012-04-03
K02151AJC0,20,CHF,2012-06-01
K02151AJD0,20,CHF,2012-06-01
K02151AJR0,20,CHF,2012-07-26
K02151AJZ0,90,CHF,2012-09-26
K02151AKL0,90,CHF,2012-11-19
K02151AKP0,20,CHF,2012-12-11
K02151AKT0,20,CHF,2013-01-21
K02151ALU0,20,CHF,2013-08-06
K02151ALX0,90,CHF,2013-09-03
K02151AMA0,20,CHF,2013-11-25
K02151AMD0,90,CHF,2014-02-04
K02151AMS0,20,CHF,2014-04-16
K02151AMX0,90,CHF,2014-06-05
K02151ANO0,20,CHF,2015-02-10
K02151ANR0,20,CHF,2015-03-12
K02151ANV0,90,CHF,2015-05-07
K02151AOA0,20,CHF,2015-06-22
K02151AOK0,20,CHF,2015-08-04
K02151AOY0,20,CHF,2015-09-29
K02151APD0,20,CHF,2015-10-07
K02151APE0,20,CHF,2015-10-29
K02151APL0,20,CHF,2015-12-03
K02151APW0,20,CHF,2016-02-22
K021520000,20,CHF,2012-12-04
K13762AAO0,90,CHF,2010-02-25
K13762ABH0,90,CHF,2010-02-25
K13762ABV0,90,CHF,2010-02-25
K13762ACA0,90,CHF,2010-02-25
K13762ACJ0,90,CHF,2010-02-25
K13762ACQ0,90,CHF,2010-05-04
K13762ADA0,90,CHF,2010-08-24
K13762ADK0,90,CHF,2010-10-25
K13762ADZ0,90,CHF,2011-01-26
K13762AEH0,90,CHF,2011-01-26
K13762AEV0,90,CHF,2011-05-11
K13762AFF0,90,CHF,2011-05-20
K13762AFG0,90,CHF,2011-05-20
K13762AFI0,90,CHF,2011-05-20
K13762AGA0,90,CHF,2011-05-20
K13762AGM0,90,CHF,2011-05-20
K13762AGS0,90,CHF,2011-05-20
K13762AGT0,90,CHF,2011-05-20
K13762AHE0,90,CHF,2011-06-17
K13762AHG0,90,CHF,2011-06-29
K13762AHX0,90,CHF,2011-08-03
K13762AIA0,90,CHF,2011-08-03
K13762AIE0,90,CHF,2011-08-03
K13762AIT0,90,CHF,2011-08-03
K13762AIV0,90,CHF,2011-08-03
K13762AJA0,90,CHF,2011-08-03
K13762AJB0,90,CHF,2011-08-03
K13762AJC0,90,CHF,2011-08-03
K13762AJD0,90,CHF,2011-08-03
K13762AJK0,90,CHF,2011-08-03
K13762AJL0,90,CHF,2011-08-03
K137640000,90,CHF,2006-07-24
K137790000,20,CHF,2006-07-24
K137880000,90,CHF,2006-07-24
K137910000,20,CHF,2006-07-24
K138120000,20,CHF,2006-07-24
K138250000,20,CHF,2010-10-14
K138460000,90,CHF,2006-07-24
K138510000,90,CHF,2006-07-24
K138600000,20,CHF,2007-10-09
K02152AAC0,20,CHF,2014-06-18
K02152AAI0,20,CHF,2014-06-18
K02152AAP0,20,CHF,2014-07-17
K02152AAQ0,20,CHF,2014-08-04
K02152AAR0,90,CHF,2014-08-04
K02152AAY0,20,CHF,2014-09-16
K02152AAZ0,20,CHF,2014-09-16
K02152ABG0,20,CHF,2014-10-13
K02152ACH0,20,CHF,2015-03-23
K02152ACL0,20,CHF,2015-04-01
K02152ACN0,20,CHF,2015-05-06
K02152ACO0,20,CHF,2015-05-06
K02152ACU0,20,CHF,2015-05-06
K02152ADA0,20,CHF,2015-07-14
K02152ADB0,20,CHF,2015-07-14
K02152ADC0,20,CHF,2015-07-14
K02152AEX0,20,CHF,2016-03-08
K02152AEZ0,20,CHF,2016-03-08
K021820000,90,CHF,2007-02-23
K022110000,20,CHF,2008-09-16
K022120000,20,CHF,2013-09-25
K022200000,20,CHF,2015-07-31
K024400000,20,CHF,2006-07-24
K024470000,90,CHF,2008-03-20
K024500000,20,CHF,2012-10-18
K024510000,90,CHF,2012-03-15
K024570000,10,CHF,2006-09-19
K024580000,20,CHF,2006-07-24
K024630000,20,CHF,2006-07-24
K024640000,90,CHF,2011-02-28
K024700000,90,CHF,2012-10-26
K024710000,20,CHF,2013-02-14
K024810000,20,CHF,2006-07-24
K024850000,20,CHF,2006-07-24
K024870000,20,CHF,2015-05-28
K025460000,20,CHF,2006-07-24
K025470000,20,CHF,2006-07-24
K025510000,10,CHF,2008-01-08
K025520000,20,CHF,2008-10-06
K025940000,20,CHF,2006-07-24
K025970000,20,CHF,2006-07-24
K026010000,90,CHF,2012-04-30
K026060000,10,CHF,2006-07-24
K026090000,90,CHF,2008-07-01
K026170000,20,CHF,2011-11-29
K026220000,20,CHF,2015-11-16
K026270000,20,CHF,2006-07-24
K026360000,20,CHF,2012-02-06
K026390000,90,CHF,2014-12-15
K026480000,20,CHF,2014-09-26
K026500000,20,CHF,2006-07-24
K026510000,20,CHF,2015-06-02
K027050000,20,CHF,2015-08-27
K027180000,10,CHF,2007-08-06
K027520000,20,CHF,2006-07-24
K027730000,20,CHF,2006-08-23
K027760000,90,CHF,2007-09-14
K028140000,20,CHF,2006-07-24
K028730000,20,CHF,2006-07-24
K028740000,10,CHF,2007-12-03
K02892AAC0,90,CHF,2008-09-30
K02892AAF0,90,CHF,2008-10-13
K02892AAK0,90,CHF,2008-11-06
K02892AAM0,90,CHF,2008-11-19
K02892AAT0,90,CHF,2009-03-19
K02892AAX0,90,CHF,2010-01-05
K02892ABD0,90,CHF,2010-12-03
K02892ABG0,90,CHF,2012-09-11
K02892ABH0,90,CHF,2013-04-10
K02892ABK0,90,CHF,2014-02-20
K029090000,20,CHF,2006-07-24
K029620000,90,CHF,2006-07-24
K029760000,20,CHF,2014-02-06
K029830000,90,CHF,2006-07-24
K029870000,10,CHF,2006-07-24
K030090000,20,CHF,2006-07-24
K030120001,20,CHF,2015-07-14
K030130000,20,CHF,2014-06-19
K138660000,20,CHF,2006-07-24
K138780000,90,CHF,2007-09-27
K138810000,90,CHF,2006-07-24
K138880000,10,CHF,2006-07-24
K139000000,20,CHF,2009-05-04
K139020000,20,CHF,2006-07-24
K139050000,90,CHF,2009-09-29
K139340000,90,CHF,2007-07-10
K139520000,90,CHF,2006-07-24
K139620000,90,CHF,2006-07-24
K139660000,90,CHF,2006-07-24
K131880000,90,CHF,2006-07-24
K131890000,90,CHF,2007-03-29
K131950000,20,CHF,2012-02-28
K132030000,20,CHF,2006-07-24
K132070000,20,CHF,2006-07-24
K132100000,20,CHF,2012-03-30
K132410000,20,CHF,2006-07-24
K132410001,20,CHF,2007-08-22
K132460000,90,CHF,2006-07-24
K132970000,90,CHF,2009-05-27
K133020000,90,CHF,2006-07-24
K133110000,90,CHF,2006-07-24
K133290000,20,CHF,2014-11-05
K133390000,90,CHF,2006-07-24
K133400000,90,CHF,2006-07-24
K133800000,90,CHF,2010-06-22
K133810000,20,CHF,2011-02-09
K133930000,10,CHF,2006-07-24
K134110000,90,CHF,2006-07-24
K134280000,90,CHF,2007-01-31
K134350000,90,CHF,2007-03-19
K134480000,90,CHF,2006-07-24
K134580000,20,CHF,2013-08-08
K134620000,90,CHF,2006-07-24
K134730000,20,CHF,2013-05-27
K134750000,20,CHF,2006-07-24
K134780000,20,CHF,2014-08-15
K134790000,20,CHF,2014-09-17
K030220000,90,CHF,2013-12-23
K030230000,20,CHF,2014-07-21
K030280000,90,EUR,2007-07-02
K030590000,20,CHF,2010-05-21
K030740000,20,CHF,2012-11-01
K030830000,20,CHF,2011-03-18
K030840000,90,CHF,2013-12-09
K030860000,20,EUR,2015-04-20
K022510000,20,CHF,2009-05-14
K022620000,20,CHF,2006-07-24
K022630000,20,CHF,2006-07-24
K022650000,20,CHF,2006-07-24
K022660000,90,CHF,2006-07-24
K022760000,90,CHF,2009-04-20
K022790000,90,CHF,2009-11-11
K022820000,10,CHF,2006-07-24
K022840000,90,CHF,2006-07-24
K022880000,90,CHF,2013-07-12
K022930000,20,CHF,2015-06-19
K023230000,20,CHF,2006-07-24
K023320000,90,CHF,2014-12-08
K033330014,90,CHF,2008-11-26
K033550000,20,CHF,2007-06-25
K033670000,20,CHF,2006-07-24
K033910000,20,CHF,2006-07-24
K034070000,90,CHF,2006-07-24
K034220000,20,CHF,2006-07-24
K034360000,20,CHF,2006-07-24
K035090000,20,CHF,2006-07-24
K035470000,20,CHF,2011-10-05
K035560000,90,CHF,2007-01-29
K035780000,90,CHF,2010-08-02
K036060000,20,CHF,2014-04-30
K036090000,20,CHF,2012-02-03
K036100000,90,CHF,2006-07-24
K036230000,20,CHF,2012-05-29
K036380000,10,CHF,2006-07-24
K036530000,20,CHF,2008-10-15
K036620000,10,CHF,2008-01-22
K134800000,20,CHF,2006-07-24
K134960000,90,CHF,2006-07-24
K135370000,20,CHF,2006-07-24
K135380000,90,CHF,2007-08-02
K135650000,90,CHF,2006-07-24
K135880000,90,CHF,2006-07-24
K135900000,90,CHF,2007-12-05
K135980000,10,CHF,2006-07-24
K136080000,90,CHF,2006-07-24
K136110000,90,CHF,2006-07-24
K136170000,20,CHF,2006-07-24
K136340000,20,CHF,2015-07-06
K144030000,90,CHF,2006-07-24
K144070000,20,CHF,2006-07-24
K144210000,20,CHF,2010-08-12
K144370000,90,CHF,2007-08-02
K144430000,90,CHF,2006-07-24
K144530000,90,CHF,2006-07-24
K144560000,20,CHF,2006-07-24
K144600000,20,CHF,2007-08-17
K144700000,90,CHF,2008-07-02
K144740000,90,CHF,2006-07-24
K144750000,20,CHF,2006-07-24
K144760000,20,CHF,2006-10-26
K144830001,90,CHF,2007-03-26
K144830004,90,CHF,2011-12-21
K144860001,20,CHF,2015-09-02
K144940000,90,CHF,2009-11-18
K144950000,90,CHF,2010-12-23
K144960000,20,CHF,2006-07-24
K144970000,20,CHF,2011-06-21
K145070000,20,CHF,2006-08-16
K140020000,90,CHF,2006-07-24
K140090000,20,CHF,2006-07-24
K140300000,20,CHF,2006-07-24
K140330000,20,CHF,2006-07-24
K140470000,20,CHF,2007-09-28
K140570000,90,CHF,2009-09-08
K140680000,20,CHF,2015-10-06
K036630000,20,CHF,2012-01-20
K036770000,20,CHF,2008-09-22
K036780000,90,CHF,2006-07-24
K036810000,20,CHF,2007-09-18
K036830000,20,CHF,2009-01-29
K037240000,20,CHF,2006-07-24
K037500000,90,CHF,2008-08-12
K037540000,10,CHF,2006-07-24
K037560000,90,CHF,2006-07-24
K037610000,10,CHF,2008-04-03
K037850000,10,CHF,2006-07-24
K037880000,90,CHF,2006-07-24
K037890000,20,CHF,2011-01-18
K037980000,10,CHF,2009-10-05
K038910000,20,CHF,2008-12-01
K039550000,20,CHF,2006-09-15
K040420000,10,CHF,2006-07-24
K041150000,90,EUR,2012-01-24
K041250002,90,CHF,2006-09-05
K041270000,20,CHF,2006-07-24
K041320000,90,CHF,2006-08-25
K041730000,20,CHF,2016-03-09
K041860000,20,CHF,2014-09-08
K041880000,20,CHF,2006-07-24
K042180000,90,CHF,2010-11-05
K042490000,90,CHF,2006-07-24
K042690000,20,CHF,2012-10-03
K042720000,20,CHF,2006-07-24
K043390000,20,CHF,2012-09-11
K043490000,20,CHF,2006-11-23
K043540000,20,CHF,2013-06-10
K043650000,20,CHF,2006-07-24
K04370AAC0,20,CHF,2012-11-08
K031170000,20,CHF,2014-09-29
K031330000,20,CHF,2011-04-11
K031350000,20,CHF,2012-01-06
K031510000,20,CHF,2014-07-18
K031550000,90,CHF,2009-06-30
K031720000,90,CHF,2008-12-11
K140770000,90,CHF,2015-11-17
K140840000,10,CHF,2015-11-30
K142660000,90,CHF,2010-10-20
K142950000,20,CHF,2010-05-05
K142960000,20,CHF,2011-07-29
K142980000,20,CHF,2006-07-24
K142990000,10,CHF,2006-07-24
K143130000,90,CHF,2006-07-24
K143160001,90,CHF,2011-01-11
K143230000,20,CHF,2006-07-24
K143320000,20,CHF,2009-05-05
K143440000,20,CHF,2006-07-24
K143470000,20,CHF,2014-10-24
K143560000,20,CHF,2006-07-24
K143590000,90,CHF,2006-07-24
K143620000,90,CHF,2006-07-24
K143640000,20,CHF,2006-07-24
K143650000,20,CHF,2006-07-24
K143680000,90,CHF,2006-07-24
K143700000,20,CHF,2006-07-24
K143710000,20,CHF,2008-11-24
K143760000,20,CHF,2008-06-19
K143800000,20,CHF,2006-07-24
K150330008,90,CHF,2006-07-28
K150330023,90,CHF,2006-07-28
K150330031,90,CHF,2006-07-28
K150330034,90,CHF,2006-07-28
K150330045,90,CHF,2006-07-28
K150330051,90,CHF,2006-07-28
K150330063,90,CHF,2006-07-28
K150330065,90,CHF,2006-07-28
K150330072,90,CHF,2006-07-28
K150330101,90,CHF,2006-07-28
K150330107,90,CHF,2006-07-28
K150330108,90,CHF,2006-07-28
K10100DCK0,90,EUR,2015-03-13
K10100DDV0,90,EUR,2015-04-08
K10100DKR0,90,EUR,2015-08-04
K10100DME0,90,EUR,2015-09-10
K031910000,20,CHF,2006-07-24
K032460000,20,CHF,2006-07-24
K032510000,90,CHF,2006-07-24
K032540000,20,CHF,2006-07-24
K032790000,90,CHF,2006-07-24
K03289AAH0,90,CHF,2014-06-05
K03289AAM0,90,CHF,2014-06-05
K03289AAP0,90,CHF,2014-06-05
K03289ABA0,90,CHF,2014-06-23
K03289ABB0,90,CHF,2014-07-18
K03289ABY0,90,CHF,2014-12-22
K03289ACA0,90,CHF,2014-12-22
K03289ADE0,90,CHF,2014-12-22
K03289ADU0,90,CHF,2014-12-22
K03289AEH0,90,CHF,2014-12-22
K03289AEV0,90,CHF,2015-04-02
K03289AFK0,90,CHF,2015-09-25
K032930000,90,CHF,2006-07-24
K033320000,20,EUR,2013-07-19
K047060000,90,CHF,2006-07-24
K047150000,90,CHF,2006-07-24
K047810000,20,CHF,2013-04-12
K047920000,10,CHF,2006-07-24
K048280000,20,CHF,2006-07-24
K048390000,20,CHF,2006-07-24
K048450000,10,CHF,2010-03-03
K048450001,10,CHF,2010-04-16
K049240002,20,CHF,2008-08-27
K049400000,90,CHF,2008-06-03
K049530000,20,CHF,2006-07-24
K049570000,90,CHF,2009-02-05
K049670000,90,CHF,2006-07-24
K049690000,90,CHF,2007-10-23
K049700000,10,CHF,2009-02-18
K050070000,20,CHF,2006-07-24
K050270000,20,CHF,2006-07-24
K050550000,20,CHF,2007-06-26
K050670000,20,CHF,2006-07-24
K050730000,20,CHF,2010-10-18
K01286DMO0,20,CHF,2016-10-24
K047280000,20,CHF,2016-09-01
K02152AGM0,20,CHF,2016-09-05
K01286DKR0,20,CHF,2016-09-12
K004660000,90,CHF,2016-09-19
K065070000,90,CHF,2016-09-26
K02151ARG0,90,CHF,2016-10-03
K01286DLZ0,20,CHF,2016-10-13
K01286DMI0,20,CHF,2016-10-17
K114200000,10,CHF,2016-10-17
K026810000,10,CHF,2016-10-26
K01286DMR0,20,CHF,2016-10-31
K11285AHE0,20,CHF,2016-11-02
K07393YYYY,90,EUR,2016-11-02
K07393AVC0,90,EUR,2016-11-02
K004410000,20,CHF,2016-11-08
K02151ARK0,20,CHF,2016-11-09
K01286DNZ0,20,CHF,2016-11-30
K044650000,10,CHF,2016-12-01
K004360000,20,CHF,2016-12-01
K07393AVU0,90,EUR,2016-12-07
K07393AVO0,90,EUR,2016-12-07
K07393AWB0,90,EUR,2017-01-04
K01286DPB0,20,CHF,2017-01-04
K01286DPH0,20,CHF,2017-01-05
K01286DPI0,20,CHF,2017-01-06
K01286DPO0,20,CHF,2017-01-17
K07393AWT0,90,EUR,2017-01-18
K07393AXB0,90,EUR,2017-01-18
K01286CKW0,20,CHF,2014-10-13
K01286CNO0,20,CHF,2014-12-01
K01286COX0,20,CHF,2015-01-08
K01286CPG0,90,CHF,2015-01-16
K01286CRO0,20,CHF,2015-03-09
K01448EZH0,90,CHF,2015-01-20
K025690000,90,CHF,2016-11-10
K161150000,20,CHF,2016-11-11
K01286DNJ0,20,CHF,2016-11-14
K161170000,20,CHF,2016-11-18
K01286DNX0,20,CHF,2016-11-25
K023950000,20,CHF,2016-11-25
K004330000,20,CHF,2016-12-07
K02151ARL0,20,CHF,2017-01-09
K01286DPJ0,20,CHF,2017-01-09
K01286DPM0,20,CHF,2017-01-09
K004270000,20,CHF,2016-12-23
K01448FAG0,90,CHF,2015-03-10
K01448FCN0,90,CHF,2015-06-19
K030910000,20,CHF,2017-01-10
K029780000,20,CHF,2017-01-10
K043360000,10,CHF,2017-01-12
K004220000,10,CHF,2017-01-23
K07393AXX0,90,EUR,2017-01-18
K07393AXY0,90,EUR,2017-01-18
K07393AYL0,90,EUR,2017-01-18
K07393AYP0,90,EUR,2017-01-18
K07393AYS0,90,EUR,2017-01-18
K07393AZR0,90,EUR,2017-01-19
K07393AZS0,90,EUR,2017-01-19
K07393BBC0,90,EUR,2017-01-19
K07393AWQ0,90,EUR,2017-01-19
K07393AYB0,90,EUR,2017-01-19
K07393BAK0,90,EUR,2017-01-19
K004210000,20,CHF,2017-01-23
K02151ARQ0,90,CHF,2017-01-23
K02151ARR0,20,CHF,2017-01-23
K025710000,20,CHF,2017-01-24
K096600000,20,CHF,2017-01-25
K031840000,20,CHF,2017-02-17
K066450000,10,CHF,2017-02-20
K04370AJW0,20,CHF,2017-02-01
K04370AKC0,20,CHF,2017-02-01
K02152AHP0,20,CHF,2017-02-06
K01286DQP0,20,CHF,2017-02-06
K01286DQR0,20,CHF,2017-02-06
K07393BBH0,90,EUR,2017-02-07
K07393BBK0,90,EUR,2017-02-07
K07393BBT0,90,EUR,2017-02-07
K051110000,90,CHF,2006-07-24
K051490000,10,CHF,2006-07-24
K051690000,20,CHF,2011-08-19
K051770000,20,CHF,2006-07-24
K051790000,10,CHF,2006-07-24
K051950000,20,CHF,2006-07-24
K052000000,20,CHF,2006-07-24
K052090000,20,CHF,2006-07-24
K04370AAQ0,90,CHF,2014-07-28
K04370ABF0,20,CHF,2014-08-04
K04370ABK0,20,CHF,2014-08-04
K04370ABW0,20,CHF,2014-08-04
K04370ACA0,90,CHF,2014-08-04
K04370ACG0,20,CHF,2014-08-05
K04370ACK0,20,CHF,2014-08-05
K04370AEB0,20,CHF,2015-05-28
K04370AED0,20,CHF,2015-08-07
K04370AEP0,20,CHF,2015-11-05
K04370AEQ0,20,CHF,2015-11-05
K04370AFC0,90,CHF,2016-03-08
K04370AFD0,20,CHF,2016-03-08
K04370AFE0,20,CHF,2016-03-08
K04370AFF0,20,CHF,2016-03-08
K04370AFQ0,20,CHF,2016-03-09
K01286JFC0,20,CHF,2024-02-22
K01286JFJ0,20,CHF,2024-02-23
K01286JFQ0,20,CHF,2024-02-23
K01286JFS0,20,CHF,2024-02-23
K04611ADE0,20,CHF,2024-02-23
K01286JGC0,20,CHF,2024-02-23
K01286JGD0,20,CHF,2024-02-26
K01286JGF0,20,CHF,2024-02-26
K17719BFG0,20,CHF,2024-02-26
K028820000,20,CHF,2024-02-27
K04230ARH0,20,CHF,2024-03-01
K028910000,20,CHF,2024-03-01
K04611ADK0,20,CHF,2024-03-04
K01286JGQ0,20,CHF,2024-03-04
K01286JGT0,20,CHF,2024-03-04
K01286JGU0,20,CHF,2024-03-04
K02152ADP0,20,CHF,2015-09-10
K10100DIL0,90,EUR,2015-07-08
K10100DKK0,90,EUR,2015-08-04
K10100DNF0,90,EUR,2015-10-06
K10100DNK0,90,EUR,2015-10-06
K10100DNS0,90,EUR,2015-10-06
K004060000,20,CHF,2017-03-07
K02152AHQ0,20,CHF,2017-03-07
K106140000,20,CHF,2017-03-13
K01286DRZ0,20,CHF,2017-03-13
K01286DSJ0,90,CHF,2017-03-14
K01286DSN0,20,CHF,2017-03-14
K01286DRW0,20,CHF,2017-03-14
K07393BBU0,90,EUR,2017-03-03
K047840000,90,CHF,2017-03-16
K104360000,20,CHF,2017-03-21
K01286CUI0,90,CHF,2015-06-19
K07112ALV0,20,CHF,2015-09-10
K094360000,20,CHF,2017-03-24
K01286DSW0,20,CHF,2017-03-24
K01286CWM0,90,CHF,2015-08-04
K01286CXK0,90,CHF,2015-09-01
K01286CYL0,20,CHF,2015-09-29
K07393ARW0,90,EUR,2016-04-05
K17719ANL0,20,CHF,2017-03-27
K04370AKK0,20,CHF,2017-03-28
K033150000,20,CHF,2017-03-29
K036560000,20,CHF,2017-03-30
K10100DPU0,90,EUR,2017-03-31
K10100DPR0,90,EUR,2017-03-31
K10100DQT0,90,EUR,2017-04-03
K01286DTL0,20,CHF,2017-04-04
K10100DSV0,90,EUR,2017-04-04
K10100DTC0,90,EUR,2017-04-04
K07393BCL0,90,EUR,2017-04-05
K02152AHX0,20,CHF,2017-04-05
K02152AHY0,20,CHF,2017-04-05
K02152AIB0,20,CHF,2017-04-05
K10100DTQ0,90,EUR,2017-04-05
K01286JGV0,20,CHF,2024-03-04
K033680000,20,CHF,2024-03-04
K01795CIW0,20,EUR,2024-03-05
K01795CJJ0,20,EUR,2024-03-05
K01795CJL0,20,EUR,2024-03-05
K100610000,20,CHF,2024-03-08
K01795CJN0,20,EUR,2024-03-09
K018620000,20,CHF,2024-02-05
K01795CHV0,20,EUR,2024-02-05
K01795CHW0,20,EUR,2024-02-05
K01795CIG0,20,EUR,2024-02-05
K04611ACY0,20,CHF,2024-02-06
K04611ADA0,20,CHF,2024-02-06
K02151BCD0,20,CHF,2024-02-12
K17719BEZ0,20,CHF,2024-02-12
K04611ADB0,20,CHF,2024-02-13
K01286JED0,20,CHF,2024-02-13
K118600000,20,CHF,2024-02-14
K01286JIE0,20,CHF,2024-04-04
K04230ARV0,20,CHF,2024-04-04
K04230ARW0,20,CHF,2024-04-04
K04230ASC0,20,CHF,2024-04-05
K04230ASH0,20,CHF,2024-04-05
K04230ASI0,20,CHF,2024-04-05
K04611ADP0,20,CHF,2024-04-05
K04611ADS0,20,CHF,2024-04-05
K01795CKC0,20,EUR,2024-04-06
K01795CKK0,20,EUR,2024-04-06
K01795CKU0,20,EUR,2024-04-06
K01795CLP0,20,EUR,2024-04-06
K01795CLX0,20,EUR,2024-04-08
K13600ACA0,20,CHF,2024-04-10
K01286JIL0,20,CHF,2024-04-10
K01286JIM0,20,CHF,2024-04-10
K02151BCR0,20,CHF,2024-03-11
K02151BCV0,20,CHF,2024-03-11
K04611ADM0,20,CHF,2024-03-11
K04605AAH0,20,CHF,2024-03-11
K01286JHG0,20,CHF,2024-03-18
K04605AAL0,20,CHF,2024-03-18
K10100DUB0,90,EUR,2017-04-06
K035960000,20,CHF,2017-04-07
K17719ANR0,20,CHF,2017-04-25
K11285AHY0,20,CHF,2017-04-26
K003910000,90,CHF,2017-04-27
K004000000,20,CHF,2017-04-18
K01286DUI0,20,CHF,2017-05-03
K01286DUJ0,20,CHF,2017-05-03
K001140000,20,CHF,2017-05-03
K10100DVL0,90,EUR,2017-05-04
K10100DVN0,90,EUR,2017-05-04
K10100DUN0,90,EUR,2017-05-05
K10100DUQ0,90,EUR,2017-05-05
K10100DUV0,90,EUR,2017-05-05
K178640000,20,CHF,2017-05-09
K11285AIA0,20,CHF,2017-05-10
K137820000,20,CHF,2017-05-10
K17719ANV0,20,CHF,2017-05-11
K02151ASC0,20,CHF,2017-05-30
K161290000,20,CHF,2017-05-31
K01286DVP0,20,CHF,2017-06-07
K02152AIK0,20,CHF,2017-06-07
K02152AIM0,20,CHF,2017-06-07
K01286DVS0,20,CHF,2017-06-07
K004050000,20,CHF,2017-03-29
K001120000,20,CHF,2017-04-10
K178630000,10,CHF,2017-04-11
K001100000,90,CHF,2017-04-11
K033040000,20,CHF,2017-04-12
K018410000,90,CHF,2017-04-18
K01286DTU0,20,CHF,2017-04-18
K000120000,10,CHF,2017-04-18
K02151ARX0,20,CHF,2017-05-02
K085390000,20,CHF,2017-05-12
K01286DUW0,20,CHF,2017-05-15
K01286DUX0,20,CHF,2017-05-15
K069080000,20,CHF,2017-05-15
K055570000,20,CHF,2017-05-15
K01286DVG0,20,CHF,2017-05-22
K04230ARM0,20,CHF,2024-03-18
K01286JHT0,20,CHF,2024-03-18
K01286JHV0,20,CHF,2024-03-18
K029390000,10,CHF,2024-03-18
K01286JHY0,20,CHF,2024-03-25
K01286JIA0,20,CHF,2024-03-25
K02151BDD0,20,CHF,2024-03-27
K029520000,20,CHF,2024-03-27
K01286JJZ0,20,CHF,2024-04-23
K02151BDR0,20,CHF,2024-04-24
K103370000,20,CHF,2024-04-25
K01286JKF0,20,CHF,2024-04-30
K01286JKG0,20,CHF,2024-04-30
K01286JKJ0,20,CHF,2024-05-02
K077280000,20,CHF,2024-05-02
K17719BFP0,20,CHF,2024-04-15
K01286JJD0,20,CHF,2024-04-15
K111630000,10,CHF,2024-04-18
K031610000,20,CHF,2024-05-21
K17719BGI0,20,CHF,2024-05-21
K021300000,20,EUR,2024-05-21
K01286JLC0,20,CHF,2024-05-22
K04605ABC0,20,CHF,2024-05-23
K17719BGK0,20,CHF,2024-05-28
K01286JLG0,20,CHF,2024-05-28
K04611ADZ0,20,CHF,2024-05-28
K04230ATQ0,20,CHF,2024-06-03
K01795CNS0,20,EUR,2024-06-04
K01795CNT0,20,EUR,2024-06-04
K01795COA0,20,EUR,2024-06-04
K01795COF0,20,EUR,2024-06-04
K01795COT0,20,EUR,2024-06-05
K102860000,20,CHF,2024-06-05
K04230ASU0,20,CHF,2024-05-02
K04230ATC0,20,CHF,2024-05-02
K17719BFX0,20,CHF,2024-05-02
K01795CMJ0,20,EUR,2024-05-03
K01795CMK0,20,EUR,2024-05-03
K01795CMW0,20,EUR,2024-05-03
K01795CMX0,20,EUR,2024-05-03
K155450000,20,CHF,2017-06-19
K02151ASH0,20,CHF,2017-06-21
K01286DVU0,20,CHF,2017-06-07
K17719AKH0,20,CHF,2015-06-30
K02152AIW0,20,CHF,2017-07-04
K000280000,20,CHF,2017-07-05
K080230000,20,CHF,2017-07-05
K07393BDJ0,90,EUR,2017-07-06
K07393BDN0,90,EUR,2017-07-06
K01286DXH0,20,CHF,2017-07-06
K003710000,90,CHF,2017-07-06
K000400000,20,CHF,2017-07-21
K10100DWE0,90,EUR,2017-07-24
K10100DWG0,90,EUR,2017-07-24
K10100DWH0,90,EUR,2017-07-24
K10100DWV0,90,EUR,2017-07-24
K10100DXG0,90,EUR,2017-07-24
K10100DXN0,90,EUR,2017-07-24
K10100DXQ0,90,EUR,2017-07-24
K10100DXS0,90,EUR,2017-07-24
K10100DXT0,90,EUR,2017-07-24
K10100DYB0,90,EUR,2017-07-24
K10100DYY0,90,EUR,2017-07-24
K10100DZC0,90,EUR,2017-07-24
K019290000,20,CHF,2017-07-25
K073850000,20,CHF,2017-07-25
K000420000,90,CHF,2017-07-25
K01286DYZ0,20,CHF,2017-07-25
K01286DZH0,20,CHF,2017-07-25
K01286DZI0,20,CHF,2017-07-25
K01286DXN0,20,CHF,2017-07-06
K01286DXT0,20,CHF,2017-07-06
K01286DYA0,20,CHF,2017-07-06
K01286DYN0,20,CHF,2017-07-10
K01286DYO0,20,CHF,2017-07-10
K000340000,10,CHF,2017-07-12
K000350000,20,CHF,2017-07-13
K000360000,20,CHF,2017-07-14
K10100DZX0,90,EUR,2017-08-04
K01795CMY0,20,EUR,2024-05-03
K01795CNE0,20,EUR,2024-05-03
K01795CNI0,20,EUR,2024-05-03
K11285BGZ0,20,CHF,2024-05-06
K17719BFZ0,20,CHF,2024-05-07
K17719BGC0,20,CHF,2024-05-08
K01286JLK0,20,CHF,2024-06-10
K01286JLM0,20,CHF,2024-06-12
K01286JLO0,20,CHF,2024-06-17
K01286JLS0,20,CHF,2024-06-17
K01286JMI0,20,CHF,2024-06-19
K17719BGQ0,20,CHF,2024-06-19
K952460000,20,CHF,2024-06-20
K935210000,10,CHF,2024-06-20
K01286JND0,20,CHF,2024-06-21
K11285BHC0,20,CHF,2024-06-07
K112320001,20,EUR,2024-06-07
K01448DHF0,90,CHF,2012-05-03
K01448DHG0,90,CHF,2012-05-03
K01448DHH0,90,CHF,2012-05-03
K01448DHU0,90,CHF,2012-05-03
K01448DHX0,90,CHF,2012-05-03
K01448DIA0,90,CHF,2012-05-03
K01448DIB0,90,CHF,2012-05-03
K01448DIE0,90,CHF,2012-05-03
K01448DIH0,90,CHF,2012-06-14
K01448DIM0,90,CHF,2012-07-20
K01448DIQ0,90,CHF,2012-07-20
K01448DJN0,90,CHF,2012-07-20
K01448DJT0,90,CHF,2012-07-23
K01448DJV0,90,CHF,2012-07-23
K01448DJZ0,90,CHF,2012-07-23
K01448DKA0,90,CHF,2012-07-23
K01448DKH0,90,CHF,2012-07-20
K01448DKW0,90,CHF,2012-07-23
K01448DKY0,90,CHF,2012-09-17
K01448DLT0,90,CHF,2012-09-14
K01448DLU0,90,CHF,2012-09-14
K01448DLV0,90,CHF,2012-09-14
K01448DMB0,90,CHF,2012-09-17
K10100DZY0,90,EUR,2017-08-04
K10100EAV0,90,EUR,2017-08-04
K178650000,20,CHF,2017-08-07
K07393BDS0,90,EUR,2017-08-07
K01286EBU0,20,CHF,2017-08-07
K000610000,20,CHF,2017-08-14
K01286ECB0,20,CHF,2017-08-14
K01286DZW0,20,CHF,2017-07-25
K01286DZZ0,20,CHF,2017-07-25
K01286EAM0,20,CHF,2017-07-25
K01286EAV0,20,CHF,2017-07-25
K11285AIJ0,20,CHF,2017-07-28
K01286EBC0,20,CHF,2017-07-31
K01286EBL0,20,CHF,2017-07-31
K01286EBM0,20,CHF,2017-07-31
K01286EBO0,20,CHF,2017-07-31
K000630000,20,CHF,2017-08-17
K01286ECL0,20,CHF,2017-08-17
K01286ECP0,20,CHF,2017-08-29
K01286EDI0,20,CHF,2017-08-29
K01286EDJ0,20,CHF,2017-08-29
K01286EDK0,20,CHF,2017-08-29
K01286EDL0,20,CHF,2017-08-29
K01286EDN0,20,CHF,2017-08-29
K02151ASQ0,20,CHF,2017-09-04
K01286ECI0,20,CHF,2017-08-14
K01286ECK0,20,CHF,2017-08-14
K07393BEA0,90,EUR,2017-09-06
K07393BEE0,90,EUR,2017-09-07
K10100EBD0,90,EUR,2017-09-07
K10100EBG0,90,EUR,2017-09-07
K10100EBO0,90,EUR,2017-09-07
K10100EBR0,90,EUR,2017-09-07
K10100EBS0,90,EUR,2017-09-07
K10100EBW0,90,EUR,2017-09-07
K10100ECA0,90,EUR,2017-09-07
K10100ECH0,90,EUR,2017-09-07
K01286EEV0,20,CHF,2017-09-11
K000850000,20,CHF,2017-09-14
K01448DME0,90,CHF,2012-09-17
K01448DMG0,90,CHF,2012-09-17
K01448DMS0,90,CHF,2012-09-17
K01448DMT0,90,CHF,2012-09-17
K01448DMV0,90,CHF,2012-09-17
K01448DNQ0,90,CHF,2012-10-10
K01448DOJ0,90,CHF,2012-10-10
K01448DOU0,90,CHF,2012-11-13
K01448DPF0,90,CHF,2012-11-13
K01448DPO0,90,CHF,2012-11-13
K01448DPU0,90,CHF,2012-11-13
K01448DPX0,90,CHF,2012-11-13
K01448DRP0,90,CHF,2012-12-06
K01448DRV0,90,CHF,2012-12-06
K01448DSG0,90,CHF,2012-12-06
K01448DSO0,90,CHF,2012-12-17
K01448DSP0,90,CHF,2012-12-17
K01448DSR0,90,CHF,2012-12-17
K01448DSY0,90,CHF,2012-12-17
K01448DTI0,90,CHF,2013-01-03
K01448DTK0,90,CHF,2013-01-03
K01448DTM0,90,CHF,2013-01-04
K01448DTY0,90,CHF,2013-01-04
K01448DVD0,90,CHF,2013-01-18
K01448DVN0,90,CHF,2013-01-18
K01448DVU0,90,CHF,2013-02-25
K01448DVW0,90,CHF,2013-02-25
K01448DWD0,90,CHF,2013-02-25
K01448DWE0,90,CHF,2013-02-25
K01448DWI0,90,CHF,2013-02-25
K01448DWL0,90,CHF,2013-02-25
K01448DWN0,90,CHF,2013-02-25
K01448DWT0,90,CHF,2013-02-25
K01448DXB0,90,CHF,2013-02-25
K01448DXC0,90,CHF,2013-02-25
K01448DXS0,90,CHF,2013-03-25
K01448DYW0,90,CHF,2013-04-18
K01448DZG0,90,CHF,2013-04-18
K01448DZI0,90,CHF,2013-04-18
K01286EFG0,20,CHF,2017-09-18
K01286EFI0,20,CHF,2017-09-18
K01286EFM0,20,CHF,2017-09-18
K000900000,20,CHF,2017-09-19
K11285AIX0,20,CHF,2017-10-02
K11285AIY0,20,CHF,2017-10-02
K01286EGN0,20,CHF,2017-10-03
K01286EEG0,20,CHF,2017-09-04
K01286EEH0,90,CHF,2017-09-04
K04370AKV0,20,CHF,2017-09-05
K07393BEJ0,90,EUR,2017-10-04
K07393BEO0,90,EUR,2017-10-04
K10100ECM0,90,EUR,2017-10-09
K10100ECT0,90,EUR,2017-10-09
K10100EDL0,90,EUR,2017-10-09
K10100EDP0,90,EUR,2017-10-09
K10100EDX0,90,EUR,2017-10-09
K01286EGX0,20,CHF,2017-10-10
K01286EHC0,20,CHF,2017-10-10
K001240000,20,CHF,2017-10-12
K01286EHQ0,20,CHF,2017-10-16
K01286EHT0,20,CHF,2017-10-16
K01286EHU0,20,CHF,2017-10-16
K01286EHZ0,20,CHF,2017-10-16
K001180000,20,CHF,2017-10-17
K056970000,90,CHF,2017-10-18
K01286EIA0,20,CHF,2017-10-20
K001280000,20,CHF,2017-10-20
K061960000,90,CHF,2017-10-20
K00500AEB0,20,CHF,2017-10-23
K00500AEA0,20,CHF,2017-10-23
K01286EIB0,20,CHF,2017-10-23
K01286EIH0,20,CHF,2017-10-23
K001420000,20,CHF,2017-11-08
K02152AJQ0,90,CHF,2017-11-08
K02152AJR0,20,CHF,2017-11-08
K02152AJS0,20,CHF,2017-11-08
K02152AJW0,20,CHF,2017-11-08
K001430000,10,CHF,2017-11-08
K07393BFC0,90,EUR,2017-11-08
K01448EAG0,90,CHF,2013-05-22
K01448EAO0,90,CHF,2013-05-22
K01448EHT0,90,CHF,2013-10-31
K01448EHU0,90,CHF,2013-10-31
K01448EHV0,90,CHF,2013-10-31
K01448EHZ0,90,CHF,2013-10-25
K01448EIA0,90,CHF,2013-10-31
K01448EIH0,90,CHF,2013-10-31
K01448EII0,90,CHF,2013-11-04
K01448EJK0,90,CHF,2013-11-27
K01448EJM0,90,CHF,2013-11-27
K01448EJQ0,90,CHF,2013-12-06
K01448EKB0,90,CHF,2013-12-20
K01448EKR0,90,CHF,2013-12-20
K01448EKY0,90,CHF,2013-12-20
K01448ELF0,90,CHF,2014-01-29
K01448ELN0,90,CHF,2014-01-29
K01448EMH0,90,CHF,2014-02-21
K01448EMI0,90,CHF,2014-02-21
K01448EMK0,90,CHF,2014-02-21
K01448EML0,90,CHF,2014-02-21
K01448EMN0,90,CHF,2014-02-21
K01448ENF0,90,CHF,2014-03-25
K01448ENL0,90,CHF,2014-03-25
K01448ENN0,90,CHF,2014-03-25
K01448ENQ0,90,CHF,2014-03-25
K01448ENR0,90,CHF,2014-03-25
K01448ENX0,90,CHF,2014-03-25
K01448ENY0,90,CHF,2014-03-25
K01448EOM0,90,CHF,2014-03-25
K01448EON0,90,CHF,2014-03-26
K01448EOQ0,90,CHF,2014-04-02
K01448EOW0,90,CHF,2014-04-02
K01448EPY0,90,CHF,2014-05-20
K01448EQU0,90,CHF,2014-06-16
K01448EQW0,90,CHF,2014-06-18
K01448EQY0,90,CHF,2014-06-19
K01448ERA0,90,CHF,2014-06-19
K01448ERS0,90,CHF,2014-06-30
K01286EKP0,20,CHF,2017-11-13
K01286EKR0,20,CHF,2017-11-13
K01286EKZ0,20,CHF,2017-11-13
K01286ELA0,20,CHF,2017-11-13
K01286ELB0,20,CHF,2017-11-13
K07393APV0,90,EUR,2015-11-04
K10100CQM0,90,EUR,2014-07-17
K10100CQX0,90,EUR,2014-07-17
K10100CRT0,90,EUR,2014-08-05
K10100CSE0,90,EUR,2014-08-05
K10100CSK0,90,EUR,2014-09-15
K10100CTI0,90,EUR,2014-09-15
K10100CTL0,90,EUR,2014-09-15
K10100CTM0,90,EUR,2014-09-15
K10100CUT0,90,EUR,2014-10-09
K10100CUW0,90,EUR,2014-10-09
K10100CUZ0,90,EUR,2014-10-09
K10100CWK0,90,EUR,2014-11-13
K10100CXJ0,90,EUR,2014-12-01
K10100CXX0,90,EUR,2014-12-01
K10100CYD0,90,EUR,2014-12-01
K10100CZB0,90,EUR,2015-01-15
K10100CZN0,90,EUR,2015-01-16
K10100CZW0,90,EUR,2015-01-16
K10100DAI0,90,EUR,2015-02-20
K10100DAW0,90,EUR,2015-02-23
K10100DBA0,90,EUR,2015-02-23
K10100DDE0,90,EUR,2015-03-13
K10100DEJ0,90,EUR,2015-04-08
K10100DEW0,90,EUR,2015-05-15
K10100DFA0,90,EUR,2015-05-15
K10100DFI0,90,EUR,2015-05-15
K10100DFW0,90,EUR,2015-05-13
K10100DGR0,90,EUR,2015-06-22
K10100DHY0,90,EUR,2015-06-22
K10100DIT0,90,EUR,2015-07-08
K10100DJD0,90,EUR,2015-07-08
K10100DJG0,90,EUR,2015-07-08
K10100DJH0,90,EUR,2015-07-08
K10100DLG0,90,EUR,2015-08-04
K01448ERW0,90,CHF,2014-06-30
K01448ERY0,20,CHF,2014-07-14
K01448ESO0,90,CHF,2014-07-28
K01448ETE0,90,CHF,2014-09-08
K01448ETF0,90,CHF,2014-09-08
K01448ETL0,90,CHF,2014-09-09
K01448ETX0,90,CHF,2014-09-16
K01448EUC0,90,CHF,2014-09-16
K01448EUF0,90,CHF,2014-09-16
K01448EUN0,90,CHF,2014-09-19
K01448EVA0,90,CHF,2014-09-29
K01448EVD0,90,CHF,2014-09-30
K01448EVW0,90,CHF,2014-10-22
K01448EWI0,90,CHF,2014-10-23
K01448EXA0,90,CHF,2014-11-13
K01448EXB0,90,CHF,2014-11-13
K01448EXP0,90,CHF,2014-12-02
K01448EXQ0,90,CHF,2014-12-02
K01448EXR0,90,CHF,2014-12-02
K01448EYG0,90,CHF,2014-12-16
K01448EYQ0,90,CHF,2014-12-22
K01448EYR0,90,CHF,2015-01-05
K01448FAV0,90,CHF,2015-03-17
K01448FBC0,90,CHF,2015-03-31
K01448FBI0,90,CHF,2015-04-16
K01448FBN0,90,CHF,2015-05-26
K01448FBS0,90,CHF,2015-05-26
K01448FBT0,90,CHF,2015-05-26
K01448FBX0,90,CHF,2015-05-27
K01448FCL0,90,CHF,2015-06-19
K01448FCU0,90,CHF,2015-07-08
K01448FCV0,90,CHF,2015-07-08
K01448FDJ0,90,CHF,2015-07-29
K01448FDS0,90,CHF,2015-08-04
K01448FDX0,90,CHF,2015-08-04
K01448FEC0,90,CHF,2015-08-31
K01448FEE0,90,CHF,2015-09-03
K01448FER0,90,CHF,2015-09-22
K01448FET0,90,CHF,2015-09-22
K01448FFL0,90,CHF,2015-11-19
K01448FFZ0,90,CHF,2016-02-24
K01448FGA0,90,CHF,2016-02-24
K014490000,90,CHF,2009-02-25
K014550001,20,CHF,2012-12-06
K014560000,90,CHF,2013-09-16
K014580000,20,CHF,2006-07-24
K014590000,90,CHF,2006-07-24
K014860000,90,CHF,2007-06-18
K014990000,20,CHF,2006-07-24
K015030000,90,CHF,2010-08-30
K015150000,20,CHF,2006-08-16
K01526AAK0,90,CHF,2010-07-12
K01526AAL0,90,CHF,2010-07-12
K01448EAQ0,90,CHF,2013-06-07
K01448EAV0,90,CHF,2013-06-07
K01448EBD0,90,CHF,2013-06-07
K01448EBS0,90,CHF,2013-07-15
K01448ECM0,90,CHF,2013-07-15
K01530AIW0,90,CHF,2011-09-15
K01530AJG0,90,CHF,2011-09-15
K01530AJL0,90,CHF,2011-09-15
K01530AJO0,90,CHF,2011-09-15
K01530AKO0,90,CHF,2011-09-15
K01530ALJ0,90,CHF,2011-09-15
K01530ALW0,90,CHF,2011-09-15
K01530AMK0,90,CHF,2011-09-15
K01530AML0,90,CHF,2011-09-15
K01530AMN0,90,CHF,2011-09-15
K01530AMP0,90,CHF,2011-09-15
K01530AMS0,90,CHF,2011-09-15
K01530AMU0,90,CHF,2011-09-15
K01530ANB0,90,CHF,2011-09-15
K01530AOJ0,90,CHF,2011-12-12
K01530AOR0,90,CHF,2012-11-30
K01530AOV0,90,CHF,2012-11-30
K01530APC0,90,CHF,2012-11-30
K01530APN0,90,CHF,2014-01-28
K01530APO0,90,CHF,2014-02-03
K10100DLN0,90,EUR,2015-09-10
K10100DON0,90,EUR,2015-10-06
K10100DOO0,90,EUR,2015-10-06
K10100DOP0,90,EUR,2015-10-06
K10100DOR0,90,EUR,2015-10-06
K101210000,90,CHF,2007-08-14
K101980000,20,CHF,2006-07-24
K101990000,20,CHF,2006-07-24
K102170000,20,CHF,2006-07-24
K102180000,10,CHF,2006-10-30
K102350000,90,CHF,2006-07-24
K102580000,20,CHF,2006-07-24
K102680000,20,CHF,2006-11-10
K102930000,20,CHF,2006-07-24
K102960000,90,CHF,2006-07-24
K102970000,20,CHF,2008-02-26
K103010000,20,CHF,2015-11-18
K103100000,10,CHF,2006-07-24
K103250000,90,CHF,2006-12-20
K103280000,90,CHF,2008-07-04
K103310000,90,CHF,2006-07-24
K103330000,20,CHF,2010-04-08
K103490000,20,CHF,2006-07-24
K103840000,90,CHF,2006-09-14
K104140000,90,CHF,2006-09-15
K104300000,90,CHF,2006-07-24
K104790000,20,CHF,2006-07-24
K104810000,90,CHF,2008-03-20
K104890000,90,CHF,2006-07-24
K108420000,20,CHF,2006-07-24
K108430000,20,CHF,2006-07-24
K108610000,10,CHF,2007-05-23
K108830000,20,CHF,2006-09-01
K109040000,20,CHF,2015-06-19
K109090000,20,CHF,2006-07-24
K109130000,10,CHF,2006-07-24
K109460000,90,CHF,2006-07-24
K109540000,90,CHF,2011-02-28
K109580001,20,CHF,2013-11-13
K01530APP0,90,CHF,2014-02-03
K01530APS0,90,CHF,2014-03-24
K01530ARK0,90,CHF,2015-06-16
K01530ARX0,90,CHF,2015-10-06
K01530ASF0,90,CHF,2016-01-08
K01530XXXX,90,CHF,2011-09-06
K015370000,20,CHF,2009-10-20
K015480000,90,CHF,2011-12-21
K015520000,20,CHF,2006-07-24
K015600000,20,CHF,2006-07-24
K015750000,20,CHF,2015-04-08
K015860000,90,CHF,2014-02-28
K016000000,20,CHF,2008-02-21
K016140000,20,CHF,2012-11-02
K01627AAA0,90,CHF,2009-06-18
K016380000,90,CHF,2008-12-22
K016570000,90,CHF,2007-02-16
K016680000,20,CHF,2015-08-12
K016690000,20,CHF,2015-08-20
K016720000,90,CHF,2015-09-08
K016770000,20,CHF,2006-07-24
K016810000,20,CHF,2011-08-31
K016840000,10,CHF,2006-07-24
K016870000,20,CHF,2009-05-07
K016940000,10,CHF,2015-12-07
K017130000,90,CHF,2014-09-29
K01526ABN0,90,CHF,2010-07-12
K01526ABO0,90,CHF,2010-07-12
K01526ABY0,90,CHF,2010-07-12
K01526ACO0,90,CHF,2010-07-12
K01526ADM0,90,CHF,2010-07-12
K01526ADP0,90,CHF,2010-07-12
K01526ADQ0,90,CHF,2010-07-12
K01526ADU0,90,CHF,2010-07-12
K01526ADX0,90,CHF,2010-07-12
K01526ADZ0,90,CHF,2010-07-12
K01526AEB0,90,CHF,2010-07-12
K01526AEG0,90,CHF,2010-07-12
K01526AEH0,90,CHF,2010-07-12
K109600000,20,CHF,2013-12-04
K109660000,90,CHF,2014-11-17
K109710008,90,CHF,2009-03-03
K109710018,90,CHF,2010-10-12
K109710022,90,CHF,2011-05-13
K10971AAAA,90,CHF,2008-04-22
K109740000,20,CHF,2016-02-05
K110070000,20,EUR,2006-07-25
K110130000,20,EUR,2008-10-16
K110230000,20,CHF,2006-07-24
K110380000,90,CHF,2007-07-31
K110750000,20,CHF,2013-01-10
K110810000,20,CHF,2014-04-29
K110970000,90,CHF,2006-07-24
K111030000,10,CHF,2006-07-24
K111060000,20,CHF,2008-01-21
K111070000,90,CHF,2006-07-24
K111450000,20,CHF,2012-06-19
K111460000,20,CHF,2014-10-20
K111480000,90,CHF,2006-07-24
K111870000,90,CHF,2011-08-25
K111950000,20,CHF,2011-02-24
K112110000,20,CHF,2007-03-29
K112280000,90,CHF,2006-07-24
K112330000,20,CHF,2006-07-24
K112390000,20,CHF,2008-03-25
K112400000,90,CHF,2009-08-25
K169930000,20,CHF,2009-02-09
K170010000,90,CHF,2007-09-20
K170020000,90,CHF,2007-09-21
K170160000,90,CHF,2007-11-16
K170200000,20,CHF,2007-11-23
K170250000,20,CHF,2007-12-11
K170440000,20,CHF,2008-02-15
K170510000,20,CHF,2008-03-06
K170560000,90,CHF,2008-03-26
K170660000,20,CHF,2008-04-16
K170740000,10,CHF,2009-04-20
K170860000,10,CHF,2012-03-23
K01526AFB0,90,CHF,2010-07-12
K01526AFC0,90,CHF,2010-07-12
K01526AFE0,90,CHF,2010-07-12
K01526AFF0,90,CHF,2010-07-12
K01526AFL0,90,CHF,2010-07-12
K01526AFP0,90,CHF,2010-07-12
K01526AFQ0,90,CHF,2010-07-12
K01526AGT0,90,CHF,2010-07-12
K01526AGY0,90,CHF,2010-07-12
K01526AGZ0,90,CHF,2010-07-12
K01526AHD0,90,CHF,2010-07-12
K01526AHE0,90,CHF,2010-07-12
K01526AHK0,90,CHF,2010-08-06
K01530AAI0,90,CHF,2011-09-15
K01530AAO0,90,CHF,2011-09-15
K01530AAT0,90,CHF,2011-09-15
K01530ABL0,90,CHF,2011-09-15
K01530ABR0,90,CHF,2011-09-15
K01530ABT0,90,CHF,2011-09-15
K01530ACA0,90,CHF,2011-09-15
K01530ACD0,90,CHF,2011-09-15
K01530ACH0,90,CHF,2011-09-15
K01530ACI0,90,CHF,2011-09-15
K01530ACO0,90,CHF,2011-09-15
K01530ACP0,90,CHF,2011-09-15
K01530ADS0,90,CHF,2011-09-15
K01530ADT0,90,CHF,2011-09-15
K01530ADW0,90,CHF,2011-09-15
K01530AEB0,90,CHF,2011-09-15
K01530AEH0,90,CHF,2011-09-15
K01530AEI0,90,CHF,2011-09-15
K01530AEP0,90,CHF,2011-09-15
K01530AER0,90,CHF,2011-09-15
K01530AEZ0,90,CHF,2011-09-15
K01530AFL0,90,CHF,2011-09-15
K01530AFM0,90,CHF,2011-09-15
K01530AGJ0,90,CHF,2011-09-15
K01530AGN0,90,CHF,2011-09-15
K01530AGZ0,90,CHF,2011-09-15
K170930000,10,CHF,2012-04-27
K149940000,90,CHF,2006-07-24
K149970000,90,CHF,2006-07-24
K150090000,90,CHF,2008-12-01
K150920000,90,CHF,2006-09-21
K151240000,90,CHF,2006-07-24
K151260000,90,CHF,2006-07-24
K151300000,20,CHF,2006-07-24
K151500000,90,CHF,2006-07-24
K151560006,20,CHF,2007-04-30
K151560021,20,CHF,2007-12-19
K151560024,20,CHF,2008-01-09
K151560044,90,CHF,2008-01-10
K151560046,90,CHF,2008-01-10
K151560049,20,CHF,2008-01-10
K151560052,90,CHF,2008-01-10
K151560072,90,CHF,2009-02-10
K151560084,20,CHF,2011-02-09
K151560090,20,CHF,2011-12-06
K151560100,20,CHF,2014-08-29
K151670000,20,CHF,2006-07-24
K151810000,20,CHF,2006-07-24
K151830000,20,CHF,2006-07-24
K152210000,90,CHF,2006-07-24
K152320000,90,CHF,2006-07-24
K152340000,90,CHF,2006-07-24
K152360000,20,CHF,2006-07-24
K152420000,90,CHF,2006-07-24
K152430000,20,CHF,2006-12-15
K152470000,90,CHF,2007-01-12
K152520000,90,CHF,2006-07-24
K152580000,20,CHF,2007-12-12
K152660000,90,CHF,2006-07-24
K152670000,90,CHF,2006-07-24
K152860000,90,CHF,2007-05-07
K152870000,90,CHF,2006-07-24
K152880000,10,CHF,2006-07-24
K152910000,90,CHF,2006-07-24
K152950000,10,CHF,2006-12-20
K153110000,20,CHF,2008-06-11
K01530AHH0,90,CHF,2011-09-15
K01530AHK0,90,CHF,2011-09-15
K01530AHT0,90,CHF,2011-09-15
K01530AHX0,90,CHF,2011-09-15
K01530AIA0,90,CHF,2011-09-15
K01530AII0,90,CHF,2011-09-15
K01803ZZZZ,90,CHF,2006-07-29
K018040000,90,CHF,2007-03-19
K018070000,20,CHF,2008-12-11
K018080000,20,CHF,2009-06-04
K017360000,90,CHF,2006-07-24
K017390000,20,CHF,2013-04-02
K017450000,90,CHF,2006-07-24
K017560000,20,CHF,2016-03-10
K10100DLE0,90,EUR,2015-08-04
K10100DLP0,90,EUR,2015-09-10
K10100DLR0,90,EUR,2015-09-10
K10100DNW0,90,EUR,2015-10-06
K10100DOA0,90,EUR,2015-10-06
K10100DOF0,90,EUR,2015-10-06
K101260000,90,CHF,2006-07-24
K101560000,20,CHF,2007-05-08
K101710000,20,CHF,2006-07-24
K006310000,20,CHF,2009-06-12
K006330000,90,CHF,2009-06-12
K006430000,10,CHF,2009-06-12
K006600000,90,CHF,2009-06-12
K006770000,20,CHF,2009-06-12
K006800000,20,CHF,2009-06-12
K006820000,90,CHF,2009-06-12
K006870000,90,CHF,2009-06-12
K006910000,20,CHF,2009-06-12
K006930000,90,EUR,2009-06-12
K006990000,20,CHF,2009-06-12
K007060000,20,CHF,2009-06-12
K007300000,90,CHF,2009-06-12
K007310000,10,CHF,2009-06-12
K007350000,20,CHF,2009-06-12
K007380000,20,CHF,2009-06-12
K007430000,90,CHF,2009-06-12
K007530000,20,CHF,2009-06-12
K007670000,90,CHF,2009-06-12
K007680000,90,CHF,2009-06-12
K007720000,20,CHF,2009-06-12
K007780000,20,CHF,2009-06-12
K007840000,20,CHF,2009-06-12
K007870000,20,CHF,2009-06-12
K007910000,20,CHF,2009-06-12
K000030000,10,CHF,2011-11-21
K000040000,10,CHF,2012-04-04
K000530000,90,CHF,2011-06-09
K001220000,90,CHF,2006-07-24
K004820000,90,CHF,2009-12-14
K006100000,20,CHF,2009-06-12
K006130000,20,CHF,2009-06-12
K012520000,90,CHF,2006-07-24
K012700000,90,CHF,2007-06-01
K012750001,90,EUR,2012-03-08
K012860000,20,CHF,2006-07-24
K01286AAI0,20,CHF,2010-02-15
K01286AAJ0,20,CHF,2010-02-18
K01286AAK0,20,CHF,2010-02-19
K01286AAV0,20,CHF,2010-04-26
K01286ABF0,90,CHF,2010-04-26
K01286ABH0,20,CHF,2010-04-26
K01286ABI0,90,CHF,2010-04-26
K01286ABJ0,20,CHF,2010-04-26
K01286ACA0,20,CHF,2010-04-26
K01286ACD0,90,CHF,2010-04-26
K01286ACI0,20,CHF,2010-04-26
K01286ACZ0,90,CHF,2010-04-26
K01286ADK0,20,CHF,2010-07-19
K01286AEA0,90,CHF,2011-07-05
K01286AED0,20,CHF,2011-11-10
K01286AEI0,20,CHF,2012-07-30
K01286AEJ0,20,CHF,2012-07-30
K01286AEO0,20,CHF,2012-07-30
K01286AEP0,20,CHF,2012-07-30
K153110001,90,CHF,2009-04-03
K153270000,90,CHF,2006-07-24
K153350000,90,CHF,2006-07-24
K153590000,90,CHF,2007-06-04
K153610000,20,CHF,2006-07-24
K153680000,20,CHF,2009-04-23
K153730000,90,CHF,2006-07-24
K153790000,20,CHF,2009-11-24
K153810000,90,CHF,2006-07-24
K153910000,90,CHF,2006-07-24
K153980000,90,CHF,2006-07-24
K154020000,10,CHF,2006-07-24
K154100000,10,CHF,2006-07-24
K154111000,90,CHF,2012-04-19
K154340000,90,CHF,2011-01-25
K154360000,20,EUR,2011-02-21
K154390000,20,CHF,2006-07-24
K154450000,20,CHF,2006-07-24
K154540000,20,CHF,2006-07-24
K154730000,90,CHF,2006-08-01
K154750000,20,CHF,2006-08-01
K154790000,90,CHF,2006-08-04
K154810000,20,CHF,2006-08-10
K154940000,20,CHF,2010-06-15
K154980000,90,CHF,2010-02-11
K155060000,20,CHF,2011-10-24
K155070000,20,CHF,2011-11-14
K155120000,20,CHF,2012-06-08
K155180000,20,CHF,2012-03-23
K155210000,20,CHF,2013-03-19
K155340000,20,CHF,2015-06-17
K155350000,20,CHF,2015-07-29
K156000000,20,CHF,2011-11-02
K160030000,10,CHF,2011-09-21
K160110000,10,CHF,2015-12-15
K160130000,20,CHF,2015-12-16
K160180000,20,CHF,2016-02-15
K166800000,90,CHF,2006-08-06
K166820000,90,CHF,2006-08-07
K01286AFD0,20,CHF,2012-07-30
K01286AFK0,20,CHF,2012-07-31
K01286AFL0,20,CHF,2012-08-07
K01286AGN0,20,CHF,2012-08-07
K01286AGS0,20,CHF,2012-08-07
K01286AGT0,20,CHF,2012-08-07
K01286AGU0,20,CHF,2012-08-07
K01286AGY0,20,CHF,2012-08-07
K01286AHD0,20,CHF,2012-08-07
K007960000,10,CHF,2009-06-12
K008070000,20,CHF,2009-06-12
K008100000,20,CHF,2009-06-12
K008200000,20,CHF,2009-06-12
K008230000,20,CHF,2009-06-12
K008340000,20,CHF,2009-06-12
K008490000,20,CHF,2009-06-12
K008530000,20,CHF,2009-06-12
K008640000,20,CHF,2009-06-12
K008710000,20,CHF,2009-06-12
K008820000,90,CHF,2009-06-12
K008910000,20,CHF,2009-06-12
K008930000,20,CHF,2009-06-12
K008980000,20,CHF,2009-06-12
K009010000,20,CHF,2009-06-12
K009020000,10,CHF,2009-06-12
K009030000,20,CHF,2009-06-12
K009080000,20,CHF,2009-06-12
K009130000,20,CHF,2009-06-12
K009160000,20,CHF,2009-06-12
K009270000,20,CHF,2009-06-12
K009310000,20,CHF,2009-06-12
K009340000,20,CHF,2009-06-12
K01286AIL0,90,CHF,2012-08-24
K01286AIM0,20,CHF,2012-08-27
K01286AIT0,20,CHF,2012-08-27
K01286AIW0,20,CHF,2012-08-27
K01286AIX0,20,CHF,2012-08-27
K01286AIY0,20,CHF,2012-08-27
K01286AIZ0,90,CHF,2012-08-27
K170990000,20,CHF,2012-07-26
K171120000,20,CHF,2008-04-23
K171150000,90,CHF,2008-04-23
K171460000,20,CHF,2012-03-16
K171620000,10,CHF,2013-09-02
K171750000,20,CHF,2014-02-12
K171820000,20,CHF,2008-04-23
K171830000,20,CHF,2008-04-23
K171840000,20,CHF,2014-03-14
K171860000,20,CHF,2015-02-24
K172100000,90,CHF,2008-04-23
K172190000,90,CHF,2008-04-23
K172270000,90,CHF,2008-04-23
K172290000,10,CHF,2008-04-23
K172460000,90,CHF,2008-04-23
K172480000,20,CHF,2008-04-23
K172490000,10,CHF,2008-04-23
K172600000,20,CHF,2008-04-23
K172620000,10,CHF,2008-04-23
K172800000,10,CHF,2014-02-12
K172860000,20,CHF,2008-04-23
K172890000,20,CHF,2008-04-23
K172930000,90,CHF,2008-04-23
K172960000,10,CHF,2008-04-23
K173120000,90,CHF,2008-04-23
K173140000,20,CHF,2008-04-23
K173420000,90,CHF,2008-04-23
K173650000,20,CHF,2008-04-23
K173660000,20,CHF,2008-04-23
K173990000,20,CHF,2015-04-16
K174110000,10,CHF,2008-04-23
K174130000,20,CHF,2008-04-23
K174180000,10,CHF,2008-04-23
K174220000,20,CHF,2008-04-23
K174260000,20,CHF,2008-04-23
K174280000,10,CHF,2008-04-23
K174290000,20,CHF,2008-04-23
K174320000,20,CHF,2008-04-23
K174410000,20,CHF,2008-04-23
K01286AJF0,20,CHF,2012-08-27
K01286AJO0,20,CHF,2012-08-27
K01286AJY0,20,CHF,2012-08-27
K01286AKG0,20,CHF,2012-08-27
K01286AKH0,90,CHF,2012-08-27
K01286ALB0,90,CHF,2012-08-27
K01286ALD0,20,CHF,2012-08-27
K01286AMC0,20,CHF,2012-08-27
K01286AMI0,90,CHF,2012-08-27
K01286AMM0,20,CHF,2012-08-27
K01286AMO0,20,CHF,2012-08-27
K01286ANQ0,90,CHF,2012-08-27
K009470000,90,CHF,2009-06-12
K009550000,90,CHF,2009-06-12
K009680000,20,CHF,2010-02-10
K009710000,20,CHF,2010-03-10
K009870000,10,CHF,2010-12-01
K009930000,10,CHF,2011-06-17
K009950000,10,CHF,2011-08-29
K010020001,90,CHF,2011-11-11
K010110000,90,CHF,2010-02-09
K010220000,10,CHF,2012-01-09
K010240000,10,CHF,2012-01-25
K010400000,90,CHF,2006-07-24
K010530000,20,CHF,2006-07-24
K010710000,90,CHF,2010-01-25
K010790000,10,EUR,2006-07-24
K010800000,20,CHF,2006-07-24
K010880000,20,CHF,2006-07-24
K010930000,20,CHF,2010-03-24
K010950000,90,CHF,2011-03-15
K01286ANW0,20,CHF,2012-08-27
K01286ANZ0,20,CHF,2012-08-27
K01286AOJ0,20,CHF,2012-08-27
K01286APC0,20,CHF,2012-08-27
K01286APP0,90,CHF,2012-08-27
K01286APQ0,90,CHF,2012-08-27
K01286AQK0,20,CHF,2012-10-08
K01286ARD0,20,CHF,2012-10-08
K01286ARE0,20,CHF,2012-10-08
K166910000,20,CHF,2015-02-11
K166930000,20,CHF,2015-09-28
K167970000,20,CHF,2006-10-09
K168000001,90,CHF,2011-03-15
K168050000,20,CHF,2006-11-09
K168170000,20,CHF,2006-11-27
K168310000,20,CHF,2007-01-05
K168360000,90,CHF,2007-01-15
K16845AAC0,90,CHF,2009-09-03
K168480000,90,CHF,2007-02-08
K168750000,10,CHF,2007-05-08
K168770000,90,CHF,2007-05-16
K175320001,20,EUR,2009-02-18
K175340000,90,CHF,2009-02-24
K175380000,90,CHF,2009-03-30
K175450000,10,CHF,2009-04-15
K175520000,10,CHF,2009-04-29
K175540000,20,CHF,2009-05-05
K175600000,20,CHF,2009-05-12
K17561AAB0,90,CHF,2009-11-09
K175620000,20,CHF,2009-05-19
K175700000,20,CHF,2009-07-14
K175730000,20,CHF,2009-07-24
K175750000,20,CHF,2009-07-30
K175770000,20,CHF,2009-08-18
K175790000,20,CHF,2009-08-20
K17580AAE0,20,CHF,2010-08-09
K175840000,20,CHF,2009-09-11
K175910000,20,CHF,2009-10-12
K175950000,20,CHF,2009-10-16
K176010000,20,CHF,2009-11-26
K176030000,90,CHF,2009-11-26
K176090000,20,CHF,2010-01-05
K176100000,90,CHF,2010-02-01
K176140000,20,CHF,2010-02-10
K176190000,10,CHF,2010-02-26
K176320000,90,CHF,2010-05-06
K176350000,10,CHF,2010-05-10
K176390000,90,CHF,2010-06-09
K01286ARG0,20,CHF,2012-10-08
K01286ARH0,20,CHF,2012-10-08
K01286ASA0,20,CHF,2012-10-08
K01286ASL0,20,CHF,2012-10-08
K01286ASS0,20,CHF,2012-10-08
K01286ASU0,20,CHF,2012-10-08
K01286ATT0,20,CHF,2012-10-08
K01286ATU0,20,CHF,2012-10-08
K01286ATV0,20,CHF,2012-10-08
K011030000,20,CHF,2006-07-24
K011050000,20,CHF,2007-09-19
K011110003,90,CHF,2006-07-27
K011110014,90,CHF,2006-07-27
K011110017,90,CHF,2008-08-27
K01111KA05,20,CHF,2013-01-07
K01111KB04,20,CHF,2013-01-07
K01111KB08,20,CHF,2013-01-07
K01111KC04,20,CHF,2013-01-07
K01111KD00,20,CHF,2013-01-07
K01111KI03,20,CHF,2013-01-07
K01111KN04,20,CHF,2013-01-07
K01111KN05,20,CHF,2013-01-07
K011270000,90,CHF,2012-10-01
K011300000,90,EUR,2011-09-29
K011510000,20,CHF,2006-07-24
K011590000,20,CHF,2006-07-24
K011630000,20,CHF,2007-02-21
K011680000,20,CHF,2010-04-09
K011860000,10,CHF,2010-04-26
K011900000,90,CHF,2009-08-10
K01286AUG0,90,CHF,2012-10-08
K01286AUO0,20,CHF,2012-10-08
K01286AVD0,20,CHF,2012-10-08
K01286AVX0,20,CHF,2012-10-08
K01286AWI0,20,CHF,2012-10-08
K01286AWZ0,20,CHF,2012-10-08
K01286AXN0,90,CHF,2012-10-08
K01286AXO0,20,CHF,2012-10-08
K01286AXW0,20,CHF,2012-10-08
K01286AXY0,20,CHF,2012-10-08
K176490000,20,CHF,2010-07-20
K176500000,20,CHF,2010-07-23
K176560000,20,CHF,2010-08-16
K176630000,20,CHF,2010-10-07
K176640000,20,CHF,2010-10-07
K176750000,10,CHF,2010-11-18
K176790000,20,CHF,2010-11-25
K176880000,20,CHF,2011-01-20
K176960000,10,CHF,2011-03-01
K177120000,90,CHF,2011-06-16
K17719AAA0,20,CHF,2011-08-17
K17719AAI0,20,CHF,2011-09-23
K17719AAJ0,20,CHF,2011-09-28
K17719AAQ0,20,CHF,2011-08-29
K17719AAR0,20,CHF,2011-10-11
K17719ABL0,20,CHF,2011-11-21
K17719ACJ0,20,CHF,2012-03-12
K17719ACK0,20,CHF,2012-03-19
K17719ACP0,20,CHF,2012-03-30
K17719ACU0,20,CHF,2012-04-17
K17719ADC0,20,CHF,2012-06-20
K17719ADD0,20,CHF,2012-06-21
K17719ADL0,90,CHF,2012-08-29
K17719ADN0,20,CHF,2012-09-04
K17719ADT0,20,CHF,2012-11-22
K17719AEA0,20,CHF,2013-02-18
K17719AFH0,20,CHF,2013-01-09
K17719AFN0,20,CHF,2012-01-27
K17719AFT0,20,CHF,2012-09-04
K17719AFZ0,20,CHF,2012-11-20
K17719AGAB,90,CHF,2013-05-14
K17719AGG0,90,CHF,2013-08-22
K17719AGH0,20,CHF,2013-09-18
K17719AGK0,20,CHF,2013-10-18
K17719AGX0,20,CHF,2014-01-09
K17719AHC0,90,CHF,2014-02-11
K17719AHD0,20,CHF,2014-02-11
K17719AHE0,20,CHF,2014-02-12
K17719AHH0,20,CHF,2014-03-04
K01286AYI0,20,CHF,2012-10-08
K01286AYK0,90,CHF,2012-10-08
K01286AYO0,20,CHF,2012-10-08
K01286AZB0,90,CHF,2012-10-08
K01286AZC0,20,CHF,2012-10-08
K01286AZE0,20,CHF,2012-10-08
K01286AZX0,20,CHF,2012-10-08
K01286BAB0,20,CHF,2012-10-08
K01286BAE0,20,CHF,2012-10-08
K01286BAK0,20,CHF,2012-10-08
K012000000,90,CHF,2012-11-27
K012020001,90,CHF,2006-07-27
K012030000,20,CHF,2012-08-27
K012200000,90,CHF,2006-07-24
K01234AAE0,90,CHF,2010-01-08
K01234AAF0,20,CHF,2010-01-08
K01234XXXX,20,CHF,2012-06-15
K012360000,10,CHF,2014-02-06
K012460000,10,CHF,2014-02-06
K01286BUI0,20,CHF,2013-10-23
K01286BUJ0,90,CHF,2013-10-23
K01286BUV0,20,CHF,2013-10-28
K01286BVB0,90,CHF,2013-10-28
K01286BVM0,20,CHF,2013-10-31
K01286BWN0,20,CHF,2013-11-27
K01286BWX0,20,CHF,2013-12-03
K01286BXJ0,90,CHF,2013-12-09
K01286BXP0,20,CHF,2013-12-16
K01286BYA0,20,CHF,2013-12-23
K01286BYF0,20,CHF,2013-12-23
K01286BYU0,20,CHF,2014-01-20
K01286BYZ0,20,CHF,2014-01-20
K01286BZC0,20,CHF,2014-01-22
K01286BZE0,20,CHF,2014-01-29
K01286BZK0,20,CHF,2014-02-03
K01286BZR0,20,CHF,2014-02-03
K01286BZT0,20,CHF,2014-02-05
K01286BZZ0,90,CHF,2014-02-17
K01286CAE0,20,CHF,2014-02-18
K17719AHL0,90,CHF,2014-03-10
K17719AHM0,20,CHF,2014-03-12
K17719AHW0,20,CHF,2014-06-12
K17719AII0,20,CHF,2014-09-19
K17719AIS0,20,CHF,2014-11-24
K17719AJG0,20,CHF,2015-02-19
K17719AJN0,20,CHF,2015-04-07
K17719AJO0,20,CHF,2015-04-09
K17719AKB0,20,CHF,2015-05-12
K17719AKC0,20,CHF,2015-06-04
K17719AKP0,90,CHF,2015-08-19
K17719AKT0,20,CHF,2015-10-01
K17719AKY0,20,CHF,2015-10-26
K17719ALD0,20,CHF,2015-12-15
K17719ALG0,20,CHF,2016-01-04
K17719ALJ0,20,CHF,2016-01-06
K17719ALM0,20,CHF,2016-02-03
K17719ALP0,90,CHF,2016-02-22
K17719ALV0,20,CHF,2016-03-18
K177280000,10,CHF,2011-09-28
K177360000,90,CHF,2011-11-14
K177570000,90,CHF,2012-05-31
K177580000,20,CHF,2012-06-27
K177700000,10,CHF,2012-10-25
K177770000,10,CHF,2013-01-31
K177840000,20,CHF,2013-05-27
K177930000,20,CHF,2014-02-11
K177980000,20,CHF,2014-02-12
K178000000,10,CHF,2014-02-12
K178070000,90,CHF,2014-02-12
K178140000,10,CHF,2014-06-17
K178170000,20,CHF,2014-06-27
K178210000,20,CHF,2014-09-09
K174470000,20,CHF,2008-04-23
K174540000,20,CHF,2008-04-23
K174730000,90,CHF,2008-04-23
K174790000,20,CHF,2008-06-10
K174860000,20,CHF,2008-07-01
K174930000,10,CHF,2008-07-11
K01286CAH0,90,CHF,2014-02-18
K01286CAO0,20,CHF,2014-02-24
K01286CAT0,90,CHF,2014-03-12
K01286CAU0,20,CHF,2014-03-12
K01286CBD0,20,CHF,2014-03-19
K01286CBQ0,20,CHF,2014-03-27
K01286CBS0,20,CHF,2014-04-01
K01286CCE0,90,CHF,2014-04-01
K01286CCX0,20,CHF,2014-04-29
K01286CDB0,20,CHF,2014-05-06
K01286CDZ0,20,CHF,2014-05-21
K01286CEO0,20,CHF,2014-06-03
K01286CEQ0,90,CHF,2014-06-10
K01286CER0,90,CHF,2014-06-10
K01286CES0,20,CHF,2014-06-10
K01286CEU0,20,CHF,2014-06-10
K01286CFF0,20,CHF,2014-06-23
K01286BAV0,20,CHF,2012-10-08
K01286BBF0,90,CHF,2012-10-08
K01286BBQ0,90,CHF,2012-10-08
K01286BCE0,20,CHF,2012-10-29
K01286BDH0,20,CHF,2012-11-06
K01286BDK0,90,CHF,2012-11-08
K01286BDR0,20,CHF,2012-11-12
K01286BDV0,90,CHF,2012-11-12
K01286BDW0,20,CHF,2012-11-12
K01286BEE0,20,CHF,2012-11-16
K01286BEQ0,20,CHF,2012-11-26
K01286BER0,90,CHF,2012-11-26
K01286BES0,20,CHF,2012-11-26
K01286BET0,90,CHF,2012-11-26
K01286BEX0,90,CHF,2012-12-04
K01286BFN0,20,CHF,2012-12-19
K01286BFR0,20,CHF,2012-12-19
K01286BFT0,20,CHF,2012-12-19
K01286BGF0,90,CHF,2012-12-21
K01286BHC0,90,CHF,2013-01-11
K01286BHN0,20,CHF,2013-01-16
K01286BHP0,20,CHF,2013-01-23
K175020000,10,CHF,2008-08-06
K175070000,20,CHF,2008-09-19
K175080000,20,CHF,2008-09-24
K175180000,90,CHF,2008-11-19
SMCCZ00000,20,CZK,2011-02-23
SMCIE00000,20,EUR,2007-04-18
SMCIT00000,20,EUR,2007-04-18
SMCZA00000,20,ZAR,2015-03-30
K17719ALY0,20,CHF,2016-03-24
K01286DEE0,20,CHF,2016-03-29
K07112AMM0,20,CHF,2016-03-30
K01286DEG0,20,CHF,2016-03-31
K160230000,20,CHF,2016-03-18
K02152AFC0,20,CHF,2016-04-05
K04370AHW0,20,CHF,2016-04-07
K04370AHZ0,20,CHF,2016-04-07
K02151AQH0,20,CHF,2016-04-19
K11285AGL0,20,CHF,2016-04-20
K005010000,20,CHF,2016-04-15
K052400000,20,CHF,2016-04-12
K067010000,20,CHF,2016-04-15
K10100DHK0,90,EUR,2015-06-22
K01286DFA0,20,CHF,2016-04-22
K052090001,90,CHF,2016-04-25
K140780000,20,CHF,2016-04-25
K01286DFB0,20,CHF,2016-04-26
K01286DFC0,20,CHF,2016-04-26
K01286DFI0,20,CHF,2016-04-26
K07393AMY0,90,EUR,2015-07-13
K091620000,20,CHF,2016-04-28
K01286DFR0,20,CHF,2016-05-02
K100470000,10,CHF,2016-05-02
K005050000,10,CHF,2016-05-03
K160410000,20,CHF,2016-05-09
K01286DGC0,20,CHF,2016-05-24
K109750000,20,EUR,2016-05-25
K021360000,20,CHF,2016-05-30
K150331161,90,CHF,2016-06-02
K160590000,20,CHF,2016-06-17
K01286BHX0,20,CHF,2013-02-01
K01286BHZ0,20,CHF,2013-02-06
K01286BID0,20,CHF,2013-02-08
K01286BIW0,20,CHF,2013-02-19
K01286BJD0,20,CHF,2013-02-19
K01286BJF0,90,CHF,2013-02-19
K01286BJI0,20,CHF,2013-02-22
K01286BJN0,20,CHF,2013-02-22
K01286BJU0,90,CHF,2013-02-22
K01286BJW0,20,CHF,2013-03-05
K01286BKJ0,20,CHF,2013-03-20
K01286BKS0,20,CHF,2013-03-25
K01286BKV0,90,CHF,2013-03-25
K01286BKW0,90,CHF,2013-03-25
K01286BLY0,20,CHF,2013-03-27
K01286BME0,20,CHF,2013-04-18
K01286BML0,20,CHF,2013-04-29
K01286BMS0,20,CHF,2013-05-13
K01286BMT0,20,CHF,2013-05-13
K01286BMV0,20,CHF,2013-05-13
K01286BNI0,20,CHF,2013-05-14
K01286BNK0,20,CHF,2013-05-14
K01286BOE0,20,CHF,2013-06-03
K01286BOJ0,90,CHF,2013-06-06
K01286BOK0,20,CHF,2013-06-06
K01286BOO0,20,CHF,2013-06-20
K01286BPK0,20,CHF,2013-07-03
K01286BPR0,20,CHF,2013-07-09
K01286BPT0,90,CHF,2013-07-11
K01286BPZ0,20,CHF,2013-07-11
K01286BQE0,20,CHF,2013-07-16
K01286BQM0,20,CHF,2013-07-18
K01286BRP0,20,CHF,2013-08-05
K01286BRZ0,90,CHF,2013-08-19
K01286BSC0,20,CHF,2013-08-19
K01286BSF0,20,CHF,2013-08-26
K01286BSG0,90,CHF,2013-08-27
K01286BSQ0,20,CHF,2013-09-26
K01286BSV0,20,CHF,2013-09-26
K01286BSZ0,20,CHF,2013-10-03
K01286BTF0,20,CHF,2013-10-21
K01286BTH0,20,CHF,2013-10-21
K01286BUA0,90,CHF,2013-10-23
K01448AIH0,90,CHF,2008-10-24
K01448AIR0,90,CHF,2008-10-24
K01448AIT0,90,CHF,2008-10-24
K01448AIW0,90,CHF,2008-10-24
K01448AJE0,90,CHF,2008-10-24
K01448AJR0,90,CHF,2008-10-24
K01448AKF0,90,CHF,2008-10-24
K01448AKT0,90,CHF,2008-10-24
K01448AKW0,90,CHF,2008-10-24
K01448AKX0,90,CHF,2008-10-24
K01448ALF0,90,CHF,2008-10-24
K01448ALG0,90,CHF,2008-10-24
K01448ALJ0,90,CHF,2008-10-24
K01448ALZ0,90,CHF,2008-10-24
K01448AMF0,90,CHF,2008-10-24
K01448AMG0,90,CHF,2008-10-24
K01448AMQ0,90,CHF,2008-10-24
K01286CFM0,20,CHF,2014-06-30
K01286CFN0,20,CHF,2014-06-30
K01286CGD0,20,CHF,2014-07-22
K01286CGI0,90,CHF,2014-07-24
K01286CGL0,20,CHF,2014-07-30
K01286CGZ0,20,CHF,2014-08-11
K01286CHE0,20,CHF,2014-09-01
K01286CIZ0,20,CHF,2014-09-16
K01286CJC0,20,CHF,2014-09-17
K01286CKL0,90,CHF,2014-09-29
K01286CKM0,90,CHF,2014-10-01
K01286CLI0,20,CHF,2014-10-21
K01286CLU0,90,CHF,2014-10-28
K01286CLX0,20,CHF,2014-11-04
K01286CLZ0,20,CHF,2014-11-04
K01286CMK0,90,CHF,2014-11-17
K01286CMM0,20,CHF,2014-11-17
K01286CMN0,20,CHF,2014-11-17
K01286CMW0,20,CHF,2014-11-25
K01286CNA0,20,CHF,2014-11-27
K01286CNG0,20,CHF,2014-12-01
K01286CNW0,20,CHF,2014-12-02
K01286COG0,20,CHF,2014-12-15
K01286CQA0,20,CHF,2015-01-27
K01286CQT0,20,CHF,2015-02-17
K01286CQZ0,20,CHF,2015-02-25
K01286CRI0,90,CHF,2015-03-06
K01286CSI0,20,CHF,2015-03-30
K01286CSP0,20,CHF,2015-04-16
K01286CSQ0,20,CHF,2015-04-17
K01286CSR0,20,CHF,2015-04-21
K01286CST0,20,CHF,2015-04-21
K01286CUX0,20,CHF,2015-06-24
K01286CVL0,20,CHF,2015-07-07
K01286CWA0,20,CHF,2015-07-17
K01286CWH0,20,CHF,2015-07-29
K01286CWJ0,20,CHF,2015-07-29
K01286CWK0,20,CHF,2015-07-29
K01286CXB0,20,CHF,2015-08-26
K01286CXC0,20,CHF,2015-08-26
K01286CXG0,20,CHF,2015-09-01
K01286CXZ0,20,CHF,2015-09-16
K01286CYY0,20,CHF,2015-10-27
K01286CZF0,20,CHF,2015-10-29
K01286CZL0,20,CHF,2015-11-03
K01286CZP0,20,CHF,2015-11-09
K01286CZZ0,90,CHF,2015-11-30
K01286DAN0,20,CHF,2015-12-07
K01286DAO0,20,CHF,2015-12-07
K01286DAV0,20,CHF,2015-12-18
K01286DBN0,90,CHF,2016-02-08
K01286DCA0,20,CHF,2016-02-16
K01286DCF0,20,CHF,2016-02-16
K01286DDD0,20,CHF,2016-03-07
K01286DDH0,20,CHF,2016-03-07
K01286DDO0,20,CHF,2016-03-09
K012900000,20,CHF,2011-09-08
K012980000,20,CHF,2006-07-24
K01286DES0,20,CHF,2016-04-13
K01286DER0,20,CHF,2016-04-13
K01286DEU0,20,CHF,2016-04-13
K079100000,10,CHF,2016-04-15
K07393ASI0,90,EUR,2016-05-10
K150331158,90,CHF,2016-05-12
K01286DGJ0,20,CHF,2016-06-07
K04370AIR0,20,CHF,2016-06-07
K04370AIU0,20,CHF,2016-06-07
K04370AIV0,20,CHF,2016-06-07
K04370AIY0,20,CHF,2016-06-07
K07393ATA0,90,EUR,2016-06-08
K02151AQQ0,20,CHF,2016-06-08
K089020000,20,CHF,2016-06-08
K04370AJA0,20,CHF,2016-06-09
K01286DGV0,20,CHF,2016-06-13
K123600000,10,CHF,2016-07-04
K027060000,20,CHF,2016-07-04
K01286DHU0,20,CHF,2016-07-04
K116120000,20,CHF,2016-07-05
K004920000,10,CHF,2016-07-07
K150331164,90,CHF,2016-07-07
K07393ATF0,90,EUR,2016-07-08
K01286DHH0,20,CHF,2016-06-20
K00500AAH0,20,CHF,2016-06-21
K00500AAN0,20,CHF,2016-06-21
K00500AAP0,20,CHF,2016-06-21
K00500AAS0,90,CHF,2016-06-21
K00500ABD0,90,CHF,2016-06-21
K01286COC0,90,CHF,2014-12-09
K01286COT0,20,CHF,2014-12-23
K01286CZI0,20,CHF,2015-11-03
K02152AEB0,20,CHF,2015-12-02
K00500ABK0,20,CHF,2016-06-21
K00500ABS0,20,CHF,2016-06-21
K00500ABU0,20,CHF,2016-06-21
K00500ABZ0,20,CHF,2016-06-21
K00500ACN0,20,CHF,2016-06-21
K00500ACQ0,20,CHF,2016-06-21
K013120000,20,EUR,2014-01-20
K013150000,90,CHF,2006-07-24
K013170000,90,CHF,2006-07-24
K013250000,20,CHF,2012-04-30
K013450000,20,CHF,2006-10-26
K013640000,90,CHF,2006-07-24
K013650000,90,CHF,2006-07-24
K013770000,20,CHF,2006-10-31
K013780000,90,CHF,2006-12-04
K013860000,90,CHF,2008-11-28
K013880000,20,CHF,2006-07-24
K014230001,90,EUR,2007-03-08
K014270000,20,CHF,2013-01-03
K014360000,10,CHF,2006-07-24
K014390000,90,CHF,2012-12-05
K014460000,90,CHF,2006-07-24
K014480000,20,CHF,2008-02-06
K01448ANJ0,90,CHF,2008-10-24
K01448AOC0,90,CHF,2008-10-24
K01448AOE0,90,CHF,2008-10-24
K01448AOH0,90,CHF,2008-10-24
K01448AOJ0,90,CHF,2008-10-24
K01448AOS0,90,CHF,2008-10-24
K01448AOV0,90,CHF,2008-10-24
K01448AOW0,90,CHF,2008-10-24
K01448APV0,90,CHF,2008-10-24
K01448AQA0,90,CHF,2008-10-24
K01448AQD0,90,CHF,2008-10-24
K01448AQF0,90,CHF,2008-10-24
K01448AQO0,90,CHF,2008-10-24
K01448AQQ0,90,CHF,2008-10-24
K01448AQX0,90,CHF,2008-10-24
K01448ARE0,90,CHF,2008-10-24
K01448ARF0,90,CHF,2008-10-24
K01448ARI0,90,CHF,2008-10-24
K01448ARQ0,90,CHF,2008-10-24
K01448ARU0,90,CHF,2008-10-24
K01448ASA0,90,CHF,2008-10-24
K01448ASB0,90,CHF,2008-10-24
K00500ACY0,20,CHF,2016-06-21
K00500ADG0,20,CHF,2016-06-21
K056730000,20,CHF,2016-06-23
K017300000,20,CHF,2016-06-24
K17719AMI0,20,CHF,2016-06-27
K02151AQU0,20,CHF,2016-06-28
K004970000,20,CHF,2016-06-28
K092110000,20,CHF,2016-06-29
K160870000,20,CHF,2016-08-23
K01286CPT0,20,CHF,2015-01-22
K02152ADO0,20,CHF,2015-09-10
K07393ANE0,90,EUR,2015-07-13
K10100BSG0,90,EUR,2013-07-09
K10100COH0,90,EUR,2014-06-18
K10100DGX0,90,EUR,2015-06-22
K160880000,20,CHF,2016-08-23
K160890000,20,CHF,2016-08-25
K10100DDU0,90,EUR,2015-04-08
K01286DKE0,20,CHF,2016-08-31
K035060000,20,CHF,2016-08-31
K17719AMO0,20,CHF,2016-09-01
K17719AMP0,20,CHF,2016-09-01
K155430000,20,CHF,2016-09-01
K04370AJC0,20,CHF,2016-07-08
K17719AMJ0,20,CHF,2016-07-12
K160670000,90,CHF,2016-07-14
K160680000,20,CHF,2016-07-18
K01286DIG0,20,CHF,2016-07-18
K01286DIH0,20,CHF,2016-07-18
K102120000,20,CHF,2016-07-18
K077240000,20,CHF,2016-07-26
K005150000,20,CHF,2016-07-28
K04370AJE0,90,CHF,2016-07-29
K07393ATQ0,90,EUR,2016-08-08
K07393ATR0,90,EUR,2016-08-08
K07393ATS0,90,EUR,2016-08-08
K160770000,20,CHF,2016-08-08
K097250001,90,CHF,2016-08-12
K160840000,20,CHF,2016-08-16
K01448ASC0,90,CHF,2008-10-24
K01448ASD0,90,CHF,2008-10-24
K01448ASY0,90,CHF,2008-10-24
K01448ASZ0,90,CHF,2008-10-24
K01448ATN0,90,CHF,2008-10-24
K01448AUF0,90,CHF,2008-10-24
K01448AUG0,90,CHF,2008-10-24
K01448AUK0,90,CHF,2008-10-24
K01448AUL0,90,CHF,2008-10-24
K01448AUP0,90,CHF,2008-10-24
K01448AUQ0,90,CHF,2008-10-24
K01448AUZ0,90,CHF,2008-10-24
K01448AWB0,90,CHF,2008-10-24
K01448AWJ0,90,CHF,2008-10-24
K01448AXC0,90,CHF,2008-10-24
K01448AXG0,90,CHF,2008-10-24
K01448AXH0,90,CHF,2008-10-24
K01448AXZ0,90,CHF,2008-10-24
K01448AYB0,90,CHF,2008-10-24
K01448AYI0,90,CHF,2008-10-24
K01448AYZ0,90,CHF,2008-10-24
K01448AZA0,90,CHF,2008-10-24
K01448AZE0,90,CHF,2008-10-24
K01448AZS0,90,CHF,2008-10-24
K01448AZZ0,90,CHF,2008-10-24
K01448BAB0,90,CHF,2008-10-24
K01448BAC0,90,CHF,2008-10-24
K01448BAJ0,90,CHF,2008-10-24
K01448BAP0,90,CHF,2008-10-24
K01448BBA0,90,CHF,2008-10-24
K01448BBB0,90,CHF,2008-10-24
K01448BBD0,90,CHF,2008-10-24
K01448BBH0,90,CHF,2008-10-24
K01448BBJ0,90,CHF,2008-10-24
K01448BBR0,90,CHF,2008-10-24
K01448BBT0,90,CHF,2008-10-24
K01448BCB0,90,CHF,2008-10-24
K01448BCG0,90,CHF,2008-10-24
K01448BCM0,90,CHF,2008-10-24
K01448BCN0,90,CHF,2008-10-24
K111490000,10,CHF,2016-08-19
K07393AUE0,90,EUR,2016-09-06
K160940000,10,CHF,2016-09-07
K069910000,20,CHF,2016-09-07
K004730000,20,CHF,2016-09-08
K00500ADW0,90,CHF,2016-10-05
K07393AUO0,90,EUR,2016-10-06
K178580000,10,CHF,2016-10-07
K01448FAM0,90,CHF,2015-03-16
K01448FAO0,90,CHF,2015-03-17
K01448FAQ0,90,CHF,2015-03-17
K01448FFW0,90,CHF,2016-02-24
K10100CUF0,90,EUR,2014-10-08
K10100CVQ0,90,EUR,2014-11-12
K10100CWF0,90,EUR,2014-11-13
K10100CWR0,90,EUR,2014-12-01
K10100CWV0,90,EUR,2014-12-01
K10100CXM0,90,EUR,2014-12-01
K10100CYV0,90,EUR,2015-01-15
K10100CZC0,90,EUR,2015-01-15
K04230AAJ0,20,CHF,2022-06-23
K04230AAS0,20,CHF,2022-06-24
K04230AAV0,20,CHF,2022-06-24
K04230AAX0,20,CHF,2022-06-24
K01286ICA0,20,CHF,2022-06-27
K052080000,90,CHF,2022-06-27
K052140000,20,CHF,2022-06-29
K17719AZP0,20,CHF,2022-08-02
K01795AQE0,20,EUR,2022-06-07
K01795AQS0,20,EUR,2022-06-07
K01795AQT0,20,EUR,2022-06-07
K01795AQV0,20,EUR,2022-06-07
K01795ARJ0,20,EUR,2022-06-07
K01286IBA0,20,CHF,2022-06-07
K01286IBB0,20,CHF,2022-06-07
K11285BCE0,20,CHF,2022-07-04
K01795ARR0,20,EUR,2022-07-07
K01795ARX0,20,EUR,2022-07-07
K01795ASF0,20,EUR,2022-07-08
K01448BCX0,90,CHF,2008-10-24
K01448BDB0,90,CHF,2008-10-24
K01448BDG0,90,CHF,2008-10-24
K01448BDS0,90,CHF,2008-10-24
K01448BEH0,90,CHF,2008-10-24
K01448BEL0,90,CHF,2008-10-24
K01448BEM0,90,CHF,2008-10-24
K01448BFD0,90,CHF,2008-10-24
K01448BFG0,90,CHF,2008-10-24
K01448BFI0,90,CHF,2008-10-24
K01448BFT0,90,CHF,2008-10-24
K01448BFX0,90,CHF,2008-10-24
K01448BGI0,90,CHF,2008-10-24
K01448BGP0,90,CHF,2008-10-24
K01448BGS0,90,CHF,2008-10-24
K01448BGY0,90,CHF,2008-10-24
K01448BHD0,90,CHF,2008-10-24
K01448BHE0,90,CHF,2008-10-24
K01448BHF0,90,CHF,2008-10-24
K01448BHH0,90,CHF,2008-10-24
K01448BHN0,90,CHF,2008-10-24
K01448BIC0,90,CHF,2008-10-24
K01448BJB0,90,CHF,2008-10-24
K01448BJH0,90,CHF,2008-10-24
K01448BJJ0,90,CHF,2008-10-24
K01448BJN0,90,CHF,2008-10-24
K01448BJR0,90,CHF,2008-10-24
K01448BJS0,90,CHF,2008-10-24
K01448BJU0,90,CHF,2008-10-24
K01448BKF0,90,CHF,2008-10-24
K01448BLE0,90,CHF,2008-10-24
K01448AAR0,90,CHF,2008-08-26
K01448ABC0,90,CHF,2008-10-09
K01448ABD0,90,CHF,2008-10-09
K01448ABJ0,90,CHF,2008-10-09
K01448ABM0,90,CHF,2008-10-10
K01448ABP0,90,CHF,2008-10-17
K01448ABS0,90,CHF,2008-10-21
K01448ABT0,90,CHF,2008-10-23
K01795ASH0,20,EUR,2022-07-08
K01795ASJ0,20,EUR,2022-07-08
K01795ASL0,20,EUR,2022-07-08
K17719AZG0,20,CHF,2022-07-11
K01286ICF0,20,CHF,2022-07-13
K04230ACO0,20,CHF,2022-08-16
K500220000,20,CHF,2022-08-23
K11285BCT0,20,CHF,2022-08-24
K01286IEB0,20,CHF,2022-08-29
K01286IEC0,20,CHF,2022-08-29
K01286ICZ0,20,CHF,2022-08-03
K01286IDA0,20,CHF,2022-08-03
K01286IDC0,20,CHF,2022-08-03
K01286IDD0,20,CHF,2022-08-03
K01286IDG0,20,CHF,2022-08-03
K01286IDN0,20,CHF,2022-08-04
K085130000,90,CHF,2022-08-04
K01795ATA0,20,EUR,2022-08-05
K01795ATU0,20,EUR,2022-08-08
K01795ATV0,20,EUR,2022-08-08
K01795AUB0,20,EUR,2022-08-08
K01795AUE0,20,EUR,2022-08-08
K01795AUN0,20,EUR,2022-08-08
K01795AUT0,20,EUR,2022-08-08
K01795AUZ0,20,EUR,2022-08-08
K01795AVD0,20,EUR,2022-08-08
K01795AVJ0,20,EUR,2022-08-08
K01795AVT0,20,EUR,2022-08-08
K01795AVU0,20,EUR,2022-08-08
K02503ACP0,20,CHF,2022-08-08
K04230ABZ0,20,CHF,2022-08-08
K01286IEA0,20,CHF,2022-08-15
K01286IFF0,20,CHF,2022-09-19
K048490000,20,CHF,2022-08-30
K17719AZU0,20,CHF,2022-08-31
K062150000,20,CHF,2022-09-01
K01286IEN0,20,CHF,2022-09-01
K048510000,20,CHF,2022-09-01
K04230ADL0,20,CHF,2022-09-02
K01795AWN0,20,EUR,2022-09-02
K01448ACC0,90,CHF,2008-10-24
K01448ADC0,90,CHF,2008-10-24
K01448ADT0,90,CHF,2008-10-24
K01448AEF0,90,CHF,2008-10-24
K01448AET0,90,CHF,2008-10-24
K01448AEU0,90,CHF,2008-10-24
K01448AFF0,90,CHF,2008-10-24
K01448AFH0,90,CHF,2008-10-24
K01448AFT0,90,CHF,2008-10-24
K01448AGO0,90,CHF,2008-10-24
K01448AGQ0,90,CHF,2008-10-24
K01448AGX0,90,CHF,2008-10-24
K01448AGY0,90,CHF,2008-10-24
K01448AHC0,90,CHF,2008-10-24
K01448AHF0,90,CHF,2008-10-24
K01448AHH0,90,CHF,2008-10-24
K01448AHK0,90,CHF,2008-10-24
K01448AHL0,90,CHF,2008-10-24
K01448CFT0,90,CHF,2010-01-25
K01448CGC0,90,CHF,2010-02-09
K01448CGU0,90,CHF,2010-02-10
K01448CGV0,90,CHF,2010-02-19
K01448CGW0,90,CHF,2010-03-05
K01448CHB0,90,CHF,2010-03-05
K01448CHQ0,90,CHF,2010-04-23
K01448CHY0,90,CHF,2010-04-23
K01448CIC0,90,CHF,2010-04-23
K01448CIH0,90,CHF,2010-04-23
K01448CIJ0,90,CHF,2010-05-06
K01448CJV0,90,CHF,2010-05-26
K01448CJY0,90,CHF,2010-05-26
K01448CKG0,90,CHF,2010-05-26
K01448CKO0,90,CHF,2010-05-26
K01448CKW0,90,CHF,2010-06-04
K01448CLC0,90,CHF,2010-07-02
K01448CLE0,90,CHF,2010-07-02
K01448CLK0,90,CHF,2010-07-02
K01448CLO0,90,CHF,2010-07-02
K01448CLS0,90,CHF,2010-07-02
K01448CLT0,90,CHF,2010-07-07
K01795AWU0,20,EUR,2022-09-02
K047550000,20,CHF,2022-09-05
K01286IEP0,20,CHF,2022-09-05
K01286IEX0,20,CHF,2022-09-05
K02503ACQ0,20,CHF,2022-09-06
K01795AXW0,90,EUR,2022-09-06
K01795AXY0,20,EUR,2022-09-06
K01795AXZ0,20,EUR,2022-09-06
K01795AYZ0,20,EUR,2022-09-06
K01795AZC0,20,EUR,2022-09-06
K01795AZO0,20,EUR,2022-09-06
K080870000,20,CHF,2022-09-12
K092500000,20,CHF,2022-09-12
K11285BDF0,20,CHF,2022-09-15
K11285BDH0,20,CHF,2022-09-22
K01286IFJ0,20,CHF,2022-09-26
K01286IFK0,20,CHF,2022-09-26
K045870000,20,CHF,2022-09-26
K045900000,20,CHF,2022-09-28
K01286IGA0,20,CHF,2022-10-03
K02151BAM0,20,CHF,2022-10-04
K01795BAF0,20,EUR,2022-10-05
K01795BAS0,20,EUR,2022-10-05
K01795BAT0,20,EUR,2022-10-05
K01795BBK0,20,EUR,2022-10-05
K01795BBR0,20,EUR,2022-10-05
K01795BBY0,20,EUR,2022-10-05
K04370ANC0,20,CHF,2022-10-06
K04230ADT0,20,CHF,2022-10-06
K046040000,20,CHF,2022-10-06
K04230ADZ0,20,CHF,2022-10-06
K040780000,20,CHF,2022-10-10
K040920000,20,CHF,2022-11-03
K040930000,20,CHF,2022-11-03
K04230AEY0,20,CHF,2022-11-08
K040820000,20,CHF,2022-10-17
K01286IGW0,20,CHF,2022-10-18
K040890000,10,EUR,2022-10-28
K17719BAG0,20,CHF,2022-11-21
K01286IHV0,20,CHF,2022-11-21
K01448CLV0,90,CHF,2010-07-21
K01448CLX0,90,CHF,2010-08-12
K01448CMS0,90,CHF,2010-08-19
K01448CNO0,90,CHF,2010-09-27
K01448CNP0,90,CHF,2010-09-27
K01448CNW0,90,CHF,2010-10-04
K01448COF0,90,CHF,2010-10-19
K01448COJ0,90,CHF,2010-10-26
K01448CPQ0,90,CHF,2010-11-22
K01448CPS0,90,CHF,2010-11-26
K01448CPU0,90,CHF,2010-12-02
K01448CPV0,90,CHF,2010-12-02
K01448CQC0,90,CHF,2010-12-14
K01448CQM0,90,CHF,2011-04-01
K01448CRO0,90,CHF,2011-05-18
K01448CRP0,90,CHF,2011-05-18
K01448CRQ0,90,CHF,2011-05-18
K01448CRR0,90,CHF,2011-05-18
K01448CSI0,90,CHF,2011-05-18
K01448CSK0,90,CHF,2011-05-18
K01448CTJ0,90,CHF,2011-05-18
K01448CTS0,90,CHF,2011-05-18
K01448CTT0,90,CHF,2011-05-18
K01448CTU0,90,CHF,2011-05-18
K01448CTY0,90,CHF,2011-05-18
K01448CTZ0,90,CHF,2011-05-18
K01448CUA0,90,CHF,2011-05-18
K01448CUB0,90,CHF,2011-05-18
K01448CUM0,90,CHF,2011-05-30
K01448CUN0,90,CHF,2011-05-30
K01448CUU0,90,CHF,2011-05-30
K01448CUV0,90,CHF,2011-06-20
K01448CUZ0,90,CHF,2011-06-20
K01448CVB0,90,CHF,2011-06-20
K01448CVK0,90,CHF,2011-06-20
K01448CVM0,90,CHF,2011-06-20
K01448CVO0,90,CHF,2011-06-20
K01448CVP0,90,CHF,2011-06-20
K01448CWG0,90,CHF,2011-06-21
K01286IIA0,20,CHF,2022-11-21
K01286IIE0,20,CHF,2022-11-21
K01286IIF0,20,CHF,2022-11-21
K04230AFQ0,20,CHF,2022-12-01
K04230AFY0,20,CHF,2022-12-01
K04230AGG0,20,CHF,2022-12-01
K01286IIW0,20,CHF,2022-12-05
K01286IIZ0,20,CHF,2022-12-05
K01286IJD0,20,CHF,2022-12-05
K01795BFZ0,20,EUR,2022-12-06
K01795BGH0,20,EUR,2022-12-06
K01795BHB0,20,EUR,2022-12-06
K04230AEZ0,20,CHF,2022-11-08
K01286IHO0,20,CHF,2022-11-08
K01286IHP0,20,CHF,2022-11-08
K01795BCN0,20,EUR,2022-11-08
K01795BCY0,20,EUR,2022-11-09
K01795BDK0,20,EUR,2022-11-09
K01795BDX0,20,EUR,2022-11-09
K01795BDZ0,20,EUR,2022-11-09
K01795BEI0,20,EUR,2022-11-09
K01795BEJ0,20,EUR,2022-11-09
K01795BES0,20,EUR,2022-11-09
K01795BEU0,20,EUR,2022-11-09
K01795BEX0,20,EUR,2022-11-09
K11285BDO0,20,CHF,2022-11-10
K046860000,20,CHF,2022-11-15
K034560000,20,CHF,2022-12-12
K01286IJF0,20,CHF,2022-12-13
K01286IJK0,20,CHF,2022-12-13
K01286IJN0,20,CHF,2022-12-13
K086720000,20,CHF,2022-12-15
K086760000,20,CHF,2022-12-15
K086770000,10,CHF,2022-12-16
K13600AAB0,20,CHF,2022-12-20
K04230AGP0,20,CHF,2023-01-03
K04230AHA0,20,CHF,2023-01-03
K04230AHC0,20,CHF,2023-01-03
K01795BJB0,20,EUR,2023-01-04
K01448CWK0,90,CHF,2011-06-21
K01448CWQ0,90,CHF,2011-06-21
K01448CWR0,90,CHF,2011-06-21
K01448CXE0,90,CHF,2011-06-21
K01448CXH0,90,CHF,2011-06-21
K01448CXK0,90,CHF,2011-06-21
K01448CXL0,90,CHF,2011-06-21
K01448CXQ0,90,CHF,2011-06-21
K01448CXR0,90,CHF,2011-06-21
K01448CYF0,90,CHF,2011-07-01
K01448CZK0,90,CHF,2011-08-08
K01448CZQ0,90,CHF,2011-08-08
K01448DAC0,90,CHF,2011-09-12
K01448DAZ0,90,CHF,2012-03-19
K01448DBC0,90,CHF,2012-03-19
K01448DBH0,90,CHF,2011-11-23
K01448BLH0,90,CHF,2008-10-24
K01448BLT0,90,CHF,2008-10-24
K01448BLU0,90,CHF,2008-10-24
K01448BMD0,90,CHF,2008-10-24
K01448BME0,90,CHF,2008-10-24
K01448BMJ0,90,CHF,2008-10-24
K01448BMK0,90,CHF,2008-10-24
K01448BMP0,90,CHF,2008-10-24
K01448BMU0,90,CHF,2008-10-24
K01448BMX0,20,CHF,2008-10-24
K01448BMY0,90,CHF,2008-10-24
K01448BMZ0,90,CHF,2008-10-24
K01448BNC0,90,CHF,2008-10-24
K01448BOC0,90,CHF,2008-10-24
K01448BOG0,90,CHF,2008-10-24
K01448BPO0,90,CHF,2008-10-24
K01448BPU0,90,CHF,2008-10-24
K01448BPX0,90,CHF,2008-10-24
K01448BPY0,90,CHF,2008-10-24
K01448BQE0,90,CHF,2008-10-24
K01448BQP0,90,CHF,2008-10-24
K01448BQR0,90,CHF,2008-10-24
K01448BQV0,90,CHF,2008-10-24
K01448BRM0,90,CHF,2008-10-24
K01795BJE0,20,EUR,2023-01-04
K01795BJF0,20,EUR,2023-01-04
K01795BJS0,20,EUR,2023-01-04
K01795BJU0,20,EUR,2023-01-04
K01795BKA0,20,EUR,2023-01-04
K01795BKO0,20,EUR,2023-01-05
K01286IKB0,20,CHF,2023-01-06
K01286IKK0,20,CHF,2023-01-06
K092170000,20,CHF,2023-01-06
K092490000,20,CHF,2023-01-27
K13600AAI0,20,CHF,2023-02-01
K04230AHS0,20,CHF,2023-02-01
K02503ACV0,20,CHF,2023-02-02
K17719BAS0,20,CHF,2023-02-02
K17719BAT0,20,CHF,2023-02-06
K01795BLA0,20,EUR,2023-02-06
K01795BHP0,20,EUR,2022-12-06
K01795BIB0,20,EUR,2022-12-06
K092300000,20,CHF,2023-01-20
K092470000,20,CHF,2023-01-26
K01286IMC0,20,CHF,2023-02-13
K01286IMF0,20,CHF,2023-02-16
K01286IMG0,20,CHF,2023-02-17
K035340000,20,CHF,2023-02-20
K17719BAX0,20,CHF,2023-02-20
K17719BBB0,20,CHF,2023-02-28
K04230AHX0,20,CHF,2023-03-01
K04230AIA0,20,CHF,2023-03-01
K04230AIB0,20,CHF,2023-03-01
K04230AIF0,20,CHF,2023-03-01
K035380000,20,CHF,2023-03-01
K01795BNI0,20,EUR,2023-03-02
K01795BNK0,20,EUR,2023-03-02
K01795BNR0,20,EUR,2023-03-03
K01795BNT0,20,EUR,2023-03-03
K01795BNV0,20,EUR,2023-03-03
K01795BNX0,20,EUR,2023-03-03
K01795BNY0,20,EUR,2023-03-03
K01795BOA0,20,EUR,2023-03-03
K01795BOB0,20,EUR,2023-03-03
K01448BRN0,90,CHF,2008-10-24
K01448BRQ0,90,CHF,2008-10-24
K01448BRS0,90,CHF,2008-10-24
K01448BRY0,90,CHF,2008-10-24
K01448BRZ0,90,CHF,2008-10-24
K01448BSI0,90,CHF,2008-10-24
K01448BSP0,90,CHF,2008-10-24
K01448BSW0,90,CHF,2008-10-24
K01448BSZ0,90,CHF,2008-10-24
K01448BTD0,90,CHF,2008-10-24
K01448BTE0,90,CHF,2008-10-24
K01448BTH0,90,CHF,2008-10-24
K01448BTJ0,90,CHF,2008-10-24
K01448BTK0,90,CHF,2008-10-24
K01448BUE0,90,CHF,2008-10-24
K01448BUO0,90,CHF,2008-10-31
K01448BVB0,90,CHF,2008-10-31
K01448BWG0,90,CHF,2009-01-06
K01448BWW0,90,CHF,2009-01-19
K01448BWY0,90,CHF,2009-01-19
K01448BXM0,90,CHF,2009-03-17
K01448BXX0,90,CHF,2009-03-17
K01448BYG0,90,CHF,2009-03-17
K01448BZE0,90,CHF,2009-04-27
K01448BZI0,90,CHF,2009-04-27
K01448BZJ0,90,CHF,2009-04-28
K01448BZS0,90,CHF,2009-05-05
K01448CAG0,90,CHF,2009-05-25
K01448CAU0,90,CHF,2009-05-25
K01448CBF0,90,CHF,2009-06-22
K01448CBG0,90,CHF,2009-06-25
K01448CBI0,90,CHF,2009-07-17
K01448CBP0,90,CHF,2009-08-13
K01448CBU0,90,CHF,2009-08-13
K01448CBX0,90,CHF,2009-08-13
K01448CBZ0,90,CHF,2009-08-13
K01448CCJ0,90,CHF,2009-08-13
K01448CCN0,90,CHF,2009-08-13
K01448CCU0,90,CHF,2009-08-13
K01448CCW0,90,CHF,2009-08-28
K01448CCX0,90,CHF,2009-09-09
K01448CDZ0,90,CHF,2009-10-12
K01448CEI0,90,CHF,2009-11-12
K01448CEJ0,90,CHF,2009-11-12
K01448CFA0,90,CHF,2009-12-10
K01448EDQ0,90,CHF,2013-08-12
K01448EDR0,90,CHF,2013-08-12
K01448EDS0,90,CHF,2013-08-12
K01448EDT0,90,CHF,2013-08-12
K01448EDU0,90,CHF,2013-08-12
K01448EDW0,90,CHF,2013-08-12
K01448EEB0,90,CHF,2013-09-18
K01448EEM0,90,CHF,2013-09-18
K01448EEN0,90,CHF,2013-09-18
K01448EEO0,90,CHF,2013-09-18
K01448EGD0,90,CHF,2013-09-25
K01448EGH0,90,CHF,2013-10-08
K01448EGL0,90,CHF,2013-10-25
K01448EGQ0,90,CHF,2013-10-25
K01448EGT0,90,CHF,2013-10-25
K01448DBW0,90,CHF,2011-11-23
K01448DCC0,90,CHF,2011-11-23
K01448DCG0,90,CHF,2011-11-23
K01448DCH0,90,CHF,2011-11-23
K01448DCI0,90,CHF,2011-11-23
K01448DCL0,90,CHF,2011-11-23
K01448DDF0,90,CHF,2012-01-30
K01448DDY0,90,CHF,2012-01-30
K01448DEH0,90,CHF,2012-01-30
K01448DEK0,90,CHF,2012-01-30
K01448DET0,90,CHF,2012-01-30
K01448DFH0,90,CHF,2012-01-30
K01448DFQ0,90,CHF,2012-01-30
K01448DFZ0,90,CHF,2012-03-19
K01448DGA0,90,CHF,2012-03-19
K01448DGD0,90,CHF,2012-03-19
K01448DGL0,90,CHF,2012-05-03
K01448DGQ0,90,CHF,2012-05-03
K01448DGS0,90,CHF,2012-05-03
K01448DHD0,90,CHF,2012-05-03
K01795BOJ0,20,EUR,2023-03-03
K01795BOW0,20,EUR,2023-03-06
K01795BOY0,20,EUR,2023-03-06
K01286ING0,20,CHF,2023-03-21
K01286INL0,20,CHF,2023-03-21
K17719BBK0,20,CHF,2023-03-23
K024970001,20,CHF,2023-03-24
K17719BBL0,20,CHF,2023-03-29
K11285BEK0,20,CHF,2023-03-31
K01286INW0,20,CHF,2023-04-03
K17719BBP0,20,CHF,2023-04-05
K02503ADA0,20,CHF,2023-04-05
K01795BQC0,20,EUR,2023-04-05
K01795BQE0,20,EUR,2023-04-05
K01795BQV0,20,EUR,2023-04-05
K01795BQW0,20,EUR,2023-04-05
K04230AIU0,20,CHF,2023-04-06
K04230AIY0,20,CHF,2023-04-06
K04230AIZ0,20,CHF,2023-04-06
K04230AJD0,20,CHF,2023-04-06
K01795BQX0,20,EUR,2023-04-06
K01795BRE0,20,EUR,2023-04-06
K01795BLM0,20,EUR,2023-02-06
K01795BLW0,90,EUR,2023-02-06
K01795BMC0,20,EUR,2023-02-06
K01795BND0,20,EUR,2023-02-07
K01286ILP0,20,CHF,2023-02-13
K01795BPI0,20,EUR,2023-03-06
K00500AHU0,20,CHF,2023-03-07
K00500AHV0,20,CHF,2023-03-07
K01286IMW0,20,CHF,2023-03-07
K090720000,20,CHF,2023-03-09
K083080000,20,CHF,2023-03-21
K17719BBX0,20,CHF,2023-05-08
K11285BEW0,20,CHF,2023-05-08
K090040000,20,CHF,2023-05-11
K090050000,10,CHF,2023-05-11
K17719BCA0,20,CHF,2023-05-12
K17719BCB0,20,CHF,2023-05-12
K13600AAR0,20,CHF,2023-05-15
K13600AAN0,20,CHF,2023-05-15
K13600AAS0,20,CHF,2023-05-15
K13600AAT0,20,CHF,2023-05-15
K13600AAU0,20,CHF,2023-05-15
K13600AAZ0,20,CHF,2023-05-15
K17719BCD0,20,CHF,2023-05-17
K11285BFA0,20,CHF,2023-05-22
K023840000,20,CHF,2023-05-22
K01286IPS0,20,CHF,2023-05-23
K01286IPV0,20,CHF,2023-05-23
K01286IQB0,20,CHF,2023-05-23
K01286IQC0,20,CHF,2023-05-23
K01286IQD0,20,CHF,2023-05-23
K023860000,20,CHF,2023-05-25
K135260000,20,CHF,2023-05-25
K04230AJL0,20,CHF,2023-05-30
K04230AJO0,20,CHF,2023-05-30
K04230AJY0,20,CHF,2023-05-30
K01286IOO0,20,CHF,2023-05-02
K01286IPA0,20,CHF,2023-05-02
K01795BRU0,20,EUR,2023-05-02
K01795BSC0,20,EUR,2023-05-03
K17719BCL0,20,CHF,2023-06-14
K023970000,20,CHF,2023-06-20
K01286IRA0,20,CHF,2023-06-27
K01286IRJ0,20,CHF,2023-06-27
K01286IRM0,20,CHF,2023-06-27
K01286IRN0,20,CHF,2023-06-27
K01286IRO0,20,CHF,2023-06-27
K17719BCU0,20,CHF,2023-07-03
K037750000,10,CHF,2023-07-03
K17719BCV0,20,CHF,2023-07-03
K01286IRP0,20,CHF,2023-07-03
K04230ALA0,20,CHF,2023-07-04
K04230ALF0,20,CHF,2023-07-04
K01795BVA0,20,EUR,2023-07-04
K01795BVT0,20,EUR,2023-07-05
K01795BVY0,20,EUR,2023-07-05
K01795BWG0,20,EUR,2023-07-05
K01795BWH0,20,EUR,2023-07-05
K01795BWR0,20,EUR,2023-07-05
K01795BWX0,20,EUR,2023-07-05
K01795BWY0,20,EUR,2023-07-05
K01286ITC0,20,CHF,2023-07-24
K04611AAC0,20,CHF,2023-07-26
K04611AAH0,20,CHF,2023-07-26
K04611ABA0,20,CHF,2023-07-27
K04611ABB0,20,CHF,2023-07-27
K04611ABG0,20,CHF,2023-07-28
K04611ABL0,20,CHF,2023-07-28
K01795BXK0,20,EUR,2023-08-02
K01795BXY0,20,EUR,2023-08-02
K01795BYG0,20,EUR,2023-08-02
K01286ITE0,20,CHF,2023-08-03
K01286ITI0,20,CHF,2023-08-08
K01286ITJ0,20,CHF,2023-08-08
K01286ITK0,20,CHF,2023-08-08
K04230AKK0,20,CHF,2023-06-02
K01286IQF0,20,CHF,2023-06-05
K01286IQI0,20,CHF,2023-06-05
K01286IQJ0,20,CHF,2023-06-05
K01286IQM0,20,CHF,2023-06-05
K01795BTN0,20,EUR,2023-06-05
K01795BTQ0,20,EUR,2023-06-05
K01795BTX0,20,EUR,2023-06-05
K01795BUF0,20,EUR,2023-06-05
K01795BUG0,20,EUR,2023-06-05
K01795BUH0,20,EUR,2023-06-05
K01795BUM0,20,EUR,2023-06-05
K02503ADH0,20,CHF,2023-06-06
K17719BCK0,20,CHF,2023-06-12
K01286ISH0,20,CHF,2023-07-14
K048650000,20,CHF,2023-08-18
K124440000,20,CHF,2023-08-22
K124600000,20,CHF,2023-08-25
K01286ITR0,20,CHF,2023-08-28
K01286ITS0,20,CHF,2023-08-28
K01286ITX0,20,CHF,2023-08-28
K01286IUH0,20,CHF,2023-08-28
K01286IUP0,20,CHF,2023-08-28
K04230ALS0,20,CHF,2023-08-29
K01286IUQ0,20,CHF,2023-09-04
K01795BYQ0,20,EUR,2023-09-04
K01795BZG0,20,EUR,2023-09-04
K01795BZI0,20,EUR,2023-09-04
K01795BZQ0,20,EUR,2023-09-05
K01795BZR0,20,EUR,2023-09-05
K01795BZT0,20,EUR,2023-09-05
K01795CAM0,20,EUR,2023-09-05
K041400000,20,CHF,2023-10-19
K01286IWY0,20,CHF,2023-10-23
K01286IXG0,20,CHF,2023-10-25
K01286IXQ0,20,CHF,2023-10-25
K01286IXZ0,20,CHF,2023-10-25
K01286IYH0,20,CHF,2023-10-25
K01286IYI0,20,CHF,2023-10-25
K01286IYK0,20,CHF,2023-10-25
K11285BFR0,20,CHF,2023-09-06
K04611ABS0,20,CHF,2023-09-07
K04611ABU0,20,CHF,2023-09-07
K02151BBP0,20,CHF,2023-09-08
K115300000,20,CHF,2023-09-12
K115320000,20,CHF,2023-09-15
K01286IVG0,20,CHF,2023-09-18
K038700000,20,CHF,2023-09-21
K01286IVP0,20,CHF,2023-09-25
K01286IVQ0,20,CHF,2023-09-25
K06728AAA0,20,CHF,2023-10-02
K04230AMY0,20,CHF,2023-10-02
K04230AMZ0,20,CHF,2023-10-02
K04230ANE0,20,CHF,2023-10-02
K01286IVT0,20,CHF,2023-10-03
K01286IVU0,20,CHF,2023-10-03
K01286IVV0,20,CHF,2023-10-03
K02503ADQ0,20,CHF,2023-10-04
K01795CAY0,20,EUR,2023-10-04
K01795CBO0,20,EUR,2023-10-04
K01795CBP0,20,EUR,2023-10-04
K01795CBQ0,20,EUR,2023-10-04
K01795CBX0,20,EUR,2023-10-04
K01795CBY0,20,EUR,2023-10-04
K04611ACE0,20,CHF,2023-10-05
K04611ACG0,20,CHF,2023-10-05
K01286IWF0,20,CHF,2023-10-16
K037860000,20,CHF,2023-11-28
K17719BDW0,20,CHF,2023-11-28
K17719BEF0,20,CHF,2023-11-29
K01286IZG0,20,CHF,2023-12-01
K01286IZH0,20,CHF,2023-12-01
K04230AOL0,20,CHF,2023-12-01
K04230AOP0,20,CHF,2023-12-01
K04230AOS0,20,CHF,2023-12-01
K01286IZK0,20,CHF,2023-12-04
K01286IZP0,20,CHF,2023-12-04
K01286IYL0,20,CHF,2023-10-26
K038940000,20,CHF,2023-10-27
K01286IYO0,20,CHF,2023-10-31
K01286IZA0,20,CHF,2023-11-01
K01286IZB0,20,CHF,2023-11-01
K04611ACL0,20,CHF,2023-11-01
K04611ACM0,20,CHF,2023-11-01
K081920000,20,CHF,2023-11-01
K047950001,20,CHF,2023-11-10
K095210000,20,CHF,2023-11-16
K028200000,20,EUR,2023-11-20
K01286JBX0,20,CHF,2023-12-18
K01286JBY0,20,CHF,2023-12-18
K01286JCF0,20,CHF,2023-12-18
K15033ZZZZ,90,CHF,2006-07-29
K150420000,20,CHF,2006-09-20
K150530000,90,CHF,2006-12-13
K150670000,20,CHF,2006-07-24
K150700000,90,CHF,2007-09-18
K150760000,20,CHF,2010-11-12
K150790000,20,CHF,2006-08-16
K168920000,20,CHF,2007-06-22
K169000000,20,CHF,2007-07-23
K169060000,90,CHF,2007-08-09
K169140000,90,CHF,2007-09-06
K169250000,20,CHF,2007-10-01
K169350000,90,CHF,2007-12-18
K169410000,20,CHF,2008-02-12
K169440000,90,CHF,2008-02-25
K169550000,90,CHF,2008-04-18
K169570000,20,CHF,2008-04-28
K169850000,20,CHF,2008-12-04
K06728ABD0,20,CHF,2024-03-25
K04605AAO0,20,CHF,2024-03-27
K02151BDF0,20,CHF,2024-03-27
K02151BDH0,20,CHF,2024-03-27
K01286JJP0,20,CHF,2024-04-23
K01286JJS0,20,CHF,2024-04-23
K01286JJY0,20,CHF,2024-04-23
K01286JKA0,20,CHF,2024-04-23
K04611ADQ0,20,CHF,2024-04-05
K01795CKY0,20,EUR,2024-04-06
K01795CLF0,20,EUR,2024-04-06
K01795CLQ0,20,EUR,2024-04-06
K01795CLT0,20,EUR,2024-04-06
K045140000,20,CHF,2024-04-08
K028990000,20,CHF,2024-04-09
K02503AEH0,20,CHF,2024-04-09
K01286JIK0,20,CHF,2024-04-10
K01286JIW0,20,CHF,2024-04-15
K01286JJA0,20,CHF,2024-04-15
K01286JJK0,20,CHF,2024-04-16
K01286JJO0,20,CHF,2024-04-19
K01286JKP0,20,CHF,2024-05-21
K01286JKR0,20,CHF,2024-05-22
K04605AAW0,20,CHF,2024-05-23
K06728ABF0,20,CHF,2024-04-24
K02151BDJ0,20,CHF,2024-04-24
K02151BDN0,20,CHF,2024-04-24
K124900000,20,CHF,2024-04-26
K01286JKE0,20,CHF,2024-04-30
K01286JKI0,20,CHF,2024-04-30
K04611ADX0,20,CHF,2024-05-02
K04230ASN0,20,CHF,2024-05-02
K04230ASR0,20,CHF,2024-05-02
K04230ASS0,20,CHF,2024-05-02
K04230ASV0,20,CHF,2024-05-02
K04230ATM0,20,CHF,2024-05-03
K02503AEK0,20,CHF,2024-05-03
K01795CMM0,20,EUR,2024-05-03
K01795CMN0,20,EUR,2024-05-03
K01795CNA0,20,EUR,2024-05-03
K01795CNB0,20,EUR,2024-05-03
K01795CNC0,20,EUR,2024-05-03
K01795CNJ0,20,EUR,2024-05-03
K076850000,20,CHF,2024-05-08
K086180000,20,CHF,2024-05-08
K04605AAQ0,20,CHF,2024-05-08
K04230AUH0,20,CHF,2024-06-12
K04605ABF0,20,CHF,2024-06-14
K01286JLQ0,20,CHF,2024-06-17
K01286JLW0,20,CHF,2024-06-17
K01286JMA0,20,CHF,2024-06-17
K01286JMB0,20,CHF,2024-06-17
K01286JME0,20,CHF,2024-06-17
K044430000,20,CHF,2024-06-18
K01286JMN0,20,CHF,2024-06-19
K01286JMQ0,20,CHF,2024-06-20
K01286JMU0,20,CHF,2024-06-20
K01286JMY0,20,CHF,2024-06-20
K01286JNI0,20,CHF,2024-06-21
K04230ATT0,20,CHF,2024-06-03
K04230ATW0,20,CHF,2024-06-03
K04230AUG0,20,CHF,2024-06-03
K01795CNU0,20,EUR,2024-06-04
K01795COI0,20,EUR,2024-06-05
K04611AEC0,20,CHF,2024-06-07
K01286HEF0,20,CHF,2020-12-16
K01286GYH0,20,CHF,2020-08-31
K11285ANA0,20,CHF,2020-09-17
K077780000,20,CHF,2023-10-19
K01286GZC0,20,CHF,2020-09-21
K01286GZD0,20,CHF,2020-09-21
K01286GZI0,20,CHF,2020-09-21
K02151AYH0,20,CHF,2020-09-23
K02151AYJ0,20,CHF,2020-09-23
K077400000,10,CHF,2020-09-25
K077420000,20,CHF,2020-10-01
K118500000,20,CHF,2020-10-21
K01286HBB0,20,CHF,2020-10-26
K01286HBC0,20,CHF,2020-10-26
K041390000,20,CHF,2020-10-26
K078380000,10,CHF,2020-10-29
K078390000,20,CHF,2020-10-30
K078500000,20,CHF,2020-11-05
K01286HDA0,20,CHF,2020-11-26
K01286HDC0,20,CHF,2020-11-26
K01286HDH0,20,CHF,2020-11-30
K057160000,20,CHF,2020-12-03
K11285ANS0,20,CHF,2021-01-06
K17719ARO0,20,CHF,2021-01-14
K165430000,20,CHF,2021-01-20
K165460000,10,CHF,2021-01-20
K11285AOY0,20,CHF,2021-01-25
K01286HGY0,20,CHF,2021-02-11
K01286HHD0,20,CHF,2021-02-16
K01286HHJ0,20,CHF,2021-02-16
K01286HHS0,20,CHF,2021-02-16
K165700000,20,CHF,2021-02-22
K165730000,20,CHF,2021-02-23
K11285ASC0,20,CHF,2021-03-05
K11285ASP0,20,CHF,2021-03-08
K01286HIA0,20,CHF,2021-03-09
K11285AOF0,20,CHF,2021-01-06
K11285AOH0,20,CHF,2021-01-06
K165360000,90,EUR,2021-01-06
K01286HEN0,20,CHF,2021-01-07
K01286HEO0,20,CHF,2021-01-07
K01286HEP0,20,CHF,2021-01-07
K165560000,20,CHF,2021-02-01
K165580000,20,CHF,2021-02-02
K02503AAU0,20,CHF,2021-02-03
K02503AAV0,20,CHF,2021-02-03
K034140000,20,EUR,2021-02-03
K07393BNY0,90,EUR,2021-02-04
K07393BNZ0,90,EUR,2021-02-04
K07393BOB0,90,EUR,2021-02-04
K07393BOC0,90,EUR,2021-03-01
K11285APN0,90,CHF,2021-03-01
K11285APO0,20,CHF,2021-03-02
K11285APP0,20,CHF,2021-03-02
K11285APX0,20,CHF,2021-03-03
K11285AQI0,20,CHF,2021-03-03
K11285AQJ0,20,CHF,2021-03-03
K11285AQK0,20,CHF,2021-03-03
K11285AQL0,20,CHF,2021-03-03
K11285AQO0,20,CHF,2021-03-03
K11285AQZ0,20,CHF,2021-03-04
K11285ARU0,20,CHF,2021-03-05
K167090000,20,CHF,2021-03-22
K02151AYW0,20,CHF,2021-03-23
K17719ARZ0,20,CHF,2021-03-29
K01286HJV0,20,CHF,2021-03-30
K11285AVC0,20,CHF,2021-03-30
K11285AVD0,20,CHF,2021-03-30
K024210000,20,CHF,2021-03-31
K062430000,20,CHF,2021-04-09
K01286HKD0,20,CHF,2021-04-13
K11285AVU0,20,CHF,2021-04-14
K11285AVX0,20,CHF,2021-04-14
K11285AVZ0,20,CHF,2021-04-15
K062530000,20,CHF,2021-04-15
K089420001,20,CHF,2021-04-15
K01286HIL0,20,CHF,2021-03-09
K01286HIY0,20,CHF,2021-03-09
K027130000,20,CHF,2021-03-10
K166970000,20,CHF,2021-03-10
K166990000,90,CHF,2021-03-11
K11285ATK0,20,CHF,2021-03-16
K11285ATO0,20,CHF,2021-03-16
K11285ATW0,20,CHF,2021-03-17
K11285ATZ0,20,CHF,2021-03-17
K01286HJC0,20,CHF,2021-03-17
K01286HJD0,20,CHF,2021-03-17
K01286HJJ0,20,CHF,2021-03-19
K063800000,20,CHF,2021-04-26
K11285AWO0,20,CHF,2021-04-27
K022590000,10,CHF,2021-04-29
K027140000,20,CHF,2021-04-30
K01286HLQ0,20,CHF,2021-05-03
K01286HLT0,20,CHF,2021-05-03
K01286HLY0,20,CHF,2021-05-03
K07393BOL0,90,EUR,2021-05-05
K11285AXI0,20,CHF,2021-06-01
K081060000,20,CHF,2021-04-16
K01286HKO0,20,CHF,2021-04-19
K01286HKQ0,20,CHF,2021-04-19
K062560000,20,CHF,2021-04-19
K062570000,20,CHF,2021-04-20
K064060000,20,CHF,2021-05-07
K11285AWY0,20,CHF,2021-05-11
K01286HMG0,20,CHF,2021-05-11
K02503ABD0,20,CHF,2021-05-11
K17719ASS0,20,CHF,2021-05-17
K01286HMJ0,20,CHF,2021-05-18
K01286HMM0,20,CHF,2021-05-18
K01286HMP0,20,CHF,2021-05-26
K01286HMQ0,20,CHF,2021-05-26
K039650000,90,CHF,2021-05-26
K01286HMT0,20,CHF,2021-05-27
K01286HMU0,20,CHF,2021-05-27
K11285AXF0,20,CHF,2021-05-27
K17719ASY0,20,CHF,2021-05-31
K138070000,20,CHF,2021-06-11
K11285AXS0,20,CHF,2021-06-15
K035900000,20,CHF,2021-06-17
K02503ABE0,20,CHF,2021-06-07
K040290000,20,CHF,2021-07-16
K01286HPW0,20,CHF,2021-07-26
K01286HQD0,20,CHF,2021-07-27
K11285AYL0,20,CHF,2021-07-28
K11285AYM0,20,CHF,2021-07-28
K073170000,20,CHF,2021-07-28
K081130000,20,CHF,2021-07-28
K17719AUI0,20,CHF,2021-07-29
K17719AUQ0,20,CHF,2021-07-29
K17719AUU0,20,CHF,2021-07-29
K17719AUZ0,20,CHF,2021-07-30
K17719AVT0,20,CHF,2021-08-02
K17719AVU0,20,CHF,2021-08-02
K17719AWE0,20,CHF,2021-08-02
K17719AWP0,20,CHF,2021-08-02
K01286HNT0,20,CHF,2021-06-28
K01286HNU0,20,CHF,2021-06-28
K028570000,20,CHF,2021-06-29
K01286HOE0,20,CHF,2021-06-29
K17719ATR0,20,CHF,2021-07-01
K01286HOW0,20,CHF,2021-07-05
K01286HPC0,20,CHF,2021-07-05
K11285AXZ0,20,CHF,2021-07-06
K02151AZH0,20,CHF,2021-07-06
K040240000,20,CHF,2021-07-12
K073330000,10,CHF,2021-08-11
K030930000,20,CHF,2021-08-13
K11285AYW0,20,CHF,2021-08-24
K11285AYX0,20,CHF,2021-08-24
K01286HQR0,20,CHF,2021-08-24
K01286HRA0,20,CHF,2021-08-24
K030410000,20,CHF,2021-08-24
K01286HRI0,20,CHF,2021-08-30
K060310000,20,CHF,2021-09-27
K060350000,20,CHF,2021-09-29
K17719AWV0,20,CHF,2021-08-03
K07393BOY0,90,EUR,2021-08-04
K073220000,10,CHF,2021-08-05
K073260000,20,CHF,2021-08-09
K01286HRP0,20,CHF,2021-09-07
K01286HRR0,20,CHF,2021-09-07
K02151AZI0,20,CHF,2021-09-08
K02151AZK0,20,CHF,2021-09-08
K01286HSB0,20,CHF,2021-09-21
K060280000,20,CHF,2021-09-23
K02503ABQ0,20,CHF,2021-10-12
K039860000,10,CHF,2021-10-13
K040310000,20,CHF,2021-11-02
K01286HSW0,20,CHF,2021-11-02
K01286HSX0,20,CHF,2021-11-02
K01286HTD0,20,CHF,2021-11-02
K01286HTF0,20,CHF,2021-11-02
K07393BPD0,90,EUR,2021-11-03
K01286HTX0,20,CHF,2021-11-29
K060550000,20,CHF,2021-10-04
K117860000,20,CHF,2021-10-06
K01286HSM0,20,CHF,2021-10-07
K01286HSN0,20,CHF,2021-10-07
K039820000,20,CHF,2021-10-08
K01286HTM0,20,CHF,2021-11-09
K01286HTN0,20,CHF,2021-11-09
K01286HTQ0,20,CHF,2021-11-18
K01286HTV0,20,CHF,2021-11-18
K019610000,20,CHF,2021-11-18
K01286HUS0,20,CHF,2021-12-20
K01286HVL0,20,CHF,2022-01-06
K11285BAB0,20,CHF,2022-01-26
K11285BAC0,20,CHF,2022-01-31
K136480000,20,CHF,2022-02-03
K125930000,20,CHF,2021-12-01
K02503ABS0,20,CHF,2021-12-03
K01286HUR0,20,CHF,2021-12-06
K07393BPE0,90,EUR,2021-12-07
K02503ABU0,20,CHF,2022-01-14
K11285BAI0,20,CHF,2022-02-15
K17719AXR0,20,CHF,2022-02-17
K060720000,20,CHF,2022-02-21
K01286HWV0,20,CHF,2022-03-01
K01286HWW0,20,CHF,2022-03-01
K01286HWX0,20,CHF,2022-03-01
K01286HXA0,20,CHF,2022-03-01
K11285BAO0,20,CHF,2022-03-02
K11285BAP0,20,CHF,2022-03-02
K07393BPH0,90,EUR,2022-03-08
K02503ACD0,20,CHF,2022-03-08
K00500AHL0,20,CHF,2022-03-11
K01795AAG0,20,EUR,2022-03-11
K01795AAL0,20,EUR,2022-03-11
K01795AAM0,20,EUR,2022-03-11
K122090000,90,CHF,2006-07-24
K122130000,90,CHF,2006-07-24
K122390000,20,CHF,2006-07-24
K122520000,90,CHF,2006-07-24
K123450000,20,CHF,2006-07-24
K123760000,90,CHF,2006-07-24
K123950000,20,CHF,2006-07-24
K124470000,20,CHF,2006-07-24
K124860000,10,CHF,2006-07-24
K124910000,90,CHF,2006-07-24
K124930000,90,CHF,2006-07-24
K125190000,20,CHF,2006-07-24
K125280000,90,CHF,2006-07-24
K125510000,90,CHF,2006-07-24
K125620000,90,CHF,2006-07-24
K125830000,90,CHF,2006-07-24
K125860000,20,CHF,2006-07-24
K128600000,20,CHF,2006-07-24
K128640000,90,CHF,2006-07-24
K128860000,90,CHF,2006-07-24
K129190000,20,CHF,2006-07-24
K129240000,20,CHF,2006-07-24
K129380000,20,CHF,2006-07-24
K129530000,20,CHF,2006-07-24
K129600000,20,CHF,2006-07-24
K129630000,90,CHF,2006-07-24
K129960000,90,CHF,2006-07-24
K129970000,20,EUR,2006-07-24
K130300000,90,CHF,2006-07-24
K130710000,90,CHF,2006-07-24
K130990000,20,CHF,2006-07-24
K131200000,20,CHF,2006-07-24
K131330000,20,CHF,2006-07-24
K131420000,10,CHF,2006-07-24
K131560000,20,CHF,2006-07-24
K131610000,20,CHF,2006-07-24
K131670000,90,CHF,2006-07-24
K131800000,10,CHF,2006-07-24
K131930000,90,CHF,2006-07-24
K132190000,20,CHF,2006-07-24
K132300000,90,CHF,2006-07-24
K132320000,20,CHF,2006-07-24
K132500000,20,CHF,2006-07-24
K132570000,90,CHF,2006-07-24
K132610000,90,CHF,2006-07-24
K132860000,20,CHF,2006-07-24
K132870000,20,CHF,2006-07-24
K132940000,90,CHF,2006-07-24
K133120000,10,CHF,2006-07-24
K133140000,90,CHF,2006-07-24
K133520000,90,CHF,2006-07-24
K133610000,20,CHF,2006-07-24
K133660000,20,CHF,2006-07-24
K133730000,20,CHF,2006-07-24
K138590000,90,CHF,2006-07-24
K138820000,20,CHF,2006-07-24
K138970000,20,CHF,2006-07-24
K139210000,90,CHF,2006-07-24
K139240000,20,CHF,2006-07-24
K126520000,90,CHF,2006-07-24
K126550000,10,CHF,2006-07-24
K126820000,10,CHF,2006-07-24
K134080000,90,CHF,2006-07-24
K134160000,20,CHF,2006-07-24
K134290000,90,CHF,2006-07-24
K134590000,90,CHF,2006-07-24
K134680000,90,CHF,2006-07-24
K134900000,90,CHF,2006-07-24
K134910000,20,CHF,2006-07-24
K135020000,90,CHF,2006-07-24
K135190000,90,CHF,2006-07-24
K135450000,10,CHF,2006-07-24
K135520000,90,CHF,2006-07-24
K135700000,20,CHF,2006-07-24
K135960000,90,CHF,2006-07-24
K136010000,90,CHF,2006-07-24
K136020000,90,CHF,2006-07-24
K136090000,90,CHF,2006-07-24
K01286HWF0,20,CHF,2022-02-08
K01286HWL0,20,CHF,2022-02-08
K07393BPG0,90,EUR,2022-02-08
K060940000,20,CHF,2022-03-24
K081220000,20,CHF,2022-03-25
K059200000,20,CHF,2022-03-28
K02151BAA0,20,CHF,2022-03-29
K02151BAC0,20,CHF,2022-03-29
K059240000,20,CHF,2022-04-01
K01286HYQ0,20,CHF,2022-04-04
K02503ACH0,20,CHF,2022-04-04
K02503ACI0,20,CHF,2022-04-04
K01795AGH0,20,EUR,2022-04-05
K01795AGI0,20,EUR,2022-04-05
K01795AGU0,20,EUR,2022-04-05
K01795AHC0,20,EUR,2022-04-05
K01795AHD0,20,EUR,2022-04-05
K01795AHE0,20,EUR,2022-04-05
K01795AHH0,20,EUR,2022-04-05
K01795AHI0,90,EUR,2022-04-06
K01795AHJ0,20,EUR,2022-04-06
K01795AHN0,20,EUR,2022-04-06
K01795AHP0,20,EUR,2022-04-06
K01795AHS0,20,EUR,2022-04-06
K01795AHT0,20,EUR,2022-04-06
K01795AII0,20,EUR,2022-04-06
K01795AAR0,20,EUR,2022-03-11
K01795AAW0,20,EUR,2022-03-15
K01795AAY0,20,EUR,2022-03-15
K01795ABC0,20,EUR,2022-03-15
K01795ABH0,20,EUR,2022-03-15
K01795ABO0,20,EUR,2022-03-15
K01795ABP0,20,EUR,2022-03-15
K01795ABS0,20,EUR,2022-03-15
K01795ABV0,20,EUR,2022-03-15
K078720001,90,CHF,2022-03-15
K01795ACE0,20,EUR,2022-03-15
K01795ACM0,20,EUR,2022-03-15
K01795ACO0,20,EUR,2022-03-15
K136390000,90,CHF,2006-07-24
K136500000,90,CHF,2006-07-24
K136670000,20,CHF,2006-07-24
K136980000,90,CHF,2006-07-24
K137020000,20,CHF,2006-07-24
K137250000,20,CHF,2006-07-24
K137540000,90,CHF,2006-07-24
K137560000,90,CHF,2006-07-24
K137570000,90,CHF,2006-07-24
K137600000,20,CHF,2006-07-24
K137630000,90,CHF,2006-07-24
K137850000,20,CHF,2006-07-24
K137970000,20,CHF,2006-07-24
K138000000,90,CHF,2006-07-24
K139350000,90,CHF,2006-07-24
K139690000,20,CHF,2006-07-24
K139810000,90,CHF,2006-07-24
K139860000,20,CHF,2006-07-24
K140390000,90,CHF,2006-07-24
K140420000,10,CHF,2006-07-24
K140490000,20,CHF,2006-07-24
K140580000,90,CHF,2006-07-24
K142200000,90,CHF,2006-07-24
K142900000,20,CHF,2006-07-24
K143120000,90,CHF,2006-07-24
K143150000,20,CHF,2006-07-24
K143390000,90,CHF,2006-07-24
K143510000,20,CHF,2006-07-24
K138410000,90,CHF,2006-07-24
K138500000,90,CHF,2006-07-24
K144770000,90,CHF,2006-07-24
K144780000,20,CHF,2006-07-24
K144830000,90,CHF,2006-07-24
K144920000,90,EUR,2006-07-24
K145250000,20,CHF,2006-07-24
K145390000,20,CHF,2006-07-24
K145610000,90,CHF,2006-07-24
K145660000,20,CHF,2006-07-24
K145690000,90,CHF,2006-07-24
K01795ADA0,20,EUR,2022-03-16
K01795ADD0,20,EUR,2022-03-16
K01795ADR0,20,EUR,2022-03-16
K115540000,20,CHF,2022-03-16
K01795ADV0,20,EUR,2022-03-16
K01795ADX0,20,EUR,2022-03-16
K01795AEM0,20,EUR,2022-03-16
K01795AEW0,20,EUR,2022-03-16
K01795AFB0,20,EUR,2022-03-16
K01795AFF0,20,EUR,2022-03-16
K01795AFJ0,20,EUR,2022-03-16
K01795AFL0,20,EUR,2022-03-16
K060860000,20,CHF,2022-03-18
K059290000,20,CHF,2022-04-06
K01795AJS0,20,EUR,2022-04-08
K01795AIS0,20,EUR,2022-04-08
K01795AIT0,20,EUR,2022-04-08
K01286HZI0,20,CHF,2022-05-02
K01286HZJ0,20,CHF,2022-05-02
K019200000,20,CHF,2022-05-03
K02503ACJ0,20,CHF,2022-05-03
K01795AKQ0,20,EUR,2022-05-03
K01795AKW0,20,EUR,2022-05-03
K01795ALW0,20,EUR,2022-05-04
K01795ALK0,20,EUR,2022-05-04
K01795ALS0,20,EUR,2022-05-04
K01795AMB0,20,EUR,2022-05-04
K01795AMC0,20,EUR,2022-05-04
K01795AMR0,20,EUR,2022-05-04
K01795AMS0,20,EUR,2022-05-04
K049970000,20,CHF,2022-05-05
K01795ANB0,20,EUR,2022-05-05
K01795ANK0,90,EUR,2022-05-05
K060880000,20,CHF,2022-03-21
K040520000,20,CHF,2022-04-13
K11285BAZ0,20,CHF,2022-04-21
K049920000,20,CHF,2022-04-21
K040560000,20,CHF,2022-04-21
K092890000,10,CHF,2022-04-22
K01286HZF0,20,CHF,2022-04-25
K145750000,20,CHF,2006-07-24
K145770000,20,CHF,2006-07-24
K145780000,10,CHF,2006-07-24
K145820000,90,CHF,2006-07-24
K145870000,90,CHF,2006-07-24
K145910000,20,CHF,2006-07-24
K145990000,90,CHF,2006-07-24
K146000000,90,CHF,2006-07-24
K146240000,90,CHF,2006-07-24
K146310000,20,CHF,2006-07-24
K144200000,20,CHF,2006-07-24
K144450000,90,CHF,2006-07-24
K144590000,90,CHF,2006-07-24
K144630000,90,CHF,2006-07-24
K144660000,20,CHF,2006-07-24
K148430000,20,CHF,2006-07-24
K148440000,90,CHF,2006-07-24
K148840000,90,CHF,2006-07-24
K148960000,20,CHF,2006-07-24
K148970000,90,CHF,2006-07-24
K149150000,90,CHF,2006-07-24
K149270000,90,CHF,2006-07-24
K149280000,90,CHF,2006-07-24
K149490000,90,CHF,2006-07-24
K149610000,20,CHF,2006-07-24
K149700000,20,CHF,2006-07-24
K149740000,10,CHF,2006-07-24
K149830000,90,CHF,2006-07-24
K149960000,20,CHF,2006-07-24
K149980000,20,CHF,2006-07-24
K150360000,20,CHF,2006-07-24
K150510000,90,CHF,2006-07-24
K150560000,20,CHF,2006-07-24
K150600000,20,CHF,2006-07-24
K150680000,20,CHF,2006-07-24
K150990000,90,CHF,2006-07-24
K151070000,90,CHF,2006-07-24
K151100000,20,CHF,2006-07-24
K146370000,90,CHF,2006-07-24
K11285BBG0,20,CHF,2022-05-20
K02151BAD0,20,CHF,2022-05-20
K01286IAL0,20,CHF,2022-05-30
K01286IAR0,20,CHF,2022-05-30
K042060000,20,CHF,2022-05-31
K091710000,20,CHF,2022-05-31
K11285BBO0,20,CHF,2022-06-02
K11285BBQ0,20,CHF,2022-06-02
K17719AYV0,20,CHF,2022-06-02
K17719AYZ0,20,CHF,2022-06-02
K02503ACK0,20,CHF,2022-06-03
K01795AOC0,20,EUR,2022-06-03
K01795AOL0,20,EUR,2022-06-03
K01795AOP0,20,EUR,2022-06-03
K01795AOZ0,20,EUR,2022-06-03
K01795APC0,20,EUR,2022-06-07
K01795APD0,20,EUR,2022-06-07
K01795APR0,20,EUR,2022-06-07
K01795APW0,20,EUR,2022-06-07
K01795ANP0,20,EUR,2022-05-05
K040610000,20,CHF,2022-05-09
K040640000,20,CHF,2022-05-11
K17719AYJ0,20,CHF,2022-05-12
K01286IAA0,20,CHF,2022-05-18
K01286IAF0,20,CHF,2022-05-18
K042120000,20,CHF,2022-06-16
K01286IBQ0,20,CHF,2022-06-20
K01286IBR0,20,CHF,2022-06-20
K109820000,20,CHF,2022-06-20
K04230AAC0,20,CHF,2022-06-23
K04230AAF0,20,CHF,2022-06-23
K01286FVL0,20,CHF,2019-05-06
K01286FVN0,20,CHF,2019-05-06
K01286FVM0,20,CHF,2019-05-06
K10100FFM0,90,EUR,2019-05-08
K10100FFO0,90,EUR,2019-05-08
K07393BKA0,90,EUR,2019-03-07
K07393BKB0,90,EUR,2019-03-07
K01286FSN0,20,CHF,2019-03-25
K01286FSJ0,20,CHF,2019-03-25
K146520000,90,CHF,2006-07-24
K146580000,90,EUR,2006-07-24
K146640000,20,CHF,2006-07-24
K146710000,90,CHF,2006-07-24
K146940000,90,CHF,2006-07-24
K147250000,20,CHF,2006-07-24
K147350000,20,CHF,2006-07-24
K147380000,90,CHF,2006-07-24
K147640000,20,CHF,2006-07-24
K147670000,90,CHF,2006-07-24
K147950000,90,CHF,2006-07-24
K148140000,90,CHF,2006-07-24
K152120000,90,CHF,2006-07-24
K152270000,90,CHF,2006-07-24
K152310000,90,CHF,2006-07-24
K152540000,90,CHF,2006-07-24
K152560000,90,CHF,2006-07-24
K152680000,20,CHF,2006-07-24
K152820000,20,CHF,2006-07-24
K152990000,90,CHF,2006-07-24
K153030000,90,CHF,2006-07-24
K153120000,90,CHF,2006-07-24
K153170000,90,CHF,2006-07-24
K153580000,90,CHF,2006-07-24
K01530ACG0,90,CHF,2011-09-15
K01530ACN0,90,CHF,2011-09-15
K01530ADD0,90,CHF,2011-09-15
K01530ADG0,90,CHF,2011-09-15
K01530ADH0,90,CHF,2011-09-15
K01530ADV0,90,CHF,2011-09-15
K01530AEA0,90,CHF,2011-09-15
K01530AED0,90,CHF,2011-09-15
K01530AEF0,90,CHF,2011-09-15
K01530AEG0,90,CHF,2011-09-15
K01530AEO0,90,CHF,2011-09-15
K01530AEQ0,90,CHF,2011-09-15
K01530AES0,90,CHF,2011-09-15
K01530AET0,90,CHF,2011-09-15
K01530AIB0,90,CHF,2011-09-15
K005770000,20,CHF,2019-04-03
K10100FEC0,90,EUR,2019-04-04
K10100FEE0,90,EUR,2019-04-04
K10100FEZ0,90,EUR,2019-04-04
K10100FEJ0,90,EUR,2019-04-04
K10100FEO0,90,EUR,2019-04-04
K07393BKF0,90,EUR,2019-04-05
K07393BKG0,90,EUR,2019-04-05
K07393BKH0,90,EUR,2019-04-05
K07393BKL0,90,EUR,2019-04-05
K07393BKM0,90,EUR,2019-04-05
K01286FWU0,20,CHF,2019-05-24
K01286FWZ0,20,CHF,2019-05-27
K01286FXF0,20,CHF,2019-05-27
K01286FXT0,20,CHF,2019-06-03
K10100FHE0,90,EUR,2019-06-04
K10100FHT0,90,EUR,2019-06-04
K10100FHV0,90,EUR,2019-06-04
K10100FIA0,90,EUR,2019-06-04
K10100FIF0,90,EUR,2019-06-04
K025090000,90,CHF,2019-06-04
K025100000,20,CHF,2019-06-06
K071500001,20,CHF,2019-06-24
K17719AQP0,20,CHF,2019-06-27
K01286FYI0,20,CHF,2019-07-02
K01286FYR0,20,CHF,2019-07-02
K01286FZJ0,20,CHF,2019-07-02
K01286FZK0,20,CHF,2019-07-02
K01286FZO0,20,CHF,2019-07-02
K10100FJF0,90,EUR,2019-07-02
K10100FJG0,90,EUR,2019-07-02
K10100FJK0,90,EUR,2019-07-02
K100840000,20,CHF,2019-07-04
K10100FGR0,90,EUR,2019-05-08
K07393BKT0,90,EUR,2019-05-08
K07393BKU0,90,EUR,2019-05-08
K01286FVR0,20,CHF,2019-05-13
K01286FVT0,20,CHF,2019-05-13
K01286FVX0,20,CHF,2019-05-13
K00500AET0,20,CHF,2019-05-14
K01530AMJ0,90,CHF,2011-09-15
K177260000,20,CHF,2011-09-16
K177270000,20,CHF,2011-09-21
K030800001,20,CHF,2011-09-27
K01530AMV0,90,CHF,2011-09-15
K01530ANR0,90,CHF,2011-09-15
K01530AOB0,90,CHF,2011-09-15
K09037ACG0,90,CHF,2011-10-04
K010490000,10,CHF,2011-10-06
K020290000,90,CHF,2011-11-01
K01286AEC0,90,CHF,2011-11-04
K17719ABE0,20,CHF,2011-11-18
K17719ABF0,20,CHF,2011-11-18
K17719ABH0,20,CHF,2011-11-21
K169220000,20,CHF,2007-09-25
K109230001,10,CHF,2006-08-02
K024480000,20,CHF,2011-10-28
K177330000,20,EUR,2011-10-31
K144510000,90,CHF,2011-11-10
K122980000,20,CHF,2011-11-11
K150330948,90,CHF,2011-11-14
K09974AGQ0,90,CHF,2011-11-22
K09974AGZ0,90,CHF,2011-11-22
K018010000,20,CHF,2011-11-22
K117510000,90,CHF,2007-09-18
K104160000,20,CHF,2007-09-19
K110000000,90,CHF,2007-09-19
K136860000,20,CHF,2007-09-20
K169200000,20,CHF,2007-09-20
K010350000,90,CHF,2006-07-24
K010720000,20,CHF,2006-07-24
K010860000,20,CHF,2006-07-24
K010870000,90,CHF,2006-07-24
K012400000,20,CHF,2006-07-24
K012430000,90,CHF,2006-07-24
K012510000,20,CHF,2006-07-24
K012610000,10,CHF,2006-07-24
K013550000,90,CHF,2006-07-24
K013660000,20,CHF,2006-07-24
K162610000,20,CHF,2019-05-17
K162620000,10,CHF,2019-05-20
K01286FWJ0,20,CHF,2019-05-20
K01286FWN0,20,CHF,2019-05-20
K01286FWO0,20,CHF,2019-05-20
K07393BKY0,90,EUR,2019-06-07
K07393BKZ0,90,EUR,2019-06-07
K07393BLF0,90,EUR,2019-06-07
K01286FXY0,20,CHF,2019-06-11
K055180001,20,CHF,2019-06-12
K04370AMF0,20,CHF,2019-06-13
K083380002,20,CHF,2019-06-19
K01286GRX0,20,CHF,2020-05-11
K01286GSB0,20,CHF,2020-05-11
K02151AYB0,20,CHF,2020-05-12
K093570000,20,CHF,2019-07-11
K02151AWV0,20,CHF,2019-07-08
K118360000,20,CHF,2019-07-26
K01286FZY0,20,CHF,2019-07-29
K022260000,20,CHF,2019-07-29
K01286GAI0,20,CHF,2019-07-31
K01286GAZ0,90,CHF,2019-08-05
K01286GBG0,20,CHF,2019-08-05
K10100FJW0,90,EUR,2019-08-05
K10100FJY0,90,EUR,2019-08-05
K10100FJZ0,90,EUR,2019-08-05
K025340000,20,CHF,2019-08-06
K07393BLT0,90,EUR,2019-08-07
K025380000,20,CHF,2019-08-09
K058180000,90,CHF,2019-08-14
K17719AES0,20,CHF,2019-08-16
K01286GBT0,90,CHF,2019-08-19
K01286GCA0,20,CHF,2019-08-19
K118870000,20,CHF,2019-08-21
K119020000,20,CHF,2019-08-21
K025790000,20,CHF,2019-08-23
K01111KL05,20,CHF,2019-07-16
K01286FZP0,20,CHF,2019-07-17
K01286FZQ0,20,CHF,2019-07-17
K01286FZU0,20,CHF,2019-07-17
K014160000,20,CHF,2006-07-24
K014230000,90,EUR,2006-07-24
K014430000,20,CHF,2006-07-24
K014740000,20,CHF,2006-07-24
K015040000,90,CHF,2006-07-24
K015170000,20,CHF,2006-07-24
K015210000,20,CHF,2006-07-24
K015260000,10,CHF,2006-07-24
K015650000,20,CHF,2006-07-24
K011280000,20,CHF,2006-07-24
K011420000,20,CHF,2006-07-24
K011820000,20,CHF,2006-07-24
K011870000,10,CHF,2006-07-24
K012080000,90,CHF,2006-07-24
K021200000,10,CHF,2006-07-24
K021230000,90,CHF,2006-07-24
K023080000,20,CHF,2006-07-24
K023700000,90,CHF,2006-07-24
K024420000,20,CHF,2006-07-24
K025050000,10,CHF,2006-07-24
K025150000,90,CHF,2006-07-24
K025160000,20,CHF,2006-07-24
K025410000,20,CHF,2006-07-24
K016070000,90,CHF,2006-07-24
K016320000,20,CHF,2006-07-24
K016760000,20,EUR,2006-07-24
K016790000,20,CHF,2006-07-24
K017120000,20,CHF,2006-07-24
K017250000,20,CHF,2006-07-24
K017780000,90,CHF,2006-07-24
K018240000,90,CHF,2006-07-24
K019400000,20,CHF,2006-07-24
K019420000,90,CHF,2006-07-24
K020230000,20,CHF,2006-07-24
K020390000,20,CHF,2006-07-24
K020440000,20,CHF,2006-07-24
K020800000,90,CHF,2006-07-24
K020900000,20,CHF,2006-07-24
K021060000,90,CHF,2006-07-24
K070640002,20,CHF,2019-07-19
K162720000,20,CHF,2019-07-22
K117010001,90,CHF,2019-07-22
K01286GCM0,20,CHF,2019-08-27
K01286GCN0,20,CHF,2019-08-27
K01286GCP0,20,CHF,2019-08-27
K150331190,90,CHF,2019-08-30
K10100FKZ0,90,EUR,2019-09-03
K10100FLI0,90,EUR,2019-09-03
K10100FLM0,90,EUR,2019-09-03
K10100FLV0,90,EUR,2019-09-03
K10100FMB0,90,EUR,2019-09-03
K01286GCV0,20,CHF,2019-09-05
K01286GCZ0,20,CHF,2019-09-05
K01286GDA0,20,CHF,2019-09-05
K01286GDC0,20,CHF,2019-09-09
K01286GDF0,20,CHF,2019-09-10
K01286GDM0,20,CHF,2019-09-10
K10100FMD0,90,EUR,2019-10-02
K10100FMM0,90,EUR,2019-10-02
K10100FMN0,90,EUR,2019-10-02
K10100FMT0,90,EUR,2019-10-02
K119090000,20,CHF,2019-08-26
K01286GCC0,20,CHF,2019-08-27
K01286GCD0,20,CHF,2019-08-27
K162800000,10,CHF,2019-09-13
K01286GDU0,20,CHF,2019-09-17
K01286GDZ0,20,CHF,2019-09-17
K162820000,20,CHF,2019-09-17
K025810000,20,CHF,2019-09-17
K162840000,10,CHF,2019-09-19
K16267AAA0,90,CHF,2019-09-20
K162870000,20,CHF,2019-09-20
K01286GEL0,20,CHF,2019-09-23
K01286GEU0,20,CHF,2019-09-23
K01286GEV0,20,CHF,2019-09-23
K01286GEQ0,20,CHF,2019-09-23
K01286GES0,20,CHF,2019-09-23
K01286GEZ0,20,CHF,2019-09-30
K163360000,10,CHF,2019-10-30
K025430000,10,CHF,2006-07-24
K025620000,90,CHF,2006-07-24
K026080000,20,CHF,2006-07-24
K026290000,90,CHF,2006-07-24
K026300000,20,CHF,2006-07-24
K027390000,90,CHF,2006-07-24
K027840000,20,CHF,2006-07-24
K027900000,20,CHF,2006-07-24
K029250000,10,CHF,2006-07-24
K029430000,10,CHF,2006-07-24
K029500000,90,CHF,2006-07-24
K029920000,10,CHF,2006-07-24
K030560000,20,CHF,2006-07-24
K030620000,20,CHF,2006-07-24
K031320000,20,CHF,2006-07-24
K032230000,20,CHF,2006-07-24
K032400000,20,CHF,2006-07-24
K049000000,10,CHF,2006-07-24
K049370000,90,CHF,2006-07-24
K049560000,90,CHF,2006-07-24
K049780000,90,CHF,2006-07-24
K050450000,90,CHF,2006-07-24
K050710000,10,CHF,2006-07-24
K051240000,20,CHF,2006-07-24
K052340000,20,CHF,2006-07-24
K052730000,90,CHF,2006-07-24
K053180000,90,CHF,2006-07-24
K053340000,20,CHF,2006-07-24
K053400000,90,CHF,2006-07-24
K053620000,90,CHF,2006-07-24
K033060000,20,CHF,2006-07-24
K033450000,20,CHF,2006-07-24
K033870000,20,CHF,2006-07-24
K034040000,20,CHF,2006-07-24
K034160000,20,CHF,2006-07-24
K034470000,20,CHF,2006-07-24
K036000000,90,CHF,2006-07-24
K036030000,20,CHF,2006-07-24
K036270000,20,CHF,2006-07-24
K01286GGS0,20,CHF,2019-11-04
K01286GHC0,20,CHF,2019-11-04
K10100FNG0,90,EUR,2019-11-05
K10100FNX0,90,EUR,2019-11-05
K10100FNZ0,90,EUR,2019-11-05
K01286GFJ0,20,CHF,2019-10-07
K01286GFK0,20,CHF,2019-10-07
K01286GFM0,20,CHF,2019-10-07
K01286GFV0,20,CHF,2019-10-14
K01286GFY0,20,CHF,2019-10-14
K163240000,20,CHF,2019-10-21
K01286GGH0,20,CHF,2019-10-22
K01286GGJ0,20,CHF,2019-10-22
K02151AXD0,20,CHF,2019-10-23
K068720000,10,CHF,2019-10-25
K068730000,90,CHF,2019-10-25
K163280000,20,CHF,2019-10-28
K163330000,10,CHF,2019-10-29
K119510000,20,CHF,2019-11-11
K01286GHU0,20,CHF,2019-11-13
K119520000,20,CHF,2019-11-13
K150331195,90,CHF,2019-11-18
K01286GHV0,20,CHF,2019-11-18
K116970000,20,CHF,2019-11-20
K025890000,20,CHF,2019-11-21
K119570000,10,CHF,2019-11-22
K091440000,20,CHF,2019-11-22
K091450000,20,CHF,2019-11-25
K01286GIV0,20,CHF,2019-12-02
K163550000,20,CHF,2019-12-03
K14542AEW0,20,CHF,2019-12-03
K10100FOP0,90,EUR,2019-11-05
K10100FOQ0,90,EUR,2019-11-05
K01286GHR0,20,CHF,2019-11-11
K02151AXQ0,20,CHF,2020-01-10
K01286GLE0,20,CHF,2020-01-13
K01286GLF0,20,CHF,2020-01-13
K11285ALW0,20,CHF,2020-01-15
K01286GLN0,20,CHF,2020-01-20
K080320000,20,CHF,2020-01-23
K039010000,10,CHF,2006-07-24
K039130000,20,CHF,2006-07-24
K040350000,20,CHF,2006-07-24
K042730000,20,CHF,2006-07-24
K043050000,20,CHF,2006-07-24
K043240000,90,CHF,2006-07-24
K043670000,20,CHF,2006-07-24
K043830000,20,CHF,2006-07-24
K043920000,90,CHF,2006-07-24
K044250000,90,CHF,2006-07-24
K044920000,20,CHF,2006-07-24
K045390000,20,CHF,2006-07-24
K045540000,20,CHF,2006-07-24
K046290000,10,CHF,2006-07-24
K048240000,90,CHF,2006-07-24
K048710000,90,CHF,2006-07-24
K061510000,20,CHF,2006-07-24
K061700000,90,CHF,2006-07-24
K061800000,90,CHF,2006-07-24
K062630000,90,CHF,2006-07-24
K062780000,20,CHF,2006-07-24
K063340000,90,CHF,2006-07-24
K053770000,20,CHF,2006-07-24
K054160000,90,CHF,2006-07-24
K054570000,20,CHF,2006-07-24
K055140000,90,CHF,2006-07-24
K055760000,10,CHF,2006-07-24
K056010000,20,CHF,2006-07-24
K056230000,20,CHF,2006-07-24
K056420000,20,CHF,2006-07-24
K057270000,20,CHF,2006-07-24
K058060000,20,CHF,2006-07-24
K058120000,20,CHF,2006-07-24
K058670000,90,CHF,2006-07-24
K059070000,20,CHF,2006-07-24
K059130000,20,CHF,2006-07-24
K059660000,90,CHF,2006-07-24
K059980000,20,CHF,2006-07-24
K060400000,20,CHF,2006-07-24
K026880000,20,CHF,2020-01-24
K01286GLW0,20,CHF,2020-01-28
K01286GLX0,20,CHF,2020-01-28
K080350000,20,CHF,2020-01-30
K165040000,20,CHF,2019-12-05
K01286GJE0,20,CHF,2019-12-09
K01286GJF0,20,CHF,2019-12-09
K01286GJJ0,20,CHF,2019-12-09
K026040000,20,CHF,2019-12-18
K080310000,20,CHF,2019-12-19
K01286GKJ0,20,CHF,2019-12-23
K01286GKU0,20,CHF,2019-12-23
K01286GKV0,20,CHF,2019-12-23
K07393BMN0,90,EUR,2020-01-08
K07393BMO0,90,EUR,2020-01-08
K11285AMA0,20,CHF,2020-02-06
K07393BMQ0,90,EUR,2020-02-06
K07393BMW0,90,EUR,2020-02-06
K125320000,90,CHF,2020-02-06
K080470000,20,CHF,2020-02-11
K11285AMD0,20,CHF,2020-02-12
K080490000,20,CHF,2020-02-12
K080500000,20,CHF,2020-02-12
K01286GNP0,20,CHF,2020-02-17
K11285AME0,90,CHF,2020-02-19
K01286GNS0,20,CHF,2020-02-21
K067350000,20,CHF,2020-02-24
K051230000,20,CHF,2020-02-26
K051580000,20,CHF,2020-03-04
K04370AMO0,20,CHF,2020-03-05
K00500AEY0,20,CHF,2020-03-10
K01286GOI0,20,CHF,2020-03-10
K11285AMG0,20,CHF,2020-03-11
K150331205,90,CHF,2020-03-11
K01286GOV0,20,CHF,2020-03-17
K01795XXXX,20,EUR,2020-04-02
K021620000,90,CHF,2020-04-29
K01286GQY0,20,CHF,2020-04-30
K01286GRN0,20,CHF,2020-05-04
K01286GRO0,20,CHF,2020-05-05
K060500000,90,CHF,2006-07-24
K063680000,20,CHF,2006-07-24
K063890000,90,CHF,2006-07-24
K064100000,10,CHF,2006-07-24
K064320000,90,CHF,2006-07-24
K064420000,20,CHF,2006-07-24
K064770000,10,CHF,2006-07-24
K065030000,10,CHF,2006-07-24
K065710000,90,CHF,2006-07-24
K065790000,20,CHF,2006-07-24
K065900000,90,CHF,2006-07-24
K066460000,20,CHF,2006-07-24
K066500000,20,CHF,2006-07-24
K066560000,90,CHF,2006-07-24
K067060000,20,CHF,2006-07-24
K067530000,20,CHF,2006-07-24
K067750000,20,CHF,2006-07-24
K067820000,20,CHF,2006-07-24
K067890000,20,CHF,2006-07-24
K068230000,20,CHF,2006-07-24
K068410000,90,CHF,2006-07-24
K068590000,90,CHF,2006-07-24
K068650000,20,CHF,2006-07-24
K060900000,20,CHF,2006-07-24
K072120000,20,CHF,2006-07-24
K072940000,20,CHF,2006-07-24
K074320000,90,CHF,2006-07-24
K074580000,20,CHF,2006-07-24
K074600000,20,CHF,2006-07-24
K074670000,20,CHF,2006-07-24
K075030000,20,CHF,2006-07-24
K075120000,90,CHF,2006-07-24
K075130000,90,CHF,2006-07-24
K075720000,90,CHF,2006-07-24
K075740000,20,CHF,2006-07-24
K069140000,90,CHF,2006-07-24
K069180000,20,CHF,2006-07-24
K069410000,20,CHF,2006-07-24
K069640000,20,CHF,2006-07-24
K01286GRT0,20,CHF,2020-05-05
K07393BNG0,90,EUR,2020-05-08
K036300000,20,CHF,2020-05-11
K036320000,20,CHF,2020-05-14
K036330000,20,CHF,2020-05-14
K17719AEZ0,20,CHF,2020-05-15
K11285AMF0,20,CHF,2020-03-05
K051990000,20,CHF,2020-03-20
K01286GPF0,20,CHF,2020-03-24
K01286GPK0,90,CHF,2020-03-24
K01286GPL0,20,CHF,2020-03-24
K074130000,20,CHF,2020-03-25
K00500AFM0,20,CHF,2020-03-27
K00500AFS0,20,CHF,2020-03-27
K00500AGA0,20,CHF,2020-03-27
K01286GPP0,20,CHF,2020-03-30
K01286GPQ0,20,CHF,2020-03-30
K01286GPX0,20,CHF,2020-03-30
K017930000,20,CHF,2020-03-31
K00500AGC0,20,CHF,2020-04-01
K00500AGE0,20,CHF,2020-04-01
K164500000,20,CHF,2020-04-17
K01286GQP0,20,CHF,2020-04-20
K01286GQR0,20,CHF,2020-04-27
K019330000,20,CHF,2020-04-28
K036460000,20,CHF,2020-05-28
K036480000,20,EUR,2020-06-01
K036540000,20,CHF,2020-06-04
K01286GSX0,20,CHF,2020-06-04
K01286GTE0,20,CHF,2020-06-04
K01286GTG0,20,CHF,2020-06-04
K01286GSM0,20,CHF,2020-05-18
K036400000,90,CHF,2020-05-22
K036970000,20,CHF,2020-06-11
K121120000,20,CHF,2020-06-11
K17719AFE0,20,CHF,2020-06-12
K01286GUE0,20,CHF,2020-06-15
K01286GUG0,20,CHF,2020-06-15
K037040000,20,CHF,2020-06-19
K037200000,90,CHF,2020-06-22
K069730000,20,CHF,2006-07-24
K071810000,10,CHF,2006-07-24
K081740000,20,CHF,2006-07-24
K081880000,20,EUR,2006-07-24
K081900000,20,CHF,2006-07-24
K082240000,20,CHF,2006-07-24
K082380000,90,CHF,2006-07-24
K082590000,20,CHF,2006-07-24
K082620000,20,CHF,2006-07-24
K083250000,20,CHF,2006-07-24
K076220000,20,CHF,2006-07-24
K076370000,20,CHF,2006-07-24
K076740000,20,CHF,2006-07-24
K076750000,90,CHF,2006-07-24
K076780000,20,CHF,2006-07-24
K077270000,10,CHF,2006-07-24
K077490000,20,CHF,2006-07-24
K077860000,20,CHF,2006-07-24
K077900000,20,CHF,2006-07-24
K077910000,20,CHF,2006-07-24
K078020000,20,CHF,2006-07-24
K078220000,20,CHF,2006-07-24
K078450000,20,CHF,2006-07-24
K078650000,90,CHF,2006-07-24
K078880000,10,CHF,2006-07-24
K079500000,20,CHF,2006-07-24
K079610000,20,CHF,2006-07-24
K080710000,90,CHF,2006-07-24
K080890000,90,CHF,2006-07-24
K083300000,90,CHF,2006-07-24
K083500000,20,CHF,2006-07-24
K083550000,20,CHF,2006-07-24
K083630000,90,CHF,2006-07-24
K083910000,90,CHF,2006-07-24
K083980000,20,CHF,2006-07-24
K085000000,90,CHF,2006-07-24
K085040000,20,CHF,2006-07-24
K085310000,90,CHF,2006-07-24
K085420000,90,CHF,2006-07-24
K01286GVN0,20,CHF,2020-07-13
K110040000,90,CHF,2020-07-16
K01286GVY0,20,CHF,2020-07-20
K01286GWB0,20,CHF,2020-07-20
K01286GWE0,20,CHF,2020-07-20
K17719AQW0,20,CHF,2020-08-24
K01286GXA0,20,CHF,2020-08-25
K01286GXT0,20,CHF,2020-08-26
K01286GYC0,20,CHF,2020-08-31
K01286GYD0,20,CHF,2020-08-31
K01286GYE0,20,CHF,2020-08-31
K037250000,20,CHF,2020-06-26
K037260000,90,CHF,2020-06-26
K01286GVC0,20,CHF,2020-06-29
K037320000,20,CHF,2020-06-29
K037440000,20,CHF,2020-07-01
K11285AMP0,20,CHF,2020-07-02
K444440000,20,CHF,2020-07-02
K01286GWM0,20,CHF,2020-07-27
K01286GWO0,20,CHF,2020-07-27
K164470000,20,CHF,2020-07-31
K01286GWS0,20,CHF,2020-08-04
K00500AGW0,20,CHF,2020-08-04
K164560000,20,CHF,2020-08-05
K020930000,20,CHF,2020-09-08
K01286GYL0,20,CHF,2020-09-09
K01286GYM0,20,CHF,2020-09-09
K01286GYO0,20,CHF,2020-09-09
K021050000,20,CHF,2020-09-11
K01286GYZ0,20,CHF,2020-09-14
K021640000,20,CHF,2020-09-16
K021650000,10,CHF,2020-09-16
K021660000,20,CHF,2020-09-16
K01286GZW0,20,CHF,2020-10-07
K01286GZZ0,20,CHF,2020-10-07
K01286HAA0,20,CHF,2020-10-07
K01286HAB0,20,CHF,2020-10-07
K07393BNL0,90,EUR,2020-10-09
K07393BNN0,90,EUR,2020-10-09
K077600000,10,CHF,2020-10-13
K085660000,10,CHF,2006-07-24
K086430000,90,CHF,2006-07-24
K086470000,20,CHF,2006-07-24
K087020000,90,CHF,2006-07-24
K087310000,90,CHF,2006-07-24
K087750000,20,CHF,2006-07-24
K087860000,20,CHF,2006-07-24
K088000000,20,CHF,2006-07-24
K088020000,90,CHF,2006-07-24
K091170000,20,CHF,2006-07-24
K091560000,90,CHF,2006-07-24
K091990000,20,CHF,2006-07-24
K093640000,90,CHF,2006-07-24
K093790000,90,CHF,2006-07-24
K094620000,90,CHF,2006-07-24
K094680000,90,CHF,2006-07-24
K094870000,20,CHF,2006-07-24
K094900000,90,CHF,2006-07-24
K095040000,90,CHF,2006-07-24
K095120000,20,CHF,2006-07-24
K088130000,20,CHF,2006-07-24
K088220000,20,CHF,2006-07-24
K088320000,20,CHF,2006-07-24
K088410000,20,CHF,2006-07-24
K089110000,20,CHF,2006-07-24
K089340000,90,CHF,2006-07-24
K089860000,20,CHF,2006-07-24
K090140000,90,CHF,2006-07-24
K090230000,20,CHF,2006-07-24
K090310000,90,CHF,2006-07-24
K090370000,90,CHF,2006-07-24
K090760000,90,CHF,2006-07-24
K090860000,20,CHF,2006-07-24
K090920000,20,CHF,2006-07-24
K101200000,20,CHF,2006-07-24
K101220000,90,CHF,2006-07-24
K101370000,20,CHF,2006-07-24
K101420000,90,CHF,2006-07-24
K101500000,90,CHF,2006-07-24
K01286HAF0,20,CHF,2020-10-13
K01286HAJ0,20,CHF,2020-10-13
K01286HAS0,20,CHF,2020-10-13
K077710000,20,CHF,2020-10-15
K01286HAU0,20,CHF,2020-10-21
K01286HAZ0,20,CHF,2020-10-21
K17719ARI0,20,CHF,2020-11-12
K078580000,20,CHF,2020-11-13
K01286HCI0,20,CHF,2020-11-17
K01286HCP0,20,CHF,2020-11-17
K078760000,20,CHF,2020-11-23
K01286HDZ0,20,CHF,2020-12-08
K02503AAR0,20,CHF,2020-12-09
K02151AYP0,20,CHF,2020-12-14
K01286HEA0,20,CHF,2020-12-15
K019210001,20,CHF,2023-12-21
K01286JCH0,20,CHF,2023-12-22
K01795CFS0,20,EUR,2024-01-03
K01795CFT0,20,EUR,2024-01-03
K01795CGC0,20,EUR,2024-01-03
K01795CGD0,20,EUR,2024-01-03
K01795CGF0,20,EUR,2024-01-03
K028590000,20,CHF,2024-01-04
K04230APP0,20,CHF,2024-01-05
K04230APU0,20,CHF,2024-01-05
K04230APY0,20,CHF,2024-01-05
K01286JCO0,20,CHF,2024-01-08
K01795CCG0,20,EUR,2023-12-04
K01795CEI0,20,EUR,2023-12-05
K01795CEL0,20,EUR,2023-12-05
K01795CEN0,20,EUR,2023-12-05
K01795CES0,20,EUR,2023-12-05
K04611ACR0,20,CHF,2023-12-06
K02384AAB0,20,CHF,2023-12-07
K01286JAK0,20,CHF,2023-12-07
K01286JAU0,20,CHF,2023-12-07
K01286JAV0,20,CHF,2023-12-07
K01286JBA0,20,CHF,2023-12-07
K01286JBC0,20,CHF,2023-12-07
K01286JBD0,20,CHF,2023-12-07
K101620000,90,CHF,2006-07-24
K101680000,90,CHF,2006-07-24
K101840000,20,CHF,2006-07-24
K101940000,20,CHF,2006-07-24
K095320000,20,CHF,2006-07-24
K095480000,20,CHF,2006-07-24
K096460000,10,CHF,2006-07-24
K096500000,20,CHF,2006-07-24
K097760000,20,CHF,2006-07-24
K098060000,10,CHF,2006-07-24
K098200000,90,CHF,2006-07-24
K098320000,20,CHF,2006-07-24
K098400000,20,CHF,2006-07-24
K098420000,90,CHF,2006-07-24
K098660000,20,EUR,2006-07-24
K098900000,20,CHF,2006-07-24
K099320000,20,CHF,2006-07-24
K099330000,20,CHF,2006-07-24
K100500000,90,CHF,2006-07-24
K100530000,20,CHF,2006-07-24
K100670000,20,CHF,2006-07-24
K102080000,90,CHF,2006-07-24
K102090000,90,CHF,2006-07-24
K102420000,20,CHF,2006-07-24
K103120000,20,CHF,2006-07-24
K103460000,20,CHF,2006-07-24
K104100000,90,CHF,2006-07-24
K104110000,10,CHF,2006-07-24
K104220000,20,CHF,2006-07-24
K104440000,20,CHF,2006-07-24
K104730000,90,CHF,2006-07-24
K105290000,90,CHF,2006-07-24
K105660000,90,CHF,2006-07-24
K105810000,90,CHF,2006-07-24
K106080000,90,CHF,2006-07-24
K106170000,90,CHF,2006-07-24
K106520000,20,CHF,2006-07-24
K106840000,20,CHF,2006-07-24
K107140000,10,CHF,2006-07-24
K02503ADT0,20,CHF,2023-12-08
K02503ADV0,20,CHF,2023-12-08
K028600000,20,CHF,2024-01-10
K02151BBW0,20,CHF,2024-01-11
K01286JCW0,20,CHF,2024-01-08
K01286JCY0,20,CHF,2024-01-08
K01286JEG0,20,CHF,2024-02-14
K01286JEW0,20,CHF,2024-02-19
K01286JEY0,20,CHF,2024-02-19
K01286JFD0,20,CHF,2024-02-22
K01286JFE0,20,CHF,2024-02-22
K01286JFT0,20,CHF,2024-02-23
K01286JGE0,20,CHF,2024-02-26
K01286JGK0,20,CHF,2024-02-26
K04611ADG0,20,CHF,2024-02-26
K02151BCO0,20,CHF,2024-02-29
K04230ARA0,20,CHF,2024-03-01
K04230ARC0,20,CHF,2024-03-01
K04230ARD0,20,CHF,2024-03-01
K04230ARJ0,20,CHF,2024-03-01
K04611ADI0,20,CHF,2024-03-04
K01795CIN0,20,EUR,2024-03-05
K01795CIS0,20,EUR,2024-03-05
K17719BEP0,20,CHF,2024-01-12
K01286JDJ0,20,CHF,2024-01-12
K06728ABC0,20,CHF,2024-01-15
K028650000,20,CHF,2024-01-19
K028660000,20,CHF,2024-01-22
K126950000,20,CHF,2024-01-22
K031210000,20,CHF,2024-01-23
K01286JEC0,20,CHF,2024-01-31
K048040000,20,CHF,2024-01-31
K028770000,20,CHF,2024-01-31
K04230AQJ0,20,CHF,2024-02-02
K04230AQQ0,20,CHF,2024-02-02
K01795CGV0,20,EUR,2024-02-05
K01795CHK0,20,EUR,2024-02-05
K01795CIA0,20,EUR,2024-02-05
K01795CID0,20,EUR,2024-02-05
K01795CII0,20,EUR,2024-02-05
K107160000,20,CHF,2006-07-24
K107270000,10,CHF,2006-07-24
K110950000,10,CHF,2006-07-24
K111240000,20,CHF,2006-07-24
K111520000,20,CHF,2006-07-24
K111530000,20,CHF,2006-07-24
K112130000,20,CHF,2006-07-24
K112380000,20,CHF,2006-07-24
K112520000,20,CHF,2006-07-24
K112560000,20,CHF,2006-07-24
K112840000,20,CHF,2006-07-24
K113020000,20,CHF,2006-07-24
K113060000,10,CHF,2006-07-24
K113070000,20,CHF,2006-07-24
K113320000,20,CHF,2006-07-24
K113610000,90,CHF,2006-07-24
K113680000,20,CHF,2006-07-24
K113740000,20,CHF,2006-07-24
K114700000,20,CHF,2006-07-24
K114890000,90,CHF,2006-07-24
K115150000,10,CHF,2006-07-24
K115190000,90,CHF,2006-07-24
K115310000,90,CHF,2006-07-24
K107390000,90,CHF,2006-07-24
K107500000,90,CHF,2006-07-24
K108020000,20,CHF,2006-07-24
K108250000,90,CHF,2006-07-24
K108360000,90,CHF,2006-07-24
K108650000,90,CHF,2006-07-24
K109210000,20,CHF,2006-07-24
K109920000,90,CHF,2006-07-24
K119900000,20,CHF,2006-07-24
K120300000,20,CHF,2006-07-24
K120540000,20,CHF,2006-07-24
K120600000,20,CHF,2006-07-24
K121050000,20,CHF,2006-07-24
K121110000,20,CHF,2006-07-24
K121330000,20,CHF,2006-07-24
K121450000,20,CHF,2006-07-24
K121470000,20,CHF,2006-07-24
K121560000,90,CHF,2006-07-24
K121670000,20,CHF,2006-07-24
K121800000,90,CHF,2006-07-24
K116400000,10,CHF,2006-07-24
K116410000,20,CHF,2006-07-24
K116450000,20,CHF,2006-07-24
K116560000,90,CHF,2006-07-24
K116830000,90,CHF,2006-07-24
K117730000,90,CHF,2006-07-24
K117780000,90,CHF,2006-07-24
K118410000,90,CHF,2006-07-24
K119650000,20,CHF,2006-07-24
K127640000,90,CHF,2006-07-24
K127660000,20,CHF,2006-07-24
K127690000,90,CHF,2006-07-24
K128000000,90,CHF,2006-07-24
K128060000,90,CHF,2006-07-24
K173170000,20,CHF,2008-04-23
K173280000,20,CHF,2008-04-23
K173320000,20,CHF,2008-04-23
K173390000,20,CHF,2008-04-23
K173690000,10,CHF,2008-04-23
K173700000,20,CHF,2008-04-23
K173760000,90,CHF,2008-04-23
K173880000,10,CHF,2008-04-23
K173920000,20,CHF,2008-04-23
K173940000,20,CHF,2008-04-23
K174030000,90,CHF,2008-04-23
K174160000,20,CHF,2008-04-23
K174480000,90,CHF,2008-04-23
K174580000,20,CHF,2008-04-23
K174590000,90,CHF,2008-04-23
K174610000,10,CHF,2008-04-23
K174620000,20,CHF,2008-04-23
K174680000,90,CHF,2008-04-23
K174740000,90,CHF,2008-04-23
K161300000,10,CHF,2017-06-06
K003800000,20,CHF,2017-06-06
K003780000,10,CHF,2017-06-12
K029170000,10,CHF,2017-06-13
K025070000,20,CHF,2017-07-04
K161340000,20,CHF,2017-07-10
K000330000,90,CHF,2017-07-11
K107470000,20,CHF,2017-05-23
K000230000,20,CHF,2017-06-07
K054670000,20,CHF,2017-06-07
K124350000,20,EUR,2017-06-08
K023680000,20,CHF,2017-06-29
K047110000,20,CHF,2017-07-05
K000450000,20,CHF,2017-08-08
K000460000,20,CHF,2017-08-09
K022240000,20,CHF,2017-08-16
K003680000,20,CHF,2017-08-16
K000640000,20,CHF,2017-08-21
K000710000,20,CHF,2017-08-30
K000740000,20,CHF,2017-08-31
K178680000,90,CHF,2017-09-01
K166940000,90,CHF,2017-10-03
K000990000,20,CHF,2017-10-04
K001160000,20,CHF,2017-10-11
K043090000,20,CHF,2017-10-20
K044660000,10,CHF,2017-11-08
K032490000,10,CHF,2017-07-12
K07393BDO0,90,EUR,2017-07-21
K003660000,20,CHF,2017-09-05
K129230000,20,CHF,2008-04-25
K02152YYYY,20,CHF,2017-09-07
K001290000,20,CHF,2017-10-24
K001310000,20,CHF,2017-10-25
K125100000,90,CHF,2008-05-08
K108520000,90,CHF,2008-05-15
K110800000,20,CHF,2008-05-15
K072950000,90,CHF,2008-05-30
K169630000,20,CHF,2008-06-02
K150330145,90,CHF,2008-06-03
K150330158,90,CHF,2008-06-03
K120170000,90,CHF,2008-05-06
K087660000,20,CHF,2024-04-02
K01286JIB0,20,CHF,2024-04-04
K04230ARU0,20,CHF,2024-04-04
K04230ASA0,20,CHF,2024-04-05
K04230ASE0,20,CHF,2024-04-05
K17719BFK0,20,CHF,2024-03-08
K01795CJO0,20,EUR,2024-03-09
K01286JHC0,20,CHF,2024-03-11
K029310000,20,CHF,2024-03-11
K04605AAI0,20,CHF,2024-03-11
K023120000,20,CHF,2024-03-11
K11285BGS0,20,CHF,2024-03-12
K01286JHO0,20,CHF,2024-03-18
K01286JHQ0,20,CHF,2024-03-18
K02151BDB0,20,CHF,2024-03-21
K07393AQJ0,90,EUR,2015-12-03
K10100BKV0,90,EUR,2013-04-10
K10100BVA0,90,EUR,2013-08-13
K10100BZU0,90,EUR,2013-11-12
K10100CAE0,90,EUR,2013-11-12
K10100CAF0,90,EUR,2013-11-12
K10100CAM0,90,EUR,2013-11-12
K10100CBD0,90,EUR,2013-11-13
K10100CCW0,90,EUR,2013-12-06
K10100CFL0,90,EUR,2014-01-10
K10100CHE0,90,EUR,2014-02-19
K001390000,20,CHF,2017-11-02
K10100EEL0,90,EUR,2017-11-02
K10100EEM0,90,EUR,2017-11-02
K01286EJE0,20,CHF,2017-11-03
K01286EJR0,20,CHF,2017-11-03
K01286EJS0,20,CHF,2017-11-03
K01286EKB0,20,CHF,2017-11-06
K01286EKC0,20,CHF,2017-11-06
K17719AOL0,90,CHF,2017-11-06
K077250000,20,CHF,2017-11-22
K003580000,20,CHF,2017-11-27
K001500000,90,CHF,2017-11-29
K140880000,20,CHF,2017-11-29
K023400000,20,EUR,2017-12-01
K077090000,20,CHF,2008-05-21
K000510000,90,CHF,2008-05-23
K070960000,90,CHF,2008-05-26
K150330171,90,CHF,2008-06-03
K150330179,90,CHF,2008-06-03
K150330186,90,CHF,2008-06-03
K150330192,90,CHF,2008-06-03
K150330199,90,CHF,2008-06-03
K150330204,90,CHF,2008-06-03
K150330213,90,CHF,2008-06-03
K150330214,90,CHF,2008-06-03
K150330217,90,CHF,2008-06-03
K150330223,90,CHF,2008-06-03
K074970000,90,CHF,2008-06-04
K107400000,10,CHF,2008-06-04
K169640000,20,CHF,2008-06-09
K151930000,90,CHF,2008-06-10
K147550000,90,CHF,2008-06-12
K129250000,90,CHF,2008-06-25
K174830000,20,CHF,2008-06-27
K174840000,20,CHF,2008-06-30
K071190001,90,CHF,2008-06-30
K174870000,20,CHF,2008-07-01
K101320000,20,CHF,2008-07-01
K109730000,90,CHF,2008-07-02
K150330227,90,CHF,2008-07-11
K150330241,90,CHF,2008-07-11
K150330244,90,CHF,2008-07-11
K150330254,90,CHF,2008-07-11
K150330262,90,CHF,2008-07-11
K174950000,90,CHF,2008-07-11
K09974AAE0,90,CHF,2008-08-05
K09974AAF0,20,CHF,2008-08-05
K02892ZZZZ,90,CHF,2008-08-05
K087130000,20,CHF,2008-08-05
K151460000,20,CHF,2008-08-05
K128030000,90,CHF,2008-08-06
K11864AAI0,90,CHF,2008-08-07
K077870000,10,CHF,2008-08-07
K10100EFM0,90,EUR,2017-12-04
K10100EFN0,90,EUR,2017-12-04
K10100EFZ0,90,EUR,2017-12-04
K10100EGP0,90,EUR,2017-12-04
K10100EGS0,90,EUR,2017-12-04
K02152AKC0,20,CHF,2017-12-05
K01234AAL0,20,CHF,2017-12-06
K07393BFF0,90,EUR,2017-12-06
K10100CIV0,90,EUR,2014-03-19
K10100CIY0,90,EUR,2014-03-19
K10100CJD0,90,EUR,2014-03-19
K10100CJY0,90,EUR,2014-04-09
K10100CKK0,90,EUR,2014-04-09
K10100CKQ0,90,EUR,2014-04-09
K10100CMR0,90,EUR,2014-05-22
K10100CNU0,90,EUR,2014-06-18
K10100CPW0,90,EUR,2014-07-17
K10100CQD0,90,EUR,2014-07-17
K10100CRN0,90,EUR,2014-08-05
K10100CSV0,90,EUR,2014-09-15
K10100CUI0,90,EUR,2014-10-08
K10100CVP0,90,EUR,2014-11-12
K10100CVV0,90,EUR,2014-11-13
K10100CWU0,90,EUR,2014-12-01
K10100CYQ0,90,EUR,2015-01-15
K10100DBV0,90,EUR,2015-03-13
K10100DGZ0,90,EUR,2015-06-22
K10100DMV0,90,EUR,2015-09-10
K10100DNC0,90,EUR,2015-10-06
K10100DNM0,90,EUR,2015-10-06
K01111KI09,20,CHF,2015-07-01
K01286CGR0,20,CHF,2014-08-05
K01286CRN0,20,CHF,2015-03-09
K02152ABI0,20,CHF,2014-10-13
K02152ABJ0,20,CHF,2014-10-13
K024890000,20,CHF,2016-01-28
K07112AKP0,20,CHF,2014-08-07
K020380000,20,CHF,2017-12-12
K030950000,90,CHF,2017-12-14
K01286EMV0,20,CHF,2017-12-19
K150330164,90,CHF,2008-06-03
K064500000,20,CHF,2008-06-18
K174810000,90,CHF,2008-06-20
K125770000,20,CHF,2008-06-20
K150750000,20,CHF,2008-06-20
K011110016,90,CHF,2008-07-07
K174900000,90,CHF,2008-07-07
K065150000,10,CHF,2008-07-09
K142530000,20,CHF,2008-07-09
K056060000,90,CHF,2008-07-09
K092920000,90,CHF,2008-07-18
K064330000,10,CHF,2008-07-28
K056070000,20,CHF,2008-07-29
K123460000,20,CHF,2008-07-31
K052570000,90,CHF,2008-08-13
K014140000,20,CHF,2008-08-14
K141310000,10,CHF,2008-08-19
K09671AAB0,20,CHF,2008-08-21
K169690000,20,CHF,2008-08-21
K051090000,20,CHF,2008-09-04
K020490000,90,CHF,2008-09-05
K064110000,90,CHF,2008-08-27
K017070000,20,CHF,2008-08-29
K121390000,90,CHF,2008-09-01
K021450000,90,CHF,2008-09-12
K112680000,90,CHF,2008-09-16
K044110000,20,CHF,2008-09-16
K125130000,20,CHF,2008-09-16
K088880000,20,CHF,2008-09-22
K048410000,20,CHF,2008-09-30
K102990000,20,CHF,2008-10-01
K09671AAC0,20,CHF,2008-10-03
K02892AAD0,90,CHF,2008-10-06
K018790000,90,CHF,2008-10-06
K042270000,90,CHF,2008-10-07
K148120000,90,CHF,2008-10-15
K029050000,20,CHF,2008-10-15
K068900000,20,CHF,2008-10-17
K022730000,20,CHF,2008-10-20
K07393BFH0,90,EUR,2017-12-06
K07393BFL0,90,EUR,2017-12-06
K01111KG07,20,CHF,2017-12-07
K01286ELN0,20,CHF,2017-12-08
K01286EMU0,20,CHF,2017-12-08
K01286EME0,20,CHF,2017-12-08
K01286EMF0,20,CHF,2017-12-08
K10100EHB0,90,EUR,2018-01-04
K10100EHG0,90,EUR,2018-01-04
K10100EHS0,90,EUR,2018-01-04
K10100EHV0,90,EUR,2018-01-04
K01286ENL0,20,CHF,2018-01-05
K01286EOE0,20,CHF,2018-01-05
K01286EOF0,20,CHF,2018-01-08
K01286EQE0,20,CHF,2018-02-05
K01286EQL0,20,CHF,2018-02-05
K10100EIN0,90,EUR,2018-02-05
K10100EIP0,90,EUR,2018-02-05
K001610000,20,CHF,2018-01-15
K001620000,20,CHF,2018-01-15
K001630000,20,CHF,2018-01-16
K077980000,20,CHF,2018-01-16
K17719AOY0,20,CHF,2018-01-17
K003500000,20,CHF,2018-01-19
K01286EOM0,20,CHF,2018-01-23
K01286EOO0,20,CHF,2018-01-23
K17719APA0,20,CHF,2018-01-30
K02151ATR0,90,CHF,2018-02-15
K01286ERH0,20,CHF,2018-02-19
K11285AJN0,20,CHF,2018-02-21
K02151ATT0,20,CHF,2018-02-21
K02151ATV0,20,CHF,2018-02-21
K097430000,20,EUR,2018-02-26
K17719API0,20,CHF,2018-02-27
K073120000,20,CHF,2018-03-01
K01286ERU0,20,CHF,2018-03-02
K11285AJT0,20,CHF,2018-03-14
K10100EIX0,90,EUR,2018-02-05
K10100EJA0,90,EUR,2018-02-05
K10100EJJ0,90,EUR,2018-02-05
K061250000,20,CHF,2008-11-03
K012230000,20,CHF,2008-11-03
K034670000,20,CHF,2008-11-07
K043510000,10,CHF,2008-09-08
SMCNO00000,20,NOK,2008-10-08
K124680000,20,CHF,2008-10-08
K01448ASF0,90,CHF,2008-10-24
K012550000,90,CHF,2008-10-29
K055180000,20,CHF,2008-11-07
K144500000,90,CHF,2008-11-11
K126670000,20,CHF,2008-11-11
K032430000,20,CHF,2008-11-25
K151560071,20,CHF,2008-11-26
K031710000,90,CHF,2008-11-27
K071180000,20,CHF,2008-11-28
K048420000,90,CHF,2008-12-08
K153410000,90,CHF,2008-12-08
K120390000,20,CHF,2008-12-08
K15180AAB0,90,CHF,2008-12-10
K169870000,90,CHF,2008-12-11
K094750001,20,CHF,2008-12-11
K023090000,20,CHF,2008-11-24
K018610000,20,CHF,2008-11-24
K02892AAO0,90,CHF,2008-12-03
K039610000,90,CHF,2009-01-07
K065870000,20,CHF,2009-01-20
K088230000,90,CHF,2009-01-27
K045960001,20,CHF,2009-02-12
K11864ABA0,20,CHF,2009-02-20
K061030000,20,CHF,2009-03-03
K145970000,20,CHF,2009-03-03
K045450000,90,CHF,2009-01-05
K028160000,90,CHF,2009-01-13
K01448BXB0,90,CHF,2009-01-21
K175270000,20,CHF,2009-01-16
K040490001,10,CHF,2009-01-16
K086440000,20,CHF,2009-01-26
K089380000,20,CHF,2009-01-30
K108940000,90,CHF,2009-02-16
K14652AAA0,90,CHF,2009-02-23
K144540000,90,CHF,2009-02-24
K066710000,20,CHF,2009-03-02
K137190000,20,CHF,2009-03-02
K023270000,20,CHF,2009-03-09
K11864ABG0,20,CHF,2009-03-17
K052580000,20,CHF,2009-03-18
K031730000,10,CHF,2009-03-19
K064270000,90,CHF,2009-03-27
K12766ZZZZ,90,CHF,2009-04-02
K175440000,20,CHF,2009-04-14
K150330281,90,CHF,2009-04-22
K150330284,90,CHF,2009-04-22
K150330298,90,CHF,2009-04-22
K150330308,90,CHF,2009-04-22
K150330314,90,CHF,2009-04-22
K150330321,90,CHF,2009-04-22
K150330327,90,CHF,2009-04-22
K150330341,90,CHF,2009-04-22
K150330342,90,CHF,2009-04-22
K150330358,90,CHF,2009-04-22
K150330361,90,CHF,2009-04-22
K150330369,90,CHF,2009-04-22
K150330372,90,CHF,2009-04-22
K150330380,90,CHF,2009-04-22
K150330394,90,CHF,2009-04-22
K150330402,90,CHF,2009-04-22
K150330410,90,CHF,2009-04-22
K146040000,20,CHF,2009-04-22
K106010000,90,CHF,2009-05-07
K018420000,90,CHF,2017-11-10
K021890000,90,CHF,2009-05-08
K017090000,20,CHF,2009-05-19
K071820000,90,CHF,2009-05-20
K153320000,90,CHF,2009-05-27
K098130000,20,CHF,2009-05-28
K02151AAO0,90,CHF,2009-06-09
K02151ACH0,90,CHF,2009-06-09
K02151ACP0,90,CHF,2009-06-09
K10100EJN0,90,EUR,2018-02-05
K10100EJP0,90,EUR,2018-02-05
K10100EJT0,90,EUR,2018-02-05
K02152AKS0,20,CHF,2018-02-05
K001730000,10,CHF,2018-02-07
K07393BFX0,90,EUR,2018-02-07
K07393BGC0,90,EUR,2018-02-07
K158890000,90,CHF,2018-02-09
K141440000,20,CHF,2018-02-12
K091290000,10,CHF,2018-02-12
K003480000,20,CHF,2018-02-12
K001750000,20,CHF,2018-02-12
K01286ERC0,20,CHF,2018-02-12
K01286ERF0,20,CHF,2018-02-13
K065590000,20,CHF,2018-02-13
K090260000,20,CHF,2018-03-05
K001870000,20,CHF,2018-03-07
K01286ERW0,20,CHF,2018-03-07
K01286ESC0,20,CHF,2018-03-07
K01286ESN0,20,CHF,2018-03-09
K10100EJY0,90,EUR,2018-03-09
K10100EKC0,90,EUR,2018-03-09
K10100EKF0,90,EUR,2018-03-09
K10100EKJ0,90,EUR,2018-03-09
K10100EKQ0,90,EUR,2018-03-09
K003420000,20,CHF,2018-03-16
K025740000,20,CHF,2018-03-21
K001980000,20,CHF,2018-03-22
K161460000,20,CHF,2018-03-26
K01286EUM0,20,CHF,2018-03-27
K002100000,20,CHF,2018-03-29
K10100EMB0,90,EUR,2018-04-04
K10100EMH0,90,EUR,2018-04-04
K10100EMK0,90,EUR,2018-04-04
K10100EMM0,90,EUR,2018-04-04
K17719APL0,90,CHF,2018-04-05
K00500AEG0,20,CHF,2018-04-05
K100770000,20,CHF,2018-04-06
K161470000,20,CHF,2018-04-06
K01286EUY0,20,CHF,2018-04-09
K001450000,90,CHF,2017-11-20
K126940000,90,CHF,2017-11-23
K099750000,20,CHF,2009-06-10
K132090000,90,CHF,2009-03-19
K150330272,90,CHF,2009-03-19
K051140000,90,CHF,2009-03-19
K149640000,90,CHF,2009-03-23
K074780000,90,CHF,2009-03-30
K01448BYQ0,90,CHF,2009-04-01
K175400000,20,CHF,2009-04-06
K011130000,20,CHF,2009-04-17
K062800000,90,CHF,2009-04-17
K149540000,90,CHF,2009-04-23
K037620000,10,CHF,2009-04-24
K031930000,20,CHF,2009-04-24
K046070000,90,CHF,2009-04-27
K01448BZY0,90,CHF,2009-05-05
K126290000,90,CHF,2009-05-05
K151270000,90,CHF,2009-05-13
K171200000,20,CHF,2009-05-25
K040130000,20,CHF,2009-06-04
K005220000,20,CHF,2017-11-21
K17719AOP0,20,CHF,2017-11-22
K02892AAU0,90,CHF,2009-06-12
K006000000,20,CHF,2009-06-12
K006010000,20,CHF,2009-06-12
K006120000,90,CHF,2009-06-12
K006280000,10,CHF,2009-06-12
K006350000,20,CHF,2009-06-12
K006590000,90,CHF,2009-06-12
K006680000,20,CHF,2009-06-12
K006890000,90,CHF,2009-06-12
K006920000,20,CHF,2009-06-12
K007010000,20,CHF,2009-06-12
K007230000,10,CHF,2009-06-12
K007280000,90,CHF,2009-06-12
K007340000,90,CHF,2009-06-12
K007760000,90,CHF,2009-06-12
K007970000,20,CHF,2009-06-12
K01286EVC0,20,CHF,2018-04-09
K01286EVF0,20,CHF,2018-04-09
K01286EVL0,20,CHF,2018-04-09
K11285AJY0,20,CHF,2018-04-11
K01286EWC0,20,CHF,2018-04-30
K01286EWR0,20,CHF,2018-04-30
K01286EXA0,20,CHF,2018-04-30
K01286EXB0,20,CHF,2018-04-30
K01286EXC0,20,CHF,2018-04-30
K10100ENY0,90,EUR,2018-05-03
K10100EOF0,90,EUR,2018-05-03
K10100EOG0,90,EUR,2018-05-03
K10100EOJ0,90,EUR,2018-05-03
K10100EOK0,90,EUR,2018-05-03
K10100EPD0,90,EUR,2018-05-03
K10100EPI0,90,EUR,2018-05-03
K002270000,20,CHF,2018-05-03
K002290000,10,CHF,2018-05-04
K01286EXQ0,20,CHF,2018-05-07
K01286EXZ0,20,CHF,2018-05-22
K01286EYC0,90,CHF,2018-05-22
K01286EYE0,20,CHF,2018-05-22
K01286EYK0,20,CHF,2018-05-22
K10100EKZ0,90,EUR,2018-03-09
K002070000,20,CHF,2018-03-28
K002140000,20,CHF,2018-04-12
K01286EVW0,20,CHF,2018-04-16
K07393BGV0,90,EUR,2018-05-09
K07393BGZ0,90,EUR,2018-05-09
K01286EXV0,20,CHF,2018-05-14
K01286EXX0,20,CHF,2018-05-14
K002300000,90,CHF,2018-05-14
K003370000,20,CHF,2018-05-17
K069770000,20,CHF,2018-05-28
K070080000,20,CHF,2018-06-04
K01286EYX0,20,CHF,2018-06-05
K01286EZG0,20,CHF,2018-06-05
K01286EZH0,20,CHF,2018-06-05
K10100EPP0,90,EUR,2018-06-06
K10100EPW0,90,EUR,2018-06-06
K008010000,20,CHF,2009-06-12
K008050000,20,CHF,2009-06-12
K008170000,20,CHF,2009-06-12
K008190000,20,CHF,2009-06-12
K008250000,90,CHF,2009-06-12
K008320000,20,CHF,2009-06-12
K008390000,20,CHF,2009-06-12
K008420000,10,CHF,2009-06-12
K008480000,20,CHF,2009-06-12
K008520000,20,CHF,2009-06-12
K008550000,10,CHF,2009-06-12
K008660000,20,CHF,2009-06-12
K008670000,20,CHF,2009-06-12
K008740000,20,CHF,2009-06-12
K008790000,20,CHF,2009-06-12
K008810000,20,CHF,2009-06-12
K008890000,90,CHF,2009-06-12
K008920000,20,CHF,2009-06-12
K008990000,10,CHF,2009-06-12
K009190000,20,CHF,2009-06-12
K009240000,20,CHF,2009-06-12
K009250000,20,CHF,2009-06-12
K009260000,20,CHF,2009-06-12
K009320000,20,CHF,2009-06-12
K009370000,20,CHF,2009-06-12
K009570000,90,CHF,2009-06-12
K081520000,90,CHF,2009-07-01
K086510000,20,CHF,2009-07-01
K001510000,90,CHF,2017-11-29
K056210000,20,CHF,2017-12-01
K017480000,90,CHF,2009-07-27
K070630000,90,CHF,2009-08-06
K003570000,20,CHF,2017-12-04
K160010000,20,CHF,2009-08-13
K001490000,90,CHF,2017-11-27
K172220000,90,CHF,2009-07-06
K099420000,20,CHF,2009-07-15
K023610000,20,CHF,2018-02-20
K17719APF0,20,CHF,2018-02-21
K009990000,20,CHF,2010-12-09
K10100EQF0,90,EUR,2018-06-06
K10100EQG0,90,EUR,2018-06-06
K17719APQ0,20,CHF,2018-06-06
K069540000,20,CHF,2018-05-23
K069590000,20,CHF,2018-05-23
K069600000,20,CHF,2018-05-23
K069620000,20,CHF,2018-05-23
K061850014,20,CHF,2018-05-24
K161420000,20,CHF,2018-05-24
K002360000,20,CHF,2018-05-25
K069670000,20,CHF,2018-05-28
K069810000,20,CHF,2018-05-29
K01286EYW0,20,CHF,2018-05-29
K161570000,20,CHF,2018-06-14
K01286FAJ0,20,CHF,2018-06-25
K002510000,20,CHF,2018-06-28
K002520000,20,CHF,2018-06-29
K01286FBA0,20,CHF,2018-07-02
K10100EQP0,90,EUR,2018-07-03
K10100EQM0,90,EUR,2018-06-06
K10100EQN0,90,EUR,2018-06-06
K164860000,20,EUR,2018-06-07
K01286EZL0,20,CHF,2018-06-11
K01286EZM0,20,CHF,2018-06-11
K002580000,20,CHF,2018-07-16
K01286FBH0,20,CHF,2018-07-16
K01286FBR0,20,CHF,2018-07-16
K01286FBW0,20,CHF,2018-07-16
K026250000,20,CHF,2018-07-18
K01286FCQ0,20,CHF,2018-07-23
K01286FCZ0,20,CHF,2018-07-23
K01286FDF0,20,CHF,2018-07-31
K01286FDN0,20,CHF,2018-07-31
K840180000,20,CHF,2018-07-31
K10100ESE0,90,EUR,2018-08-02
K10100ESF0,90,EUR,2018-08-02
K10100ERU0,90,EUR,2018-07-03
K07393BHP0,90,EUR,2018-07-04
K17719APT0,20,CHF,2018-07-06
K07393BHS0,90,EUR,2018-08-08
K063610000,90,CHF,2011-01-05
K11864AKR0,20,CHF,2011-01-11
K126130000,20,CHF,2011-01-17
K040690000,90,CHF,2011-01-28
K109670014,90,CHF,2011-01-31
K003450000,20,CHF,2018-02-28
K003440000,90,CHF,2018-03-01
K176920000,10,CHF,2011-02-11
K000520000,90,CHF,2011-02-15
K013230000,90,CHF,2011-02-15
K014000000,10,CHF,2011-02-28
K176990000,20,CHF,2011-03-09
K044640000,20,CHF,2011-03-16
K018030537,90,CHF,2011-03-21
K099970000,90,EUR,2011-03-31
K053450000,20,CHF,2011-03-31
K024440000,90,CHF,2011-04-01
K151560089,20,CHF,2011-04-13
K11864AKP0,20,CHF,2010-12-13
K150330915,90,CHF,2010-12-14
K151630000,10,CHF,2010-12-15
K08279ZZZZ,90,CHF,2010-12-24
K110500000,90,CHF,2011-01-04
K176900000,20,CHF,2011-02-07
K001830000,20,CHF,2018-03-05
K150330920,90,CHF,2011-02-17
K024110000,90,CHF,2011-03-04
K11864AKT0,20,CHF,2011-03-10
K17580AAM0,20,CHF,2011-03-14
K133230000,10,CHF,2011-03-16
K150330926,90,CHF,2011-03-28
K001910000,20,CHF,2018-03-09
K028520000,20,CHF,2011-06-20
K064570000,90,CHF,2011-06-20
K030770000,90,CHF,2011-06-23
K012710000,90,EUR,2011-06-29
K155780000,90,CHF,2011-07-18
K137490001,90,CHF,2011-07-18
K108270000,20,CHF,2011-07-21
K177180000,20,CHF,2011-08-05
K07393BHU0,90,EUR,2018-08-08
K07393BIB0,90,EUR,2018-08-08
K07393BIC0,90,EUR,2018-08-08
K161790000,20,CHF,2018-08-10
K002600000,20,CHF,2018-08-13
K17719APW0,20,CHF,2018-08-13
K01286FDX0,20,CHF,2018-08-14
K17719APX0,20,CHF,2018-08-14
K01286FEI0,20,CHF,2018-08-20
K01286FEO0,20,CHF,2018-08-20
K01286FER0,20,CHF,2018-08-20
K01286FEK0,20,CHF,2018-08-20
K308520000,20,CHF,2018-08-21
K095140000,20,EUR,2018-08-23
K002650000,10,CHF,2018-08-23
K002660000,20,CHF,2018-08-24
K002680000,20,CHF,2018-08-28
K161800000,20,CHF,2018-09-14
K01286FFW0,20,CHF,2018-09-19
K161820000,20,CHF,2018-09-21
K297180000,20,CHF,2018-08-02
K10100ESO0,90,EUR,2018-08-02
K10100ESP0,90,EUR,2018-08-02
K10100ETB0,90,EUR,2018-08-02
K10100ETG0,90,EUR,2018-08-02
K070190000,20,CHF,2018-08-07
K561000000,20,CHF,2018-08-07
K10100ETI0,90,EUR,2018-09-03
K10100ETP0,90,EUR,2018-09-04
K10100EUE0,90,EUR,2018-09-04
K10100EUH0,90,EUR,2018-09-04
K062340000,20,CHF,2018-09-05
K150331182,90,CHF,2018-09-05
K512090000,20,CHF,2018-09-05
K003180000,20,CHF,2018-09-06
K01286FFJ0,20,CHF,2018-09-10
K01286FFM0,20,CHF,2018-09-10
K01286FFN0,90,CHF,2018-09-10
K002770000,20,CHF,2018-09-11
K003170000,90,EUR,2018-09-11
K01448CZS0,90,CHF,2011-08-08
K009980000,90,CHF,2011-09-07
K012240000,90,CHF,2011-09-08
K01530AFF0,90,CHF,2011-09-15
K01530AFR0,90,CHF,2011-09-15
K01530AFS0,90,CHF,2011-09-15
K01530AFV0,90,CHF,2011-09-15
K01530AGC0,90,CHF,2011-09-15
K01530AGF0,90,CHF,2011-09-15
K01530AGR0,90,CHF,2011-09-15
K01530AGY0,90,CHF,2011-09-15
K088520000,10,CHF,2011-07-25
K13762AHI0,90,CHF,2011-07-27
K177160000,90,CHF,2011-07-27
K024130000,20,CHF,2011-08-10
K018030557,90,CHF,2011-08-15
K116360000,90,CHF,2011-08-26
K009960000,90,CHF,2011-08-29
K012570000,10,CHF,2011-08-30
K015300000,90,CHF,2011-09-06
K01530YYYY,90,CHF,2011-09-06
K018030560,90,CHF,2011-09-13
K02151AFN0,90,CHF,2011-09-14
K01530AAA0,90,CHF,2011-09-15
K01530AAC0,90,CHF,2011-09-15
K01530AAK0,90,CHF,2011-09-15
K01530AAL0,90,CHF,2011-09-15
K01530AAP0,90,CHF,2011-09-15
K01530AHG0,90,CHF,2011-09-15
K01530AHW0,90,CHF,2011-09-15
K01530AIC0,90,CHF,2011-09-15
K01530AIP0,90,CHF,2011-09-15
K01530AIT0,90,CHF,2011-09-15
K01530AIX0,90,CHF,2011-09-15
K01530AJB0,90,CHF,2011-09-15
K01530AJF0,90,CHF,2011-09-15
K01530AJN0,90,CHF,2011-09-15
K01530AJZ0,90,CHF,2011-09-15
K01530AKH0,90,CHF,2011-09-15
K01286FHA0,20,CHF,2018-10-01
K10100EUJ0,90,EUR,2018-10-02
K10100EUU0,90,EUR,2018-10-02
K10100EUY0,90,EUR,2018-10-02
K10100EVB0,90,EUR,2018-10-02
K11285AKU0,90,CHF,2018-09-24
K01286FGJ0,20,CHF,2018-09-25
K002860000,10,CHF,2018-09-28
K080300000,90,CHF,2018-10-10
K01286FHP0,20,CHF,2018-10-15
K01286FIC0,20,CHF,2018-10-22
K01286FIJ0,20,CHF,2018-10-22
K02151AVG0,20,CHF,2018-10-22
K002910000,20,CHF,2018-10-24
K002950000,20,CHF,2018-11-01
K019510000,90,CHF,2018-11-02
K01286FJI0,90,CHF,2018-11-05
K01286FJD0,20,CHF,2018-11-05
K01286FJF0,20,CHF,2018-11-05
K07393BIX0,90,EUR,2018-11-07
K02151AVH0,20,CHF,2018-11-08
K002980000,20,CHF,2018-11-08
K10100EVV0,90,EUR,2018-11-09
K10100EWC0,90,EUR,2018-11-09
K10100EWO0,90,EUR,2018-11-09
K10100EVC0,90,EUR,2018-10-02
K10100EUR0,90,EUR,2018-10-02
K00500AEM0,20,CHF,2018-10-04
K01286FHK0,20,CHF,2018-10-08
K01286FHL0,20,CHF,2018-10-08
K01286FKR0,20,CHF,2018-11-22
K003050000,20,CHF,2018-11-23
K01286FKX0,20,CHF,2018-11-26
K01286FKZ0,20,CHF,2018-11-26
K10100EXR0,90,EUR,2018-12-04
K10100EXS0,90,EUR,2018-12-04
K10100EYD0,90,EUR,2018-12-04
K005280000,20,CHF,2018-12-05
K10100EYP0,90,EUR,2018-12-05
K10100EYR0,90,EUR,2018-12-05
K10100EYW0,90,EUR,2018-12-05
K10100EYX0,90,EUR,2018-12-05
K10100EZA0,90,EUR,2018-12-05
K01286FLE0,20,CHF,2018-12-05
K01286FLI0,20,CHF,2018-12-05
K01286FLJ0,20,CHF,2018-12-05
K01286FLN0,20,CHF,2018-12-05
K005290000,20,CHF,2018-12-05
K002990000,20,CHF,2018-11-09
K01286FJU0,20,CHF,2018-11-12
K150331186,90,CHF,2018-11-19
K01286FKJ0,90,CHF,2018-11-19
K003000000,20,CHF,2018-11-20
K07393BJC0,90,EUR,2018-12-06
K07393BJD0,90,EUR,2018-12-06
K07393BJJ0,90,EUR,2018-12-06
K01286FLV0,20,CHF,2018-12-12
K01286FMC0,20,CHF,2018-12-12
K01286FME0,20,CHF,2018-12-12
K02151AVQ0,20,CHF,2018-12-12
K02151AVS0,20,CHF,2018-12-13
K005420000,20,CHF,2019-01-09
K005440000,20,CHF,2019-01-14
K01286FOG0,20,CHF,2019-01-14
K064010000,20,CHF,2019-01-15
K005480000,20,CHF,2019-01-16
K015890001,20,CHF,2019-01-18
K11285ALF0,20,CHF,2019-01-21
K01286FMZ0,20,CHF,2018-12-17
K04370AMA0,20,CHF,2019-01-07
K005410000,10,CHF,2019-01-07
K01286FNH0,20,CHF,2019-01-07
K01286FNJ0,20,CHF,2019-01-07
K01286FNX0,20,CHF,2019-01-08
K161960000,20,EUR,2019-01-25
K01286FOT0,20,CHF,2019-01-28
K01286FOU0,20,CHF,2019-01-28
K01286FPH0,20,CHF,2019-01-28
K005570000,20,CHF,2019-02-04
K133190001,90,CHF,2019-02-14
K01530AKL0,90,CHF,2011-09-15
K01530AKR0,90,CHF,2011-09-15
K01530AKX0,90,CHF,2011-09-15
K01530ALB0,90,CHF,2011-09-15
K01530ALD0,90,CHF,2011-09-15
K01530ALL0,90,CHF,2011-09-15
K01530ALX0,90,CHF,2011-09-15
K01530ALY0,90,CHF,2011-09-15
K01530AMC0,90,CHF,2011-09-15
K01530AMO0,90,CHF,2011-09-15
K01795BLU0,20,EUR,2023-02-06
K04230AFP0,20,CHF,2022-12-01
K07112AHF0,20,CHF,2012-09-06
K01795AMO0,20,EUR,2022-05-04
K10100ELZ0,90,EUR,2018-04-04
K10100EWD0,90,EUR,2018-11-09
K01795BXS0,20,EUR,2023-08-02
K10100FDC0,90,EUR,2019-03-05
K04230ACN0,20,CHF,2022-08-16
K04230ABC0,20,CHF,2022-06-24
K02152AIP0,20,CHF,2017-06-07
K02152AIQ0,20,CHF,2017-06-07
K10100DUZ0,90,EUR,2017-05-05
K10100EEI0,90,EUR,2017-11-02
K02152AJF0,20,CHF,2017-09-07
K10100DYW0,90,EUR,2017-07-24
K10100EAH0,90,EUR,2017-08-04
K01795APE0,20,EUR,2022-06-07
K04230AFO0,20,CHF,2022-12-01
K07393BHI0,90,EUR,2018-06-07
K153640000,90,CHF,2006-07-24
K153960000,90,CHF,2006-07-24
K154060000,20,CHF,2006-07-24
K151150000,20,CHF,2006-07-24
K151490000,20,CHF,2006-07-24
K151530000,20,CHF,2006-07-24
K151540000,20,CHF,2006-07-24
K151550000,90,CHF,2006-07-24
K151660000,90,CHF,2006-07-24
K01286FQA0,20,CHF,2019-02-18
K01286FQH0,20,CHF,2019-02-18
K160520002,20,CHF,2019-02-28
K02151AWA0,20,CHF,2019-03-01
K005560000,20,CHF,2019-01-30
K10100FAO0,90,EUR,2019-02-07
K10100FBB0,90,EUR,2019-02-07
K10100FBN0,90,EUR,2019-02-07
K10100FBP0,90,EUR,2019-02-07
K10100FAH0,90,EUR,2019-02-07
K10100FBC0,90,EUR,2019-02-07
K10100FBS0,90,EUR,2019-02-07
K162120000,20,CHF,2019-02-07
K01286CNP0,20,CHF,2019-02-12
K01286CCN0,20,CHF,2019-02-12
K112930000,20,CHF,2019-07-09
K01286FRJ0,20,CHF,2019-03-04
K01286FQY0,20,CHF,2019-03-04
K10100FCB0,90,EUR,2019-03-05
K10100FCD0,90,EUR,2019-03-05
K10100FCF0,90,EUR,2019-03-05
K10100FCW0,90,EUR,2019-03-05
K10100FDD0,90,EUR,2019-03-05
K10100FDO0,90,EUR,2019-03-05
K01286FRN0,20,CHF,2019-03-12
K162330000,20,CHF,2019-03-19
K162380000,20,CHF,2019-03-22
K162490000,20,CHF,2019-04-09
K01286FTP0,20,CHF,2019-04-11
K01286FTV0,20,CHF,2019-04-11
K01286FTW0,20,CHF,2019-04-11
K01286FTL0,20,CHF,2019-04-11
K00500AER0,90,CHF,2019-04-23
K057600000,90,CHF,2019-04-24
K007610001,20,CHF,2019-04-26
K01286FUU0,20,CHF,2019-05-02
K01286FVA0,20,CHF,2019-05-02
K17719AFC0,20,CHF,2019-05-02
K01286FVJ0,20,CHF,2019-05-06
K01448CDJ0,90,CHF,2009-09-15
K151860000,20,CHF,2006-07-24
K152010000,90,CHF,2006-07-24
K022220011,90,CHF,2006-07-27
K033330005,90,CHF,2006-07-28
K044440005,90,CHF,2006-07-28
K055550002,90,CHF,2006-07-28
K018030021,90,CHF,2006-07-29
K018030024,90,CHF,2006-07-29
K018030031,90,CHF,2006-07-29
K018030037,90,CHF,2006-07-29
K018030043,90,CHF,2006-07-29
K154230000,90,CHF,2006-07-24
K154320000,20,CHF,2006-07-24
K154380000,90,CHF,2006-07-24
K154510000,20,CHF,2006-07-24
K133060000,20,EUR,2006-07-24
K013010000,90,CHF,2006-07-24
K117720000,20,EUR,2006-07-24
K139500000,20,CHF,2006-07-28
K018030002,90,CHF,2006-07-26
K150330028,90,CHF,2006-07-28
K150330037,90,CHF,2006-07-28
K150330042,90,CHF,2006-07-28
K150330048,90,CHF,2006-07-28
K150330049,90,CHF,2006-07-28
K150330050,90,CHF,2006-07-28
K150330052,90,CHF,2006-07-28
K150330055,90,CHF,2006-07-28
K150330060,90,CHF,2006-07-28
K150330062,90,CHF,2006-07-28
K150330067,90,CHF,2006-07-28
K150330078,90,CHF,2006-07-28
K150330080,90,CHF,2006-07-28
K150330083,90,CHF,2006-07-28
K018030052,90,CHF,2006-07-29
K018030066,90,CHF,2006-07-29
K018030070,90,CHF,2006-07-29
K018030072,90,CHF,2006-07-29
K018030084,90,CHF,2006-07-29
K01448CDK0,90,CHF,2009-09-15
K01448CDO0,90,CHF,2009-09-15
K01448CDP0,90,CHF,2009-09-15
K01448CDR0,90,CHF,2009-09-15
K01448CDW0,90,CHF,2009-10-12
K01448CEA0,90,CHF,2009-10-19
K01448CEC0,90,CHF,2009-11-12
K01448CED0,90,CHF,2009-11-12
K01448CEU0,90,CHF,2009-11-18
K01448EEE0,90,CHF,2013-09-18
K01448EEF0,90,CHF,2013-09-18
K01448EEJ0,90,CHF,2013-09-18
K01448DDH0,90,CHF,2012-01-30
K01448DDM0,20,CHF,2012-01-30
K01448DDP0,90,CHF,2012-01-30
K01448DDT0,90,CHF,2012-01-30
K01448DDW0,90,CHF,2012-01-30
K01448DEB0,90,CHF,2012-01-30
K01448DEC0,90,CHF,2012-01-30
K01448DEL0,90,CHF,2012-01-30
K01448DEQ0,90,CHF,2012-01-30
K01448DER0,90,CHF,2012-01-30
K01448DEW0,90,CHF,2012-01-30
K01448DEX0,90,CHF,2012-01-30
K01448DFD0,90,CHF,2012-01-30
K01448DFE0,90,CHF,2012-01-30
K01448DFI0,90,CHF,2012-01-30
K01448DFJ0,90,CHF,2012-01-30
K01448DFP0,90,CHF,2012-01-30
K01448DFU0,90,CHF,2012-01-30
K01448DFV0,90,CHF,2012-01-30
K01448DGC0,90,CHF,2012-03-19
K01448DHB0,90,CHF,2012-05-03
K01448DHS0,90,CHF,2012-05-03
K01448DIC0,90,CHF,2012-05-03
K01448DJE0,90,CHF,2012-07-20
K01448DJG0,90,CHF,2012-07-18
K01448DJJ0,90,CHF,2012-07-18
K01448DJK0,90,CHF,2012-07-20
K01448DJQ0,90,CHF,2012-07-20
K018030089,90,CHF,2006-07-29
K018030102,90,CHF,2006-07-29
K018030108,90,CHF,2006-07-29
K018030114,90,CHF,2006-07-29
K018030122,90,CHF,2006-07-29
K018030130,90,CHF,2006-07-29
K018030142,90,CHF,2006-07-29
K018030143,90,CHF,2006-07-29
K018030155,90,CHF,2006-07-29
K125860003,90,CHF,2006-07-28
K150330006,90,CHF,2006-07-28
K150330010,90,CHF,2006-07-28
K150330016,90,CHF,2006-07-28
K150330022,90,CHF,2006-07-28
K027920000,90,CHF,2006-08-01
K062240000,90,CHF,2006-08-01
K067260000,10,CHF,2006-08-01
K079640000,90,CHF,2006-08-01
K081390000,90,CHF,2006-08-01
K088620000,20,CHF,2006-08-01
K089470000,20,CHF,2006-08-01
K090170000,90,CHF,2006-08-01
K091220000,90,CHF,2006-08-01
K096720000,20,CHF,2006-08-01
K104280000,90,CHF,2006-08-01
K116020000,90,CHF,2006-08-01
K122150000,20,CHF,2006-08-01
K123610000,90,CHF,2006-08-01
K128930000,20,CHF,2006-08-01
K154700000,90,CHF,2006-08-01
K154760000,20,CHF,2006-08-01
K029160001,20,CHF,2006-08-03
K166840000,90,CHF,2006-08-07
K167860000,90,CHF,2006-08-08
K018030163,90,CHF,2006-08-08
K018030309,90,CHF,2006-08-22
K018030322,90,CHF,2006-08-22
K018030337,90,CHF,2006-08-22
K018030362,90,CHF,2006-08-22
K01448DJS0,90,CHF,2012-07-23
K01448DKC0,90,CHF,2012-07-20
K01448DKD0,90,CHF,2012-07-20
K01448DKT0,90,CHF,2012-07-23
K01448DKX0,90,CHF,2012-09-17
K01448DKZ0,90,CHF,2012-09-17
K01448DLC0,90,CHF,2012-09-17
K01448DLM0,90,CHF,2012-09-17
K01448DLS0,90,CHF,2012-09-28
K01448DLZ0,90,CHF,2012-09-17
K01448DMX0,90,CHF,2012-09-17
K01448DNE0,90,CHF,2012-10-10
K01448DNS0,90,CHF,2012-10-10
K01448DNZ0,90,CHF,2012-10-10
K01448DOC0,90,CHF,2012-10-10
K01448DOE0,90,CHF,2012-10-10
K01448DOG0,90,CHF,2012-10-10
K01448DOY0,90,CHF,2012-11-13
K01448DRC0,90,CHF,2012-12-06
K01448DRD0,90,CHF,2012-12-06
K01448DRN0,90,CHF,2012-12-06
K01448DRO0,90,CHF,2012-12-06
K01448DRQ0,90,CHF,2012-12-06
K01448DRX0,90,CHF,2012-12-06
K01448DRY0,90,CHF,2012-12-06
K01448DRZ0,90,CHF,2012-12-06
K01448DSA0,90,CHF,2012-12-06
K01448DSB0,90,CHF,2012-12-06
K01448DSF0,90,CHF,2012-12-06
K01448DSI0,90,CHF,2012-12-06
K01448DSJ0,90,CHF,2012-12-06
K01448DSQ0,90,CHF,2012-12-17
K01448DST0,90,CHF,2012-12-17
K01448DTB0,90,CHF,2012-12-17
K01448DUF0,90,CHF,2013-01-17
K01448DUL0,90,CHF,2013-01-17
K01448DUP0,90,CHF,2013-01-17
K01448DUQ0,90,CHF,2013-01-17
K01448DVO0,90,CHF,2013-02-13
K01448DVP0,90,CHF,2013-02-25
K018030368,90,CHF,2006-08-22
K018030381,90,CHF,2006-08-22
K018030398,90,CHF,2006-08-22
K018030411,90,CHF,2006-08-22
K150330090,90,CHF,2006-07-28
K150330093,90,CHF,2006-07-28
K150330104,90,CHF,2006-07-28
K150330111,90,CHF,2006-07-28
K150330112,90,CHF,2006-07-28
K150330119,90,CHF,2006-07-28
K150330120,90,CHF,2006-07-28
K150330125,90,CHF,2006-07-28
K030270000,90,CHF,2006-07-28
K034640001,90,CHF,2006-07-31
K109870000,20,CHF,2006-08-10
K109370000,20,CHF,2006-08-11
K148770000,90,CHF,2006-08-16
K024680000,20,CHF,2006-08-17
K018030176,90,CHF,2006-08-17
K074960000,90,CHF,2006-08-17
K018030183,90,CHF,2006-08-22
K018030197,90,CHF,2006-08-22
K018030201,90,CHF,2006-08-22
K018030212,90,CHF,2006-08-22
K018030222,90,CHF,2006-08-22
K018030231,90,CHF,2006-08-22
K018030243,90,CHF,2006-08-22
K018030245,90,CHF,2006-08-22
K018030253,90,CHF,2006-08-22
K018030257,90,CHF,2006-08-22
K018030263,90,CHF,2006-08-22
K018030264,90,CHF,2006-08-22
K018030267,90,CHF,2006-08-22
K018030286,90,CHF,2006-08-22
K018030290,90,CHF,2006-08-22
K018030297,90,CHF,2006-08-22
K087880000,90,CHF,2006-08-31
K056710000,20,CHF,2006-09-06
K100700000,10,CHF,2006-09-11
K01448DWC0,90,CHF,2013-02-25
K01448DXF0,90,CHF,2013-03-25
K01448DXI0,90,CHF,2013-03-25
K01448DXJ0,90,CHF,2013-03-25
K01448DXK0,90,CHF,2013-03-25
K01448DXT0,90,CHF,2013-03-25
K01448DXX0,90,CHF,2013-04-18
K01448DXY0,90,CHF,2013-04-18
K01448DYK0,90,CHF,2013-04-18
K01448DYN0,90,CHF,2013-04-18
K01448DYS0,90,CHF,2013-04-18
K01448DZQ0,90,CHF,2013-05-21
K01448DZS0,90,CHF,2013-05-22
K01448DZT0,90,CHF,2013-05-22
K01448DZU0,90,CHF,2013-05-22
K01448EAJ0,90,CHF,2013-05-22
K01448EAK0,90,CHF,2013-05-22
K01448EAZ0,90,CHF,2013-06-07
K01448EBB0,90,CHF,2013-06-07
K01448EBO0,90,CHF,2013-07-15
K01448EFL0,90,CHF,2013-09-18
K01448EFO0,90,CHF,2013-09-18
K01448EFS0,90,CHF,2013-09-25
K01448EFY0,90,CHF,2013-09-25
K01448EGM0,90,CHF,2013-10-25
K01448EGP0,90,CHF,2013-10-25
K01448EHG0,90,CHF,2013-10-29
K01448EHP0,90,CHF,2013-10-29
K01448EHR0,90,CHF,2013-10-29
K01448EIL0,90,CHF,2013-11-27
K01448EIV0,90,CHF,2013-11-27
K01448EIY0,90,CHF,2013-11-27
K01448EJN0,90,CHF,2013-11-27
K01448EKE0,90,CHF,2013-12-20
K01448EKF0,90,CHF,2013-12-20
K01448ELL0,90,CHF,2014-01-29
K01448ELT0,90,CHF,2014-01-29
K01448ELW0,90,CHF,2014-02-03
K01448ELZ0,90,CHF,2014-02-04
K01448EMM0,90,CHF,2014-02-21
K018030426,90,CHF,2006-08-22
K018030433,90,CHF,2006-08-22
K018030446,90,CHF,2006-08-22
K018030451,90,CHF,2006-08-22
K018030453,90,CHF,2006-08-22
K018030465,90,CHF,2006-08-22
K018030479,90,CHF,2006-08-22
K018030485,90,CHF,2006-08-22
K064540000,90,CHF,2006-08-23
K027510001,90,CHF,2006-08-24
K145560000,90,CHF,2006-08-28
K138350000,20,CHF,2006-09-29
K027990002,20,CHF,2006-10-02
K150330136,90,CHF,2006-10-04
K072610000,20,CHF,2006-10-05
K167960000,90,CHF,2006-10-05
K142270000,90,CHF,2006-10-06
K150370000,20,CHF,2006-09-14
K145420000,20,CHF,2006-09-20
K119300000,20,CHF,2006-09-21
K010100000,20,CHF,2006-09-26
K118030000,90,CHF,2006-10-10
K028380000,20,CHF,2006-10-10
K152230000,90,CHF,2006-10-17
K151200000,10,CHF,2006-10-20
K102660000,10,CHF,2006-10-20
K065730000,90,CHF,2006-11-03
K168040000,90,CHF,2006-11-07
K027940000,20,CHF,2006-11-07
K151060000,90,CHF,2006-11-08
K076650000,10,CHF,2006-11-30
K144890000,90,CHF,2006-10-26
K102500000,90,CHF,2006-11-01
K168020000,90,CHF,2006-11-01
K168100000,20,CHF,2006-11-14
K115870000,90,CHF,2006-11-21
K089760000,20,CHF,2006-11-21
K059140000,90,CHF,2006-11-22
K168150000,90,CHF,2006-11-22
K092980000,20,CHF,2006-12-04
K146090000,90,CHF,2006-12-05
K054320000,20,CHF,2006-12-08
K152130000,90,CHF,2006-12-14
K018030499,90,CHF,2006-12-19
K054520000,90,CHF,2006-12-20
K134870000,90,CHF,2006-12-21
K099120000,20,CHF,2007-01-04
K168290000,20,CHF,2007-01-05
K106640000,90,CHF,2007-01-15
K051120000,90,CHF,2007-01-22
K066370000,10,CHF,2007-01-23
K084880000,90,CHF,2006-11-30
K168200000,20,CHF,2006-11-30
K168340000,90,CHF,2007-01-10
K018030500,90,CHF,2007-01-11
K107680000,90,CHF,2007-01-12
K022220016,90,CHF,2008-04-17
K118800000,20,CHF,2007-01-31
K042860000,20,CHF,2007-02-01
K068490000,20,CHF,2007-02-02
K168460000,20,CHF,2007-02-06
K028280000,90,CHF,2007-02-19
K052320000,20,CHF,2007-02-20
K036280000,90,CHF,2007-02-20
K168540000,20,CHF,2007-02-22
K049130000,20,CHF,2007-03-06
K152480000,90,CHF,2007-03-07
K152170000,20,CHF,2007-02-13
K030700000,20,CHF,2007-03-05
K168580000,20,CHF,2007-03-05
K146230000,20,CHF,2007-03-06
K016590000,90,CHF,2007-03-19
K049540000,20,CHF,2007-03-27
K122330000,20,CHF,2007-04-10
K138520000,90,CHF,2007-04-16
K151560003,90,CHF,2007-04-30
K051510000,90,CHF,2007-05-02
K034050000,20,CHF,2007-05-21
K01448EMO0,90,CHF,2014-02-21
K01448EMR0,90,CHF,2014-02-21
K01448EMU0,90,CHF,2014-02-21
K01448ENI0,90,CHF,2014-03-25
K01448ENJ0,90,CHF,2014-03-25
K01448EOG0,90,CHF,2014-03-25
K01448EPD0,90,CHF,2014-04-15
K01448EPE0,90,CHF,2014-04-15
K01448EPH0,90,CHF,2014-04-15
K01448EPJ0,90,CHF,2014-04-15
K01448EPO0,90,CHF,2014-04-15
K01448EPT0,90,CHF,2014-05-13
K01448EPU0,90,CHF,2014-05-13
K01448EPZ0,90,CHF,2014-05-20
K01448EQC0,90,CHF,2014-05-22
K01448EQF0,90,CHF,2014-05-26
K01448EQG0,90,CHF,2014-05-26
K01448EQI0,90,CHF,2014-05-27
K01448EQL0,90,CHF,2014-05-27
K01448ERC0,90,CHF,2014-06-19
K01448ERE0,90,CHF,2014-06-19
K01448ERH0,90,CHF,2014-06-19
K01448ERN0,90,CHF,2014-06-30
K01448ESE0,90,CHF,2014-07-21
K01448ESH0,90,CHF,2014-07-24
K01448ESK0,90,CHF,2014-07-24
K01448ESL0,90,CHF,2014-07-28
K01448ESQ0,90,CHF,2014-08-04
K01448ESR0,90,CHF,2014-08-04
K01448ESW0,90,CHF,2014-08-06
K01448ESX0,90,CHF,2014-08-06
K01448ETU0,90,CHF,2014-09-16
K01448ETY0,90,CHF,2014-09-16
K01448EUR0,90,CHF,2014-09-22
K01448EUW0,90,CHF,2014-09-22
K01448EUX0,90,CHF,2014-09-22
K01448EUZ0,90,CHF,2014-09-29
K01448EVR0,90,CHF,2014-10-20
K01448EWD0,90,CHF,2014-10-22
K111120000,90,CHF,2007-03-15
K168600000,90,CHF,2007-03-15
SMCCH00000,20,CHF,2007-04-18
SMCFR00000,20,EUR,2007-04-18
K087110000,90,CHF,2007-04-19
K037780000,20,CHF,2007-04-20
K052890000,90,CHF,2007-04-20
K065830000,90,CHF,2007-05-03
K168730000,20,CHF,2007-05-07
K136690000,90,CHF,2007-05-25
K001040000,20,CHF,2007-05-25
K111540000,20,CHF,2007-05-30
K109710005,90,CHF,2007-05-31
K109640000,20,CHF,2007-06-04
K107620000,20,CHF,2007-06-05
K012870002,90,CHF,2007-06-19
K151350000,90,CHF,2007-06-07
K042300000,20,CHF,2007-06-21
K150140000,10,CHF,2007-06-22
K168930000,10,CHF,2007-06-25
K120920000,90,CHF,2007-06-26
K103710000,90,CHF,2007-07-09
K141970000,20,CHF,2011-05-12
K037910000,20,CHF,2011-05-13
K13762AEX0,90,CHF,2011-05-20
K13762AFA0,90,CHF,2011-05-20
K13762AFK0,90,CHF,2011-05-20
K13762AFM0,90,CHF,2011-05-20
K13762AGB0,90,CHF,2011-05-20
K13762AGQ0,90,CHF,2011-05-20
K13762AGW0,90,CHF,2011-05-20
K01448CUR0,90,CHF,2011-05-30
K095010000,90,CHF,2007-06-28
K168990000,20,CHF,2007-07-05
K01448CRW0,90,CHF,2011-05-18
K01448CRZ0,90,CHF,2011-05-18
K01448CSE0,90,CHF,2011-05-18
K01448CSF0,90,CHF,2011-05-18
K01448CSU0,90,CHF,2011-05-18
K01448EWG0,90,CHF,2014-10-23
K01448EWL0,90,CHF,2014-10-27
K01448EWZ0,90,CHF,2014-11-05
K01448EXD0,90,CHF,2014-11-18
K01448EXS0,90,CHF,2014-12-02
K01448EYJ0,90,CHF,2014-12-16
K01448EZM0,90,CHF,2015-01-20
K01448EZU0,90,CHF,2015-02-02
K01448FAB0,90,CHF,2015-03-10
K01448FAC0,90,CHF,2015-03-10
K01448FAH0,90,CHF,2015-03-10
K01448FBA0,90,CHF,2015-03-17
K01448FBL0,90,CHF,2015-05-26
K01448FBW0,90,CHF,2015-05-27
K01448FCA0,90,CHF,2015-05-27
K01448FCJ0,90,CHF,2015-06-08
K01448FCM0,90,CHF,2015-06-19
K01448FCO0,90,CHF,2015-06-19
K01448FDF0,90,CHF,2015-07-11
K01448FDI0,90,CHF,2015-07-29
K01448FDL0,90,CHF,2015-07-29
K01448FED0,90,CHF,2015-08-31
K01448FEF0,90,CHF,2015-09-03
K01448FEG0,90,CHF,2015-09-03
K01448FEH0,90,CHF,2015-09-21
K01448FEL0,90,CHF,2015-09-21
K01448FFP0,90,CHF,2016-02-24
K01448FFU0,90,CHF,2016-02-24
K01448FFY0,90,CHF,2016-02-24
K01448EBY0,90,CHF,2013-07-15
K01448ECN0,90,CHF,2013-07-15
K01530AJM0,90,CHF,2011-09-15
K01530AKI0,90,CHF,2011-09-15
K01530AKJ0,90,CHF,2011-09-15
K01530AKK0,90,CHF,2011-09-15
K01530AKQ0,90,CHF,2011-09-15
K01530AKY0,90,CHF,2011-09-15
K01530ALE0,90,CHF,2011-09-15
K01530ALM0,90,CHF,2011-09-15
K01448CSV0,90,CHF,2011-05-18
K01448CSZ0,90,CHF,2011-05-18
K01448CTG0,90,CHF,2011-05-18
K01448CTO0,90,CHF,2011-05-18
K01448CTQ0,90,CHF,2011-05-18
K01448CUE0,90,CHF,2011-05-18
K01448CUF0,90,CHF,2011-05-18
K177090000,90,CHF,2011-05-20
K150330932,90,CHF,2011-05-25
K150330934,90,CHF,2011-05-27
K115260000,20,CHF,2011-06-08
K100000000,90,EUR,2011-06-10
K133410000,20,CHF,2007-07-18
K129540000,90,CHF,2007-07-19
K169010000,20,CHF,2007-07-30
K013480000,10,CHF,2007-07-16
K169190000,20,CHF,2007-09-18
K082550000,90,CHF,2007-07-23
K067040001,90,CHF,2007-07-24
K126070000,20,CHF,2007-08-09
K130050000,90,CHF,2007-08-09
K018030512,90,CHF,2007-08-16
K124490000,20,CHF,2007-08-17
K021740000,20,CHF,2007-08-21
K044310000,20,CHF,2007-10-04
K144190000,10,CHF,2007-10-09
K020210000,90,CHF,2007-10-09
K021210000,90,CHF,2007-10-18
K170110000,20,CHF,2007-10-19
K169300000,90,CHF,2007-10-23
K154070000,90,CHF,2007-08-07
K021880000,20,CHF,2007-08-28
K101690000,20,CHF,2007-08-29
K070610000,20,CHF,2007-08-29
K169150000,20,CHF,2007-09-06
K149660000,90,CHF,2007-09-06
K169170000,10,CHF,2007-09-13
K103160000,90,CHF,2007-09-13
K093160000,90,CHF,2007-09-26
K01530ALV0,90,CHF,2011-09-15
K01530AMB0,90,CHF,2011-09-15
K01530AMD0,90,CHF,2011-09-15
K01530AMF0,90,CHF,2011-09-15
K01530AMQ0,90,CHF,2011-09-15
K01530AMW0,90,CHF,2011-09-15
K01530AMX0,90,CHF,2011-09-15
K01530ANN0,90,CHF,2011-09-15
K01530ANT0,90,CHF,2011-09-15
K01530AOE0,90,CHF,2011-09-15
K01530AOP0,90,CHF,2012-10-05
K01530AOW0,90,CHF,2012-11-30
K01530APF0,90,CHF,2012-11-30
K01530APM0,90,CHF,2013-11-15
K01530APW0,90,CHF,2014-07-17
K01530AQA0,90,CHF,2014-09-30
K01530AQK0,90,CHF,2015-03-10
K01530AQT0,90,CHF,2015-03-24
K01530AQW0,90,CHF,2015-04-09
K01530AQZ0,90,CHF,2015-04-20
K01530ARE0,90,CHF,2015-06-01
K01530ARF0,90,CHF,2015-06-01
K01530ARU0,90,CHF,2015-08-27
K01530ARV0,90,CHF,2015-09-07
K015310000,90,CHF,2012-02-08
K015510000,20,CHF,2012-12-06
K015610000,20,CHF,2010-02-01
K015630000,90,CHF,2010-07-13
K015640000,20,CHF,2013-05-28
K015720000,90,CHF,2014-11-14
K015840000,10,CHF,2012-06-04
K015910000,20,CHF,2010-06-16
K016060000,20,CHF,2010-03-08
K016080000,90,CHF,2010-04-13
K016190000,20,CHF,2014-02-10
K016200000,90,CHF,2014-02-10
K016270000,10,CHF,2006-08-30
K01627AAI0,90,CHF,2010-03-18
K016300000,20,CHF,2008-08-14
K167930001,20,CHF,2007-10-10
K090200000,90,CHF,2007-10-18
K135660000,20,CHF,2007-10-30
K087630000,90,CHF,2007-11-01
K011220000,20,CHF,2007-11-05
K14972ZZZZ,90,CHF,2007-11-05
K133090000,90,EUR,2007-11-16
K169320000,20,CHF,2007-11-19
K169330000,20,CHF,2007-11-20
K097670001,10,CHF,2007-11-23
K170210000,20,CHF,2007-11-26
K020110001,90,CHF,2007-11-30
K088180000,20,CHF,2007-12-12
K08044ZZZZ,90,CHF,2007-12-12
K148540000,20,CHF,2007-12-14
K11864ZZZZ,90,CHF,2007-12-17
K151560026,20,CHF,2008-01-09
K151560040,90,CHF,2008-01-10
K151560042,90,CHF,2008-01-10
K151560045,90,CHF,2008-01-10
K151560050,20,CHF,2008-01-10
K151560055,90,CHF,2008-01-10
K151560058,20,CHF,2008-01-10
K170290000,90,CHF,2008-01-14
K040470000,10,CHF,2008-02-12
K028450000,90,CHF,2007-10-29
K024270000,20,CHF,2007-10-30
K150100000,20,CHF,2007-11-08
K097030000,20,CHF,2007-11-12
K032410000,20,CHF,2007-11-13
K170150000,20,CHF,2007-11-14
K139800000,10,CHF,2007-11-14
K112610000,90,CHF,2007-12-05
K151560017,90,CHF,2007-12-06
K018030521,90,CHF,2007-12-10
K045010000,20,CHF,2007-12-21
K091190000,20,CHF,2008-01-17
K076790000,90,CHF,2008-01-22
K085700000,10,CHF,2008-01-23
K016390000,20,CHF,2006-07-24
K016450000,20,CHF,2006-07-24
K016480000,20,CHF,2015-04-17
K016550000,10,CHF,2006-07-24
K016580000,90,CHF,2006-07-24
K016660000,20,CHF,2015-07-01
K014640000,90,CHF,2008-05-14
K014820000,20,CHF,2006-07-24
K014850000,20,CHF,2006-07-24
K014900000,90,CHF,2009-09-25
K014940000,20,CHF,2013-04-23
K015050001,90,CHF,2010-05-03
K01526AAA0,90,CHF,2010-07-12
K01526AAB0,90,CHF,2010-07-12
K01526AAH0,90,CHF,2010-07-12
K01526AAV0,90,CHF,2010-07-12
K01526ABB0,90,CHF,2010-07-12
K01526ABD0,90,CHF,2010-07-12
K01526ABG0,90,CHF,2010-07-12
K01526ABI0,90,CHF,2010-07-12
K01526ABT0,90,CHF,2010-07-12
K01526ACF0,90,CHF,2010-07-12
K01526ACN0,90,CHF,2010-07-12
K01526ACX0,90,CHF,2010-07-12
K01526ADG0,90,CHF,2010-07-12
K016780000,90,CHF,2006-07-24
K016860000,20,CHF,2006-07-24
K016930000,20,CHF,2015-11-25
K016950000,10,CHF,2016-01-14
K016980000,20,CHF,2006-09-14
K017180000,20,CHF,2013-05-06
K017200000,90,CHF,2006-07-24
K017220000,10,CHF,2015-01-07
K017280000,10,CHF,2016-02-26
K017310001,20,CHF,2015-11-10
K017430000,20,CHF,2016-02-05
K017510000,20,CHF,2014-10-03
K017590000,20,CHF,2006-07-24
K017620005,90,CHF,2012-03-28
K149060000,90,CHF,2008-01-24
K01448ZZZZ,90,CHF,2008-02-06
K170400000,10,CHF,2008-02-08
K052940000,90,CHF,2008-02-08
K097850000,90,CHF,2008-02-21
K056030000,90,CHF,2008-02-25
K091600000,90,CHF,2008-03-13
K122610000,90,CHF,2008-03-14
K150590000,20,CHF,2008-03-17
K146200000,90,CHF,2008-04-01
K144840000,90,CHF,2008-04-07
K151560065,20,CHF,2008-04-08
K100650001,20,CHF,2008-04-22
K01803AAAA,90,CHF,2008-04-22
K08044AAAA,90,CHF,2008-04-22
K170690000,90,CHF,2008-04-23
K171070000,90,CHF,2008-04-23
K171210000,20,CHF,2008-04-23
K171240000,10,CHF,2008-04-23
K171420000,90,CHF,2008-04-23
K171500000,90,CHF,2008-04-23
K171660000,20,CHF,2008-04-23
K171970000,10,CHF,2008-04-23
K171990000,20,CHF,2008-04-23
K172410000,20,CHF,2008-04-23
K172450000,20,CHF,2008-04-23
K172470000,20,CHF,2008-04-23
K172560000,20,CHF,2008-04-23
K172580000,90,CHF,2008-04-23
K172650000,20,CHF,2008-04-23
K172900000,10,CHF,2008-04-23
K172950000,10,CHF,2008-04-23
K173100000,20,CHF,2008-04-23
K082340000,90,CHF,2008-02-19
K169450000,20,CHF,2008-03-03
K170500000,20,CHF,2008-03-06
K154240000,20,CHF,2008-03-06
K136590000,20,CHF,2008-03-25
K170570000,10,CHF,2008-03-27
K017680000,20,CHF,2014-08-14
K017710000,90,CHF,2006-07-24
K017840000,20,CHF,2015-05-18
K017890001,20,CHF,2013-11-13
K018020000,20,CHF,2006-07-24
K018030005,90,CHF,2006-07-29
K018030006,90,CHF,2006-07-29
K018030017,90,CHF,2006-07-29
K018030027,90,CHF,2006-07-29
K018030033,90,CHF,2006-07-29
K01526ADO0,90,CHF,2010-07-12
K01526ADY0,90,CHF,2010-07-12
K01526AEJ0,90,CHF,2010-07-12
K01526AEP0,90,CHF,2010-07-12
K01526AEW0,90,CHF,2010-07-12
K01526AFT0,90,CHF,2010-07-12
K01526AGQ0,90,CHF,2010-07-12
K01526AHC0,90,CHF,2010-07-12
K01526AHO0,90,CHF,2010-12-09
K01526AHQ0,90,CHF,2011-01-28
K01526AHR0,90,CHF,2011-02-09
K01526AHT0,90,CHF,2011-05-18
K01526AHU0,90,CHF,2011-06-17
K01526YYYY,90,CHF,2010-04-30
K01530AAG0,90,CHF,2011-09-15
K01530AAM0,90,CHF,2011-09-15
K01530AAW0,90,CHF,2011-09-15
K01530AAY0,90,CHF,2011-09-15
K01530ABF0,90,CHF,2011-09-15
K01530ABH0,90,CHF,2011-09-15
K01530ABI0,90,CHF,2011-09-15
K01530ABN0,90,CHF,2011-09-15
K01530ACV0,90,CHF,2011-09-15
K01530ADI0,90,CHF,2011-09-15
K01530AEJ0,90,CHF,2011-09-15
K01530AEN0,90,CHF,2011-09-15
K01530AEU0,90,CHF,2011-09-15
K01530AEY0,90,CHF,2011-09-15
K01530AFD0,90,CHF,2011-09-15
K01530AGH0,90,CHF,2011-09-15
K01530AGK0,90,CHF,2011-09-15
K01530AGL0,90,CHF,2011-09-15
K01530AGQ0,90,CHF,2011-09-15
K01530AHQ0,90,CHF,2011-09-15
K01530AHR0,90,CHF,2011-09-15
K01530AHY0,90,CHF,2011-09-15
K01530AIG0,90,CHF,2011-09-15
K018030544,90,CHF,2011-05-02
K018030548,90,CHF,2011-06-07
K018030553,90,CHF,2011-08-05
K018030554,90,CHF,2011-08-09
K018030558,90,CHF,2011-08-15
K018110000,90,CHF,2010-02-19
K018220000,20,CHF,2008-06-16
K018260000,20,CHF,2014-10-03
K018280000,20,CHF,2010-03-01
K018370000,20,CHF,2015-06-04
K018710000,90,CHF,2008-02-25
K018730000,90,CHF,2009-10-07
K018860000,90,CHF,2006-07-24
K018940000,90,CHF,2007-08-28
K019000000,10,CHF,2006-07-24
K019050000,10,CHF,2010-11-04
K019060000,20,CHF,2011-04-05
K019230000,20,CHF,2006-07-24
K019410000,10,CHF,2006-07-24
K019800000,90,CHF,2012-06-28
K019830000,20,CHF,2014-06-30
K019930000,90,CHF,2015-10-12
K019960000,10,CHF,2015-10-16
K019980000,10,CHF,2015-10-26
K018030050,90,CHF,2006-07-29
K018030059,90,CHF,2006-07-29
K018030062,90,CHF,2006-07-29
K018030069,90,CHF,2006-07-29
K018030074,90,CHF,2006-07-29
K018030085,90,CHF,2006-07-29
K018030095,90,CHF,2006-07-29
K083620000,20,CHF,2008-03-28
K082390000,90,CHF,2008-04-10
K170080000,90,CHF,2008-04-10
K173130000,20,CHF,2008-04-23
K01286BSU0,20,CHF,2013-09-26
K01448CVI0,90,CHF,2011-06-20
K01286ATM0,20,CHF,2012-10-08
K01448EVU0,90,CHF,2014-10-22
K02151AHW0,20,CHF,2012-01-04
K01286IBW0,20,CHF,2022-06-27
K01286HKW0,20,CHF,2021-04-26
K01448CMH0,90,CHF,2010-08-19
K01286EJO0,20,CHF,2019-02-12
K01286DAS0,20,CHF,2015-12-07
K01286BYL0,20,CHF,2014-01-13
K02151AIF0,20,CHF,2012-02-27
K01286GDD0,20,CHF,2019-09-10
K01448DBT0,90,CHF,2011-11-23
K01286DHV0,20,CHF,2016-07-04
K01448EXL0,90,CHF,2014-12-02
K01286DTN0,20,CHF,2017-04-10
K01286GAS0,20,CHF,2019-08-05
K01286CPK0,20,CHF,2015-01-22
K01286JJR0,20,CHF,2024-04-23
K04230ASG0,20,CHF,2024-04-05
K01286BLX0,20,CHF,2013-03-27
K01286IZM0,20,CHF,2023-12-04
K01286DCM0,20,CHF,2016-02-17
K07393BGU0,90,EUR,2018-05-09
K01448DBU0,90,CHF,2011-11-23
K01286CSW0,20,CHF,2015-04-29
K07393BCD0,90,EUR,2017-04-05
K01286AGE0,20,CHF,2012-08-07
K02151AIL0,20,CHF,2012-03-26
K02503ADJ0,20,CHF,2023-06-06
K01448DOM0,90,CHF,2012-11-13
K01448ACA0,90,CHF,2008-10-24
K01448DQO0,90,CHF,2012-11-13
K01448CVE0,90,CHF,2011-06-20
K02151AJE0,20,CHF,2012-06-08
K01448CZB0,90,CHF,2011-08-08
K01286CAX0,20,CHF,2014-03-12
K01286CPQ0,20,CHF,2015-01-22
K02503AAT0,20,CHF,2021-02-03
K01286AJL0,20,CHF,2012-08-27
K01286DQZ0,20,CHF,2017-02-20
K01286FOA0,20,CHF,2019-01-14
K01286EOW0,20,CHF,2018-01-23
K01448EBL0,90,CHF,2013-06-07
K01286ETC0,20,CHF,2018-03-19
K01286EDU0,20,CHF,2017-09-04
K01286DAQ0,20,CHF,2015-12-07
K01286FUO0,20,CHF,2019-04-26
K01286AJK0,20,CHF,2012-08-27
K01286CFE0,20,CHF,2014-06-23
K01286AMW0,20,CHF,2012-08-27
K01286BJM0,90,CHF,2013-02-22
K01286FYL0,20,CHF,2019-07-02
K01286DRO0,20,CHF,2017-03-14
K01286CAC0,20,CHF,2014-02-17
K01286ANA0,20,CHF,2012-08-27
K01286ICX0,20,CHF,2022-08-03
K01286IEZ0,20,CHF,2022-09-19
K02503AAY0,20,CHF,2021-02-03
K07393AQV0,90,EUR,2016-01-12
K01286GPI0,20,CHF,2020-03-24
K02151AKI0,20,CHF,2012-10-30
K01286DRP0,20,CHF,2017-03-14
K01286BQS0,20,CHF,2013-07-22
K01286CKD0,20,CHF,2014-09-25
K02151AKR0,20,CHF,2012-12-17
K01448EZE0,90,CHF,2015-01-20
K01286GTZ0,20,CHF,2020-06-15
K02151AND0,20,CHF,2014-09-29
K01286FEH0,20,CHF,2018-08-20
K07393BCX0,90,EUR,2017-06-07
K01448DBN0,90,CHF,2011-11-23
K07393AYW0,90,EUR,2017-01-19
K07393ABU0,90,EUR,2012-11-28
K02151AML0,20,CHF,2014-03-18
K01286AJU0,90,CHF,2012-08-27
K01286DRH0,20,CHF,2017-03-07
K02151AKV0,20,CHF,2013-02-04
K01448DIY0,90,CHF,2012-07-20
K01286ATW0,20,CHF,2012-10-08
K01448DNF0,90,CHF,2012-10-10
K01286BFO0,20,CHF,2012-12-19
K04230ABH0,20,CHF,2022-08-08
K07393AGH0,90,EUR,2014-04-28
K07393BAH0,90,EUR,2017-01-19
K01286ATZ0,20,CHF,2012-10-08
K01286HJR0,20,CHF,2021-03-30
K07393AXK0,90,EUR,2017-01-18
K01448EWS0,90,CHF,2014-11-03
K01286FCJ0,20,CHF,2018-07-23
K01448DAX0,90,CHF,2012-03-19
K01286AJW0,20,CHF,2012-08-27
K01286IBG0,20,CHF,2022-06-20
K01286GKF0,20,CHF,2019-12-23
K07393BCY0,90,EUR,2017-06-07
K02503ACU0,20,CHF,2022-12-01
K01448AOF0,90,CHF,2008-10-24
K01286HWP0,20,CHF,2022-03-01
K01286FXK0,20,CHF,2019-06-03
K01286CFQ0,20,CHF,2014-06-30
K01286GJC0,20,CHF,2019-12-09
K01286GZO0,20,CHF,2020-10-07
K01286EFC0,20,CHF,2017-09-18
K02151ALS0,20,CHF,2013-07-31
K01286ENB0,20,CHF,2018-01-04
K01448DPZ0,90,CHF,2012-11-13
K01448DZP0,90,CHF,2013-05-21
K01448DXU0,90,CHF,2013-03-25
K01448DVK0,90,CHF,2013-01-18
K01448DMC0,90,CHF,2012-09-17
K01286CHU0,20,CHF,2014-09-09
K01286CYF0,20,CHF,2015-09-22
K018030106,90,CHF,2006-07-29
K018030110,90,CHF,2006-07-29
K018030116,90,CHF,2006-07-29
K018030124,90,CHF,2006-07-29
K018030133,90,CHF,2006-07-29
K018030148,90,CHF,2006-07-29
K018030150,90,CHF,2006-07-29
K018030160,90,CHF,2006-08-04
K018030165,90,CHF,2006-08-09
K018030172,90,CHF,2006-08-14
K018030175,90,CHF,2006-08-17
K018030181,90,CHF,2006-08-22
K018030194,90,CHF,2006-08-22
K018030199,90,CHF,2006-08-22
K018030205,90,CHF,2006-08-22
K018030214,90,CHF,2006-08-22
K018030224,90,CHF,2006-08-22
K018030237,90,CHF,2006-08-22
K018030241,90,CHF,2006-08-22
K018030250,90,CHF,2006-08-22
K018030259,90,CHF,2006-08-22
K018030269,90,CHF,2006-08-22
K018030270,90,CHF,2006-08-22
K018030275,90,CHF,2006-08-22
K018030278,90,CHF,2006-08-22
K018030282,90,CHF,2006-08-22
K018030295,90,CHF,2006-08-22
K018030300,90,CHF,2006-08-22
K018030317,90,CHF,2006-08-22
K018030323,90,CHF,2006-08-22
K018030342,90,CHF,2006-08-22
K018030366,90,CHF,2006-08-22
K018030374,90,CHF,2006-08-22
K018030385,90,CHF,2006-08-22
K018030395,90,CHF,2006-08-22
K018030422,90,CHF,2006-08-22
K018030431,90,CHF,2006-08-22
K018030438,90,CHF,2006-08-22
K018030442,90,CHF,2006-08-22
K018030448,90,CHF,2006-08-22
K02151ALW0,20,CHF,2013-09-03
K01286GNO0,20,CHF,2020-02-17
K01286FDC0,20,CHF,2018-07-31
K01286FKU0,20,CHF,2018-11-26
K01286CNH0,20,CHF,2014-12-01
K01286ITF0,20,CHF,2023-08-08
K01286BCY0,20,CHF,2012-10-29
K02151AMP0,20,CHF,2014-04-01
K01448EPG0,90,CHF,2014-04-15
K01286FEZ0,20,CHF,2018-08-27
K01448ELQ0,90,CHF,2014-01-29
K01286AUR0,90,CHF,2012-10-08
K01286AKB0,20,CHF,2012-08-27
K01286HXQ0,20,CHF,2022-03-21
K01286DBV0,20,CHF,2016-02-08
K01286BQB0,20,CHF,2013-07-11
K01286CJI0,20,CHF,2014-09-17
K01286AQC0,20,CHF,2012-10-08
K01286AGV0,20,CHF,2012-08-07
K01286CUA0,20,CHF,2015-06-19
K01286FNI0,20,CHF,2019-01-07
K01286AGW0,20,CHF,2012-08-07
K01286AUS0,90,CHF,2012-10-08
K01448DSH0,90,CHF,2012-12-06
K01448DHT0,90,CHF,2012-05-03
K02151AWI0,90,CHF,2019-04-02
K07393AHG0,90,EUR,2014-07-14
K01286GUM0,20,CHF,2020-06-22
K01286DKO0,20,CHF,2016-09-07
K01286BFL0,20,CHF,2012-12-17
K02151ANG0,20,CHF,2014-10-23
K01286ITH0,20,CHF,2023-08-08
K01286HYL0,20,CHF,2022-04-04
K07393BHF0,90,EUR,2018-06-07
K01448ECZ0,90,CHF,2013-08-12
K02151ANE0,20,CHF,2014-10-02
K01286BQU0,20,CHF,2013-07-23
K01286IFA0,20,CHF,2022-09-19
K01286DMY0,20,CHF,2016-11-10
K018030455,90,CHF,2006-08-22
K018030477,90,CHF,2006-08-22
K018030504,90,CHF,2007-03-19
K018030510,90,CHF,2007-07-09
K018030516,90,CHF,2007-11-20
K018030525,90,CHF,2008-02-29
K018030531,90,CHF,2010-08-13
K018030533,90,CHF,2010-12-23
K018030541,90,CHF,2011-05-02
K023380000,20,CHF,2009-01-12
K023660000,20,CHF,2006-07-24
K024030000,10,CHF,2006-07-24
K024090000,20,CHF,2009-09-21
K024190000,20,CHF,2014-08-28
K024280001,90,CHF,2010-10-25
K024340000,20,CHF,2013-08-12
K024390000,20,CHF,2006-08-16
K024650000,20,CHF,2013-01-22
K024690000,20,CHF,2011-10-19
K024820000,20,CHF,2013-12-10
K024880000,20,CHF,2015-11-24
K025060000,20,CHF,2016-02-05
K025440000,90,CHF,2007-02-19
K025450000,20,CHF,2008-11-18
K025980000,10,CHF,2007-10-30
K026110000,10,CHF,2009-12-07
K026130000,20,CHF,2006-07-24
K020040000,10,CHF,2006-07-24
K020050000,20,EUR,2015-04-20
K020120000,20,CHF,2010-08-31
K020180000,10,CHF,2006-07-24
K020240000,20,CHF,2007-06-28
K020300000,90,CHF,2013-09-30
K020310000,10,CHF,2006-07-24
K020720000,20,CHF,2011-05-12
K021120000,20,CHF,2006-07-24
K021220000,10,CHF,2008-07-14
K021240000,90,CHF,2006-07-24
K021330000,10,CHF,2015-02-27
K01286FRW0,20,CHF,2019-03-19
K01286DTT0,20,CHF,2017-04-18
K01286EED0,20,CHF,2017-09-04
K01286FQR0,20,CHF,2019-03-04
K04230AFX0,20,CHF,2022-12-01
K01448DPL0,90,CHF,2012-11-13
K01448ATG0,90,CHF,2008-10-24
K01286AHA0,90,CHF,2012-08-07
K04230AMK0,20,CHF,2023-09-01
K01448EQJ0,90,CHF,2014-05-27
K01448DVR0,90,CHF,2013-02-25
K01448EFD0,90,CHF,2013-09-18
K01448DVS0,90,CHF,2013-02-25
K01286HPB0,20,CHF,2021-07-05
K01448DMO0,90,CHF,2012-09-17
K02151ANT0,20,CHF,2015-04-17
K01286COZ0,20,CHF,2015-01-16
K07393BMX0,90,EUR,2020-03-05
K01286DDB0,90,CHF,2016-03-01
K01286CJY0,20,CHF,2014-09-24
K01286EGJ0,20,CHF,2017-10-03
K01286ELO0,20,CHF,2017-12-08
K01448DUV0,90,CHF,2013-01-17
K01448DRA0,90,CHF,2012-12-06
K02151AOU0,20,CHF,2015-09-02
K02151AMM0,20,CHF,2014-03-19
K07393AXV0,90,EUR,2017-01-18
K01448DVT0,90,CHF,2013-02-25
K07393AIZ0,90,EUR,2014-10-15
K01448EFC0,90,CHF,2013-09-18
K01448DON0,90,CHF,2012-11-13
K07393BEL0,90,EUR,2017-10-04
K02151AWN0,20,CHF,2019-05-14
K14542ACE0,20,CHF,2011-07-25
K02151AQW0,20,CHF,2016-06-28
K07393AJM0,90,EUR,2014-10-29
K04230ANX0,20,CHF,2023-12-01
K02151AJQ0,20,CHF,2012-07-18
K01448EPC0,90,CHF,2014-04-15
K02151AAC0,20,CHF,2009-06-09
K02151AAN0,20,CHF,2009-06-09
K02151AAY0,20,CHF,2009-06-09
K02151ABD0,20,CHF,2009-06-09
K02151ABF0,20,CHF,2009-06-09
K02151ABX0,90,CHF,2009-06-09
K02151ABZ0,90,CHF,2009-06-09
K02151ACB0,20,CHF,2009-06-09
K02151ACW0,20,CHF,2010-03-01
K02151ADE0,90,CHF,2010-08-13
K02151ADF0,90,CHF,2010-09-03
K02151ADL0,20,CHF,2011-02-21
K02151ADP0,20,CHF,2011-08-24
K02151ADX0,20,CHF,2011-09-14
K02151AEE0,20,CHF,2011-09-14
K02151AEF0,20,CHF,2011-09-14
K02151AEI0,20,CHF,2011-09-14
K02151AEM0,90,CHF,2011-09-14
K02151AEO0,20,CHF,2011-09-14
K02151AES0,20,CHF,2011-09-14
K02151AFE0,20,CHF,2011-09-14
K02151AFJ0,90,CHF,2011-09-14
K02151AGY0,20,CHF,2011-10-05
K02151AHD0,20,CHF,2011-10-05
K02151AHE0,20,CHF,2011-10-05
K02151AHN0,20,CHF,2011-10-07
K02151AHP0,20,CHF,2011-10-13
K02151AHS0,90,CHF,2011-11-10
K02151AIB0,90,CHF,2012-02-16
K02151AIG0,90,CHF,2012-03-02
K02151AIH0,20,CHF,2012-03-12
K02151AIS0,20,CHF,2012-05-11
K02151AJI0,90,CHF,2012-06-28
K02151AJJ0,90,CHF,2012-07-06
K02151AJT0,20,CHF,2012-09-06
K02151AKD0,20,CHF,2012-10-16
K02151AKH0,20,CHF,2012-10-24
K02151AKK0,20,CHF,2012-11-13
K02151AKN0,90,CHF,2012-11-28
K01448ENC0,90,CHF,2014-03-04
K07393AMJ0,90,EUR,2015-06-22
K07393BIU0,90,EUR,2018-11-07
K07393BJE0,90,EUR,2018-12-06
K07393AII0,90,EUR,2014-10-06
K07393ASE0,90,EUR,2016-04-05
K07393AAA0,90,EUR,2012-03-07
K02151ARS0,90,CHF,2017-01-23
K01448DWM0,90,CHF,2013-02-25
K01448DFS0,90,CHF,2012-01-30
K02151AVD0,20,CHF,2018-09-19
K01448DKB0,90,CHF,2012-07-20
K01448DOW0,90,CHF,2012-11-13
K01448DOT0,90,CHF,2012-11-13
K07393BET0,90,EUR,2017-10-04
K07393AUP0,90,EUR,2016-10-06
K02151AUJ0,20,CHF,2018-04-16
K02151AUH0,90,CHF,2018-04-16
K02503ADL0,20,CHF,2023-09-05
K07393ATC0,90,EUR,2016-06-30
K04611ADY0,20,CHF,2024-05-02
K07393AKH0,90,EUR,2014-12-02
K02151AGQ0,20,CHF,2011-10-05
K02152AGI0,20,CHF,2016-08-02
K02151AWE0,20,CHF,2019-03-06
K07393AKS0,90,EUR,2014-12-16
K07393BIV0,90,EUR,2018-11-07
K07393ADQ0,90,EUR,2013-10-21
K02151ATU0,90,CHF,2018-02-21
K14542ADE0,90,CHF,2011-07-25
K01448DVB0,90,CHF,2013-01-17
K04230AGK0,20,CHF,2022-12-01
K07393AXA0,90,EUR,2017-01-18
K07393AUQ0,90,EUR,2016-10-06
K14542ADK0,90,CHF,2011-07-25
K02151AVI0,20,CHF,2018-11-08
K02151AVK0,20,CHF,2018-11-15
K02151AVM0,90,CHF,2018-12-05
K02151ACX0,90,CHF,2010-03-08
K02151AKO0,20,CHF,2012-12-05
K02151AKW0,20,CHF,2013-02-12
K02151ALE0,90,CHF,2013-04-09
K02151ALM0,20,CHF,2013-07-01
K02151ALN0,20,CHF,2013-07-02
K02151ALO0,20,CHF,2013-07-18
K02151ALY0,20,CHF,2013-09-20
K02151AMC0,20,CHF,2014-01-13
K02151ANB0,20,CHF,2014-09-18
K02151ANJ0,20,CHF,2014-10-29
K02151ANL0,20,CHF,2015-01-09
K02151ANP0,20,CHF,2015-02-20
K02151ANY0,20,CHF,2015-05-29
K02151AOG0,20,CHF,2015-07-07
K02151AOQ0,90,CHF,2015-09-01
K02151APU0,90,CHF,2016-02-11
K02151APX0,20,CHF,2016-02-22
K02151APY0,20,CHF,2016-02-29
K02151APZ0,20,CHF,2016-03-18
K02151YYYY,20,CHF,2014-09-26
K02152AAV0,20,CHF,2014-08-04
K02152ABK0,20,CHF,2014-11-18
K02152ABL0,20,CHF,2014-11-18
K02152ABY0,20,CHF,2015-02-03
K02152ACB0,20,CHF,2015-02-03
K02152ACI0,20,CHF,2015-03-23
K02152ACR0,20,CHF,2015-05-06
K02152ADD0,20,CHF,2015-07-14
K02152ADF0,20,CHF,2015-08-03
K02152ADT0,20,CHF,2015-10-02
K02152AEL0,90,CHF,2016-02-09
K02152AEP0,20,CHF,2016-02-09
K02152XXXX,20,CHF,2012-12-04
K021690000,20,CHF,2007-03-19
K026180000,20,CHF,2012-01-26
K026210000,20,CHF,2014-06-18
K026340000,90,CHF,2006-07-24
K026460000,90,CHF,2006-07-28
K026550000,10,CHF,2006-07-24
K02151ABM0,20,CHF,2009-06-09
K02151AGK0,90,CHF,2011-10-05
K07393BGA0,90,EUR,2018-02-07
K07393BJZ0,90,EUR,2019-03-07
K02151AWR0,20,CHF,2019-07-02
K02151AWO0,20,CHF,2019-05-27
K07393BEQ0,90,EUR,2017-10-04
K04611AED0,20,CHF,2024-06-07
K02503ADK0,20,CHF,2023-07-06
K13600ABI0,20,CHF,2023-09-01
K02151AXK0,20,CHF,2019-11-11
K02151AXM0,20,CHF,2019-12-04
K02151AXP0,20,CHF,2019-12-18
K07393AIX0,90,EUR,2014-10-15
K02151AXZ0,20,CHF,2020-05-12
K02151AYE0,20,CHF,2020-07-27
K14542AAX0,90,CHF,2011-07-25
K02151AZW0,20,CHF,2021-11-29
K02151BAS0,20,CHF,2023-01-05
K07393ATV0,90,EUR,2016-08-08
K07393APZ0,90,EUR,2015-11-04
K07393BPF0,90,EUR,2022-02-08
K02151BAN0,20,CHF,2022-10-04
K14542AAO0,90,CHF,2011-07-25
K02151BAL0,20,CHF,2022-09-21
K01448DIP0,90,CHF,2012-07-23
K01448ERL0,90,CHF,2014-06-23
K07393AFQ0,90,EUR,2014-03-26
K02151BAK0,20,CHF,2022-08-19
K04230AQN0,20,CHF,2024-02-02
K01448DZX0,90,CHF,2013-05-22
K07393AIS0,90,EUR,2014-10-15
K04230AOA0,20,CHF,2023-12-01
K04230AQY0,20,CHF,2024-03-01
K14542ADF0,90,CHF,2011-07-25
K02503ACG0,20,CHF,2022-04-04
K07393AUS0,90,EUR,2016-10-06
K02151BCC0,20,CHF,2024-02-12
K07393AFI0,90,EUR,2014-03-07
K01448DGH0,90,CHF,2012-03-19
K026690001,20,CHF,2008-08-11
K026710000,10,CHF,2008-08-11
K026930000,90,CHF,2013-10-14
K027030000,20,CHF,2011-10-21
K027040000,90,CHF,2013-07-11
K027090000,20,CHF,2010-05-26
K027230000,10,CHF,2016-02-19
K027300000,90,CHF,2006-07-28
K027530000,90,CHF,2014-05-28
K027740000,90,CHF,2006-09-11
K027770000,20,CHF,2007-07-10
K027790001,20,CHF,2009-04-17
K027980000,20,CHF,2014-10-24
K028440000,90,CHF,2006-07-24
K028560000,20,CHF,2015-03-27
K028680000,20,CHF,2006-07-24
K028700000,20,CHF,2011-05-30
K028850000,90,CHF,2008-08-11
K02892AAB0,90,CHF,2008-09-17
K02892AAR0,90,CHF,2009-01-30
K02892ABJ0,90,CHF,2013-08-28
K02892XXXX,90,CHF,2013-05-02
K029160000,20,CHF,2006-07-24
K029440001,20,CHF,2012-11-05
K029590000,20,CHF,2006-07-24
K029600000,90,CHF,2008-11-24
K029640000,90,CHF,2007-03-07
K029680000,20,CHF,2012-01-18
K029740000,10,CHF,2015-04-10
K029910000,20,CHF,2006-07-24
K029930000,90,CHF,2012-03-21
K029970000,90,CHF,2012-08-13
K030100000,90,CHF,2006-07-24
K030110000,20,CHF,2010-04-06
K030310000,90,CHF,2008-02-15
K030320000,90,CHF,2008-08-28
K030370000,90,EUR,2015-03-02
K030550000,10,CHF,2006-07-24
K03056XXXX,20,CHF,2014-02-04
K07393AFK0,90,EUR,2014-03-11
K04230AJZ0,20,CHF,2023-05-30
K01448EDN0,90,CHF,2013-08-12
K02152ABP0,20,CHF,2014-12-03
K07393AYG0,90,EUR,2017-01-19
K02152ADJ0,20,CHF,2015-08-03
K07393AZJ0,90,EUR,2017-01-19
K07393AAC0,90,EUR,2012-04-03
K02152AAS0,20,CHF,2014-08-04
K07393BER0,90,EUR,2017-10-04
K01448CBK0,90,CHF,2009-08-13
K07393AVS0,90,EUR,2016-12-07
K07393BGH0,90,EUR,2018-03-08
K07393BCZ0,90,EUR,2017-06-07
K07393AGP0,90,EUR,2014-05-22
K04230ASZ0,20,CHF,2024-05-02
K01448ELD0,90,CHF,2014-01-29
K07112AAT0,20,CHF,2010-08-30
K01448AEA0,90,CHF,2008-10-24
K02152ABS0,90,CHF,2015-01-05
K02152AKQ0,20,CHF,2018-01-04
K01448BXN0,90,CHF,2009-03-17
K02152AFT0,20,CHF,2016-06-07
K01448AEP0,90,CHF,2008-10-24
K01448BQW0,90,CHF,2008-10-24
K02152ACG0,20,CHF,2015-03-23
K02152ACA0,20,CHF,2015-02-03
K02152ADH0,20,CHF,2015-08-03
K02152ADE0,20,CHF,2015-08-03
K07112ACB0,20,CHF,2010-08-30
K07393ANP0,90,EUR,2015-07-13
K02152AGC0,20,CHF,2016-07-05
K07112AHL0,20,CHF,2012-09-06
K07112ABZ0,20,CHF,2010-08-30
K07112AAZ0,20,CHF,2010-08-30
K04611AAL0,20,CHF,2023-07-27
K07393BCH0,90,EUR,2017-04-05
K07393AZB0,90,EUR,2017-01-18
K07393BCT0,90,EUR,2017-05-08
K021720000,90,CHF,2006-07-24
K021800000,20,CHF,2006-07-24
K021850000,20,CHF,2006-07-24
K021960000,20,CHF,2015-08-25
K022220014,90,CHF,2006-07-27
K022220017,90,CHF,2008-05-05
K022560000,20,CHF,2008-08-13
K022640000,20,CHF,2007-02-09
K022700000,20,CHF,2006-07-24
K022750000,90,CHF,2009-03-19
K022900000,20,CHF,2006-07-24
K023020000,90,CHF,2015-07-06
K023050000,90,CHF,2012-08-29
K023300000,20,CHF,2013-09-25
K033330002,90,CHF,2006-07-28
K033330007,90,CHF,2006-07-28
K030660000,20,CHF,2009-06-22
K030670000,90,CHF,2006-07-24
K030710000,90,CHF,2007-04-02
K030730000,90,CHF,2006-07-24
K031150000,10,CHF,2006-07-24
K031160000,20,CHF,2013-09-03
K031430000,90,CHF,2006-07-24
K031670000,10,CHF,2006-07-24
K031690000,90,CHF,2007-02-13
K031740000,20,CHF,2014-09-18
K031940000,20,CHF,2009-08-19
K031960000,20,CHF,2014-01-31
K032060000,20,CHF,2006-07-24
K032330000,10,CHF,2013-12-02
K032420000,90,CHF,2006-07-24
K032440000,90,CHF,2012-04-20
K032770000,90,CHF,2006-07-24
K03289AAD0,90,CHF,2014-03-20
K03289AAE0,90,CHF,2014-05-08
K03289AAF0,90,CHF,2014-05-13
K03289AAI0,90,CHF,2014-06-05
K03289AAK0,90,CHF,2014-06-05
K033330013,90,CHF,2008-04-10
K01448DWF0,90,CHF,2013-02-25
K07393BAG0,90,EUR,2017-01-19
K07112ACO0,20,CHF,2010-08-30
K02152AEK0,20,CHF,2016-02-09
K01448BYT0,90,CHF,2009-04-22
K02152ADR0,20,CHF,2015-10-02
K07112AJO0,20,CHF,2013-09-26
K04230ABB0,20,CHF,2022-06-24
K07393AYY0,90,EUR,2017-01-19
K07393AMN0,90,EUR,2015-07-13
K07393ABB0,90,EUR,2012-08-15
K07393ACU0,90,EUR,2013-06-19
K07393ADH0,90,EUR,2013-09-17
K07393AJI0,90,EUR,2014-10-21
K02152AGN0,20,CHF,2016-09-05
K07112ACE0,20,CHF,2010-08-30
K07112AAR0,20,CHF,2010-08-30
K07112ACW0,20,CHF,2010-08-30
K07393BJV0,90,EUR,2019-03-01
K07393AZA0,90,EUR,2017-01-18
K07393AZT0,90,EUR,2017-01-19
K01448DZM0,90,CHF,2013-05-21
K02152AGO0,20,CHF,2016-09-05
K04230AHP0,20,CHF,2023-02-01
K07393AVD0,90,EUR,2016-11-02
K02152AFS0,20,CHF,2016-06-07
K07393ACP0,90,EUR,2013-05-23
K07393AKE0,90,EUR,2014-11-27
K04230AQW0,20,CHF,2024-03-01
K02152AAT0,20,CHF,2014-08-04
K02152AGZ0,20,CHF,2016-10-04
K04230AMA0,20,CHF,2023-08-29
K10100CQU0,90,EUR,2014-07-17
K10100DDG0,90,EUR,2015-03-16
K10100DOT0,90,EUR,2017-03-30
K10100EOY0,90,EUR,2018-05-03
K04230AOG0,20,CHF,2023-12-01
K01448CVL0,90,CHF,2011-06-20
K10100EAQ0,90,EUR,2017-08-04
K033360000,90,CHF,2006-07-24
K033380000,10,CHF,2006-07-24
K034090000,10,CHF,2006-07-24
K034150000,90,CHF,2006-07-24
K034270000,20,CHF,2006-07-24
K034300000,20,CHF,2013-05-02
K034310000,20,CHF,2014-02-24
K034390000,20,CHF,2015-04-21
K034480000,20,CHF,2009-01-20
K035000000,20,CHF,2008-01-28
K035010000,90,CHF,2009-07-22
K035100000,20,CHF,2007-03-02
K035110000,20,CHF,2008-02-21
K035580000,20,CHF,2006-07-24
K035610000,20,CHF,2012-10-03
K035620000,20,CHF,2013-03-28
K035640000,10,CHF,2006-07-24
K035660000,90,CHF,2006-07-24
K035690000,90,CHF,2007-11-15
K035870000,20,CHF,2006-07-24
K036140000,90,CHF,2013-05-07
K036160000,90,CHF,2014-09-25
K036170000,20,CHF,2015-01-07
K036190000,90,CHF,2016-02-05
K036250000,20,CHF,2009-10-06
K036750000,20,CHF,2006-07-24
K036800000,20,CHF,2006-07-24
K037390000,20,CHF,2006-07-24
K037630000,10,CHF,2009-11-26
K037650000,20,CHF,2014-04-28
K037700000,20,CHF,2006-07-24
K037710000,90,CHF,2010-02-19
K037760000,20,CHF,2006-07-24
K037800000,90,CHF,2011-07-14
K037920000,20,CHF,2015-05-04
K039350000,90,CHF,2006-07-24
K039550001,20,CHF,2007-03-27
K039620000,90,CHF,2015-07-01
K040060000,90,CHF,2006-07-24
K01795BUL0,20,EUR,2023-06-05
K02152ABO0,90,CHF,2014-11-18
K10100BAH0,90,EUR,2012-12-07
K10100EBC0,90,EUR,2017-09-07
K145420008,90,CHF,2008-12-15
K02152AFO0,20,CHF,2016-05-09
K10100FDW0,90,EUR,2019-04-04
K02152AET0,20,CHF,2016-03-08
K02152ACW0,90,CHF,2015-06-23
K10100CHT0,90,EUR,2014-02-19
K10100DNV0,90,EUR,2015-10-06
K10100DRW0,90,EUR,2017-04-03
K10100EWW0,90,EUR,2018-11-09
K04230AQK0,20,CHF,2024-02-02
K02152AEV0,90,CHF,2016-03-08
K02152AFQ0,20,CHF,2016-05-09
K02152AFI0,20,CHF,2016-04-05
K02152AJT0,90,CHF,2017-11-08
K01448AFI0,90,CHF,2008-10-24
K07112AAW0,20,CHF,2010-08-30
K01795BBU0,90,EUR,2022-10-05
K04230AHY0,20,CHF,2023-03-01
K10100DRQ0,90,EUR,2017-04-03
K01795BBM0,20,EUR,2022-10-05
K01795AZL0,20,EUR,2022-09-06
K01795AML0,20,EUR,2022-05-04
K01795CEZ0,20,EUR,2023-12-05
K10100DRV0,90,EUR,2017-04-03
K02152AFE0,20,CHF,2016-04-05
K02152ADN0,20,CHF,2015-09-10
K01448AAO0,90,CHF,2008-08-06
K01795BVD0,20,EUR,2023-07-04
K02152ADY0,20,CHF,2015-12-02
K01795BEK0,20,EUR,2022-11-09
K10100FLY0,90,EUR,2019-09-03
K02152AKU0,20,CHF,2018-02-05
K01526AAZ0,90,CHF,2010-07-12
K01526ABA0,90,CHF,2010-07-12
K01526ABP0,90,CHF,2010-07-12
K040450000,90,CHF,2006-07-24
K040480000,20,CHF,2014-03-19
K040700000,20,CHF,2012-07-27
K041170000,10,CHF,2009-05-28
K041250000,90,CHF,2006-07-24
K041330000,90,CHF,2006-11-10
K03289ABF0,90,CHF,2014-08-06
K03289ABG0,90,CHF,2014-09-12
K03289ABK0,90,CHF,2014-10-14
K03289ABO0,90,CHF,2014-12-19
K03289ABW0,90,CHF,2014-12-22
K03289ACC0,90,CHF,2014-12-22
K03289ACG0,90,CHF,2014-12-22
K03289ACH0,90,CHF,2014-12-22
K03289ACW0,90,CHF,2014-12-22
K03289ACX0,90,CHF,2014-12-22
K03289ADR0,90,CHF,2014-12-22
K03289ADX0,90,CHF,2014-12-22
K03289ADY0,90,CHF,2014-12-22
K03289AFO0,90,CHF,2016-01-11
K03289XXXX,90,CHF,2013-08-09
K033090000,20,CHF,2009-07-16
K033330001,90,CHF,2006-07-28
K046330000,90,CHF,2006-07-24
K047070000,20,CHF,2006-07-24
K047080000,20,CHF,2013-02-01
K047820000,90,CHF,2013-08-20
K047930000,20,CHF,2007-10-03
K047940000,90,CHF,2015-07-02
K047960000,90,CHF,2008-05-16
K048220000,90,CHF,2006-07-24
K048250000,20,CHF,2006-07-24
K048370000,20,CHF,2006-07-24
K048430000,20,CHF,2015-05-29
K04855AAA0,20,CHF,2008-08-11
K048630000,90,CHF,2006-07-24
K048850000,20,CHF,2011-04-05
K048920000,90,CHF,2006-07-24
K049030000,90,CHF,2008-12-05
K01526ABS0,90,CHF,2010-07-12
K01526ABW0,90,CHF,2010-07-12
K01526ACI0,90,CHF,2010-07-12
K01526ADA0,90,CHF,2010-07-12
K01526ADI0,90,CHF,2010-07-12
K01526ADW0,90,CHF,2010-07-12
K01526AED0,90,CHF,2010-07-12
K01526AEF0,90,CHF,2010-07-12
K01526AEK0,90,CHF,2010-07-12
K01526AEO0,90,CHF,2010-07-12
K109530000,20,CHF,2010-07-05
K17719APB0,20,CHF,2018-02-01
K09671AAU0,20,CHF,2010-07-08
K037640000,90,CHF,2010-07-14
K075420000,20,CHF,2010-07-16
K010480000,90,CHF,2010-07-30
K009830000,20,CHF,2010-08-10
K078040000,90,CHF,2010-08-12
K09037AAN0,90,CHF,2010-08-26
K09037AAP0,90,CHF,2010-08-26
K09037AAV0,90,CHF,2010-08-27
K09037ABB0,90,CHF,2010-08-27
K09037ABH0,90,CHF,2010-08-27
K028690000,20,CHF,2010-08-30
K150330595,90,CHF,2010-09-06
K150330700,90,CHF,2010-09-06
K01526AET0,90,CHF,2010-07-12
K01526AEV0,90,CHF,2010-07-12
K01526AEX0,90,CHF,2010-07-12
K01526AEZ0,90,CHF,2010-07-12
K01526AFA0,90,CHF,2010-07-12
K01526AFU0,90,CHF,2010-07-12
K01526AFV0,90,CHF,2010-07-12
K01526AGC0,90,CHF,2010-07-12
K01526AGG0,90,CHF,2010-07-12
K01526AGH0,90,CHF,2010-07-12
K074490000,20,CHF,2018-02-02
K150330579,90,CHF,2010-08-19
K01448CMU0,90,CHF,2010-08-19
K170890000,20,CHF,2010-09-02
K083320000,20,CHF,2010-09-09
K063600001,90,CHF,2010-10-01
K097090000,20,CHF,2010-10-05
K109710017,90,CHF,2010-10-12
K009860000,20,CHF,2010-11-01
K150330796,90,CHF,2010-09-06
K150330874,90,CHF,2010-09-06
K150330880,90,CHF,2010-09-06
K017330000,20,CHF,2010-09-17
K150330142,90,CHF,2010-09-27
K048840000,90,CHF,2010-09-29
K17719APH0,20,CHF,2018-02-22
K131940000,90,CHF,2010-10-07
K055200000,20,CHF,2010-10-15
K150330900,90,CHF,2010-10-15
K150330903,90,CHF,2010-10-15
K11864AKE0,20,CHF,2010-11-04
K11864AKF0,20,CHF,2010-11-04
K13762ADL0,90,CHF,2010-11-05
K031070000,20,CHF,2018-02-13
K161380000,20,CHF,2018-02-13
K11864AKO0,20,CHF,2010-11-16
K091530000,20,CHF,2010-11-25
K103500000,90,CHF,2010-11-26
K01448CPR0,90,CHF,2010-11-26
K151560078,20,CHF,2010-11-30
K064590000,20,CHF,2010-11-30
K031470000,90,CHF,2010-12-03
K014670000,10,CHF,2010-12-06
K111910000,20,CHF,2010-12-09
K037410000,20,CHF,2011-11-22
K01286XXXX,20,CHF,2011-11-24
K177430000,20,CHF,2011-12-01
K129890000,20,CHF,2011-12-01
K101390000,20,CHF,2011-12-29
K171350000,90,CHF,2012-01-06
K17719ABY0,90,CHF,2012-01-18
K01448DDU0,90,CHF,2012-01-30
K049210000,90,CHF,2006-07-24
K049210002,90,CHF,2009-12-11
K049430000,90,CHF,2006-07-24
K049440000,10,CHF,2011-09-22
K049510000,20,CHF,2008-12-10
K049770000,90,CHF,2006-08-01
K049850000,20,CHF,2006-07-24
K049860000,20,CHF,2009-02-23
K049900000,20,CHF,2008-10-01
K050230000,90,CHF,2006-07-24
K041350000,20,CHF,2009-06-08
K041610000,20,CHF,2007-04-24
K041650000,20,CHF,2016-03-09
K041670000,20,CHF,2006-09-11
K042000000,20,CHF,2010-01-13
K042140000,90,CHF,2006-07-24
K042430000,20,CHF,2006-07-24
K042710000,90,CHF,2006-07-24
K043400000,20,CHF,2012-09-21
K043460000,20,EUR,2006-07-24
K043520000,90,CHF,2009-08-05
K043530000,90,CHF,2013-04-12
K043610000,90,CHF,2006-07-24
K04370AAT0,20,CHF,2014-08-04
K04370ABG0,20,CHF,2014-08-04
K04370ABH0,20,CHF,2014-08-04
K050470000,90,CHF,2014-09-12
K050740000,20,CHF,2013-10-11
K050980000,10,CHF,2007-09-17
K050990001,90,EUR,2011-09-01
K051080000,20,CHF,2008-01-24
K051800000,90,CHF,2009-02-19
K051900000,90,CHF,2013-03-19
K052060000,20,CHF,2007-09-25
K052640000,20,CHF,2007-12-17
K052850000,90,CHF,2006-07-24
K052920000,20,CHF,2012-07-17
K052960000,20,CHF,2013-05-31
K053590000,90,CHF,2006-08-01
K082730001,90,CHF,2012-01-30
K17719ACB0,20,CHF,2012-01-31
K031360000,20,CHF,2012-02-10
K064120000,10,CHF,2012-02-21
K034120000,10,CHF,2012-03-06
K11864AKN0,20,CHF,2010-11-10
K115880000,90,CHF,2010-11-22
K023490000,10,CHF,2011-12-16
K004830000,90,CHF,2012-01-25
K010250000,10,CHF,2012-01-25
K177460000,20,CHF,2012-01-25
K018840000,10,CHF,2012-02-03
K02151AHZ0,90,CHF,2012-02-06
K01530AOL0,90,CHF,2012-02-07
K023710000,10,EUR,2012-02-08
K058250000,10,CHF,2012-02-09
K113960000,20,CHF,2012-02-15
K011160000,10,CHF,2012-02-15
K17719ACC0,20,CHF,2012-02-17
K010270000,90,CHF,2012-02-22
K02151AIE0,90,CHF,2012-02-24
K122100000,90,CHF,2012-02-27
K015500000,20,CHF,2012-03-12
K120090000,20,CHF,2012-03-13
K010300000,10,CHF,2012-03-22
K115890000,90,CHF,2012-04-10
K010280000,10,CHF,2012-03-09
K170870000,20,CHF,2012-03-26
K100030000,10,CHF,2012-03-29
K018640000,90,USD,2012-04-02
K073700000,20,CHF,2012-04-02
K172640000,20,CHF,2012-04-03
K17719ACQ0,20,CHF,2012-04-03
K069030000,20,CHF,2012-04-04
K155540000,20,CHF,2012-04-27
K046300000,20,CHF,2012-04-27
K010600000,20,CHF,2012-05-02
K064460000,20,CHF,2012-05-14
K170940000,90,CHF,2012-05-15
K090130001,20,CHF,2012-06-12
K022150000,20,CHF,2012-06-12
K142580000,90,CHF,2012-06-14
K013020000,10,CHF,2012-06-22
K075930000,90,CHF,2012-07-17
K10100ABO0,90,EUR,2012-07-26
K10100ABU0,90,EUR,2012-07-26
K10100ACK0,90,EUR,2012-07-26
K10100ADW0,90,EUR,2012-07-26
K10100AFJ0,90,EUR,2012-07-26
K10100AFU0,90,EUR,2012-07-26
K10100AFV0,90,EUR,2012-07-26
K10100AFY0,90,EUR,2012-07-26
K02151AJS0,90,CHF,2012-08-07
K10100AGT0,90,EUR,2012-08-08
K10100ALL0,90,EUR,2012-08-08
K10100ALD0,90,EUR,2012-08-08
K150330955,90,CHF,2012-04-24
K01448DHY0,90,CHF,2012-05-03
K010730000,10,CHF,2012-05-04
K100730000,20,CHF,2012-05-23
K151560093,90,CHF,2012-05-23
K17719ACX0,90,CHF,2012-06-04
K17719ADB0,90,CHF,2012-06-18
K080620000,20,CHF,2012-06-20
K160050000,20,CHF,2012-06-20
K056270000,20,CHF,2012-06-21
K011330000,90,CHF,2012-07-02
K11285AAC0,20,CHF,2012-07-06
K044850000,20,CHF,2012-07-18
K054930000,10,CHF,2012-08-03
K01530AON0,90,CHF,2012-08-15
K11285AAK0,90,CHF,2012-10-16
K09671AAY0,20,CHF,2012-10-17
K10100APG0,90,EUR,2012-10-17
K10100AOQ0,90,EUR,2012-10-17
K10100ARR0,90,EUR,2012-10-24
K10100ASU0,90,EUR,2012-10-24
K10100ASX0,90,EUR,2012-10-24
K10100ASY0,90,EUR,2012-10-24
K10100ATA0,90,EUR,2012-10-24
K10100ATE0,90,EUR,2012-10-24
K10100ATL0,90,EUR,2012-10-24
K177720000,90,CHF,2012-10-30
K171370000,90,CHF,2012-11-12
K032530000,20,CHF,2012-11-13
K10100AIP0,90,EUR,2012-08-08
K10100AHV0,90,EUR,2012-08-08
K10100AJZ0,90,EUR,2012-08-08
K10100AKI0,90,EUR,2012-08-08
K10100ALI0,90,EUR,2012-08-08
K072770000,20,CHF,2012-08-24
K011410000,10,CHF,2012-09-26
K01530AOO0,90,CHF,2012-09-26
K01448DNA0,90,CHF,2012-09-28
K034250000,20,CHF,2012-10-10
K07393ABL0,90,EUR,2012-10-23
K151560094,20,CHF,2012-10-30
K04370AAA0,20,CHF,2012-11-05
K10100AXN0,90,EUR,2012-11-19
K10100AWJ0,90,EUR,2012-11-19
K10100AXM0,90,EUR,2012-11-19
K10100AVK0,90,EUR,2012-11-19
K10100AVL0,90,EUR,2012-11-19
K10100AVW0,90,EUR,2012-11-19
K10100AWA0,90,EUR,2012-11-19
K10100AWI0,90,EUR,2012-11-19
K10100AUN0,90,EUR,2012-11-19
K01140XXXX,20,CHF,2012-11-20
K10100AYK0,90,EUR,2012-12-10
K10100AYS0,90,EUR,2012-12-10
K10100AYT0,90,EUR,2012-12-10
K10100AYU0,90,EUR,2012-12-10
K10100AYX0,90,EUR,2012-12-10
K10100AZH0,90,EUR,2012-12-10
K084330000,20,CHF,2012-12-11
K10100BBP0,90,EUR,2013-01-17
K10100BBQ0,90,EUR,2013-01-17
K01448DPY0,90,CHF,2012-11-13
K01530AOZ0,90,CHF,2012-11-30
K01530AOU0,90,CHF,2012-11-30
K10100AZS0,90,EUR,2012-12-07
K10100BAJ0,90,EUR,2012-12-07
K10100BAK0,90,EUR,2012-12-07
K10100BAP0,90,EUR,2012-12-07
K10100BAT0,90,EUR,2012-12-07
K17719ADZ0,20,CHF,2012-12-13
K01111KC02,20,CHF,2013-01-07
K01111KB03,20,CHF,2013-01-07
K01111KB06,20,CHF,2013-01-07
K01111KB07,20,CHF,2013-01-07
K01111KD01,20,CHF,2013-01-07
K053370000,10,CHF,2013-02-13
K01530APG0,90,CHF,2013-02-18
K10100BDH0,90,EUR,2013-01-17
K10100BDT0,90,EUR,2013-01-17
K09037ACT0,90,CHF,2013-01-25
K015540000,20,CHF,2013-02-05
K138640000,90,CHF,2013-02-05
K10100BGD0,90,EUR,2013-02-22
K172790000,90,CHF,2013-02-26
K10100BIV0,90,EUR,2013-03-11
K10100BGU0,90,EUR,2013-03-11
K10100BGX0,90,EUR,2013-03-11
K10100BGV0,90,EUR,2013-03-11
K10100BHF0,90,EUR,2013-03-11
K10100BHI0,90,EUR,2013-03-11
K10100BIJ0,90,EUR,2013-03-11
K10100BIW0,90,EUR,2013-03-11
K10100BJF0,90,EUR,2013-03-11
K10100BJJ0,90,EUR,2013-03-11
K10100BJN0,90,EUR,2013-03-11
K10100BDY0,90,EUR,2013-02-22
K10100BER0,90,EUR,2013-02-22
K10100BFV0,90,EUR,2013-02-22
K177800001,90,CHF,2013-03-20
K029990000,20,CHF,2014-01-24
K09037ADF0,90,CHF,2014-02-04
K042190000,90,CHF,2013-04-16
K10100BMP0,90,EUR,2013-05-13
K10100BMX0,90,EUR,2013-05-13
K10100BNT0,90,EUR,2013-05-13
K10100BOJ0,90,EUR,2013-05-13
K10100BOW0,90,EUR,2013-05-13
K10100BPB0,90,EUR,2013-05-13
K077230000,20,CHF,2013-03-28
K117520000,90,CHF,2013-04-03
K10100BKN0,90,EUR,2013-04-10
K063640000,20,CHF,2013-04-10
K10100BMC0,90,EUR,2013-04-10
K10100BMD0,90,EUR,2013-04-10
K10100BKO0,90,EUR,2013-04-10
K10100BLL0,90,EUR,2013-04-10
K10100BLX0,90,EUR,2013-04-10
K027410000,90,CHF,2013-04-10
K028310000,20,CHF,2013-04-11
K012180000,90,CHF,2014-01-21
K005600000,90,CHF,2014-01-22
K017000000,20,CHF,2014-06-19
K177830000,20,CHF,2013-04-12
K011570000,20,CHF,2013-04-25
K075310000,20,CHF,2013-05-07
K10100BPD0,90,EUR,2013-05-13
K100750000,20,CHF,2013-05-15
K171570000,90,CHF,2013-05-27
K113730000,90,CHF,2013-05-28
K059670000,20,CHF,2013-06-05
K10100BQF0,90,EUR,2013-06-10
K10100BRD0,90,EUR,2013-06-10
K150330969,90,CHF,2013-07-19
K016460000,90,CHF,2013-07-19
K10100BVJ0,90,EUR,2013-08-13
K10100BVL0,90,EUR,2013-08-13
K10100BUR0,90,EUR,2013-08-13
K091230000,20,CHF,2013-06-13
K019760000,20,CHF,2013-07-02
K10100BTU0,90,EUR,2013-07-08
K10100BTW0,90,EUR,2013-07-08
K10100BSB0,90,EUR,2013-07-09
K081050000,20,CHF,2013-07-23
K097150000,10,CHF,2013-08-08
K150330982,90,CHF,2013-08-26
K10100BVW0,90,EUR,2013-09-11
K10100BWM0,90,EUR,2013-09-11
K10100BWN0,90,EUR,2013-09-11
K105590000,20,CHF,2013-09-13
K045770000,20,CHF,2013-09-16
K10100BWQ0,90,EUR,2013-09-16
K150330987,90,CHF,2013-08-26
K150330989,90,CHF,2013-08-26
K150330991,90,CHF,2013-08-26
K150330994,90,CHF,2013-08-26
K150330997,90,CHF,2013-08-28
K150331005,90,CHF,2013-08-28
K150331016,90,CHF,2013-08-29
K150331023,90,CHF,2013-08-29
K09037ACW0,90,CHF,2013-09-25
K171630000,20,CHF,2013-09-26
K01286BTB0,20,CHF,2013-10-08
K012170000,20,CHF,2013-10-10
K07393ADN0,90,EUR,2013-10-14
K111930000,90,CHF,2013-10-17
K024770000,90,CHF,2013-10-18
K131960000,20,CHF,2013-10-23
K17719AEN0,90,CHF,2013-10-31
K10100BZV0,90,EUR,2013-11-12
K10100BZW0,90,EUR,2013-11-12
K10100CAK0,90,EUR,2013-11-12
K10100CAR0,90,EUR,2013-11-13
K10100CBO0,90,EUR,2013-11-13
K09037ADA0,90,CHF,2013-11-15
K116950000,20,CHF,2016-07-06
K10100CCO0,90,EUR,2013-12-06
K10100CCP0,90,EUR,2013-12-06
K10100CCR0,90,EUR,2013-12-06
K014980000,20,CHF,2013-12-11
K017620007,90,CHF,2013-12-11
K150331048,90,CHF,2013-12-11
K093190000,20,CHF,2013-10-24
K053670000,90,CHF,2009-07-31
K053950000,20,CHF,2006-07-24
K054020000,90,CHF,2008-11-06
K054060000,90,CHF,2006-07-24
K04370ACL0,20,CHF,2014-08-05
K04370ACP0,20,CHF,2014-08-05
K04370ACW0,20,CHF,2014-10-29
K04370ADM0,20,CHF,2014-12-22
K04370ADQ0,20,CHF,2015-03-20
K04370ADR0,20,CHF,2015-03-20
K04370ADU0,20,CHF,2015-03-20
K04370AEJ0,20,CHF,2015-09-10
K04370AER0,90,CHF,2015-11-05
K04370AEZ0,20,CHF,2016-01-11
K04370AFB0,20,CHF,2016-03-08
K04370AFH0,20,CHF,2016-03-09
K04370AFK0,90,CHF,2016-03-09
K04370AFV0,20,CHF,2016-03-09
K04370AGA0,20,CHF,2016-03-09
K04370AGC0,90,CHF,2016-03-09
K04370AGH0,20,CHF,2016-03-09
K04370AGQ0,20,CHF,2016-03-09
K01448FDC0,90,CHF,2015-07-10
K01448FEZ0,90,CHF,2015-10-12
K01448EYH0,90,CHF,2014-12-16
K065020000,20,CHF,2006-07-24
K065410000,20,CHF,2008-11-10
K065460001,90,CHF,2006-08-23
K065720000,20,CHF,2006-08-16
K065800000,10,CHF,2007-06-01
K065910000,90,CHF,2007-08-22
K065920000,90,CHF,2010-02-11
K066040000,20,CHF,2006-07-24
K066180000,90,CHF,2006-07-24
K066210000,90,CHF,2008-02-21
K066410000,20,CHF,2006-08-01
K066830000,20,CHF,2006-07-24
K067290000,90,CHF,2007-10-02
K067300000,20,CHF,2007-11-01
K067510000,90,CHF,2006-07-24
K10100BXX0,90,EUR,2013-10-24
K10100BYF0,90,EUR,2013-10-24
K10100BYO0,90,EUR,2013-10-24
K10100BYZ0,90,EUR,2013-10-24
K10100BZG0,90,EUR,2013-10-24
K10100BZI0,90,EUR,2013-10-24
K124780000,90,CHF,2013-10-25
K083340000,20,CHF,2013-10-25
K036680000,90,CHF,2013-11-05
K112470000,20,CHF,2013-11-08
K012350000,20,CHF,2014-01-08
K046000000,20,CHF,2014-01-09
K10100CFK0,90,EUR,2014-01-10
K10100CGD0,90,EUR,2014-01-10
K100250000,90,CHF,2014-02-12
K178040000,10,CHF,2014-02-12
K178060000,90,CHF,2014-02-12
K17719AHK0,90,CHF,2014-03-10
K10100CJQ0,90,EUR,2014-03-20
K10100CJR0,90,EUR,2014-03-20
K017620008,90,CHF,2014-04-04
K07393AFY0,90,EUR,2014-04-07
K027970000,20,CHF,2014-04-08
K17719AHQ0,20,CHF,2014-04-09
K10100CKR0,90,EUR,2014-04-09
K10100CKS0,90,EUR,2014-04-09
K10100CLD0,90,EUR,2014-04-09
K10100CLE0,90,EUR,2014-04-09
K016220000,90,CHF,2014-02-10
K100220000,10,CHF,2014-02-10
K17719AHG0,20,CHF,2014-02-21
K079000000,20,CHF,2014-02-28
K016850000,20,CHF,2014-03-14
K147900000,20,CHF,2014-03-24
K089580000,20,CHF,2014-03-25
K07393AFS0,90,EUR,2014-03-27
K028090000,10,CHF,2014-04-15
K013290000,90,CHF,2014-04-15
K04370AAJ0,90,CHF,2014-04-16
K067540000,20,CHF,2006-07-24
K067830000,90,CHF,2008-06-11
K067930000,20,CHF,2011-11-23
K067990000,20,CHF,2006-07-24
K054430000,90,CHF,2010-03-24
K055160000,90,CHF,2008-09-05
K055170000,90,CHF,2006-07-24
K055240000,20,EUR,2016-03-11
K055510000,90,CHF,2006-07-24
K055550004,90,CHF,2006-07-28
K055830000,20,CHF,2006-07-24
K055840000,90,CHF,2007-03-06
K055960000,20,CHF,2006-08-01
K056020000,20,CHF,2008-01-24
K056110000,20,CHF,2014-08-11
K056240000,90,CHF,2006-07-24
K056280000,90,CHF,2014-01-10
K056540000,20,CHF,2006-07-24
K056940000,20,CHF,2006-07-24
K057030000,90,CHF,2006-07-24
K057280000,90,CHF,2009-12-04
K057560000,90,CHF,2006-07-24
K057570000,90,CHF,2008-07-02
K057680000,20,CHF,2014-02-27
K057720000,20,CHF,2009-05-20
K057820000,10,CHF,2006-07-24
K057830000,10,CHF,2006-07-24
K058160000,20,CHF,2016-02-26
K058230000,10,CHF,2006-07-24
K058240000,90,CHF,2010-06-18
K058340000,20,CHF,2007-07-02
K058820000,10,CHF,2006-07-24
K058950000,20,CHF,2006-07-24
K058970000,20,CHF,2006-07-24
K006240000,20,CHF,2009-06-12
K006420000,10,CHF,2009-06-12
K006460000,90,CHF,2009-06-12
K006490000,10,CHF,2009-06-12
K006530000,90,CHF,2009-06-12
K006540000,90,CHF,2009-06-12
K006610000,90,CHF,2009-06-12
K006700000,10,CHF,2009-06-12
K006710000,90,CHF,2009-06-12
K006790000,90,CHF,2009-06-12
K006880000,90,CHF,2009-06-12
K007140000,90,CHF,2009-06-12
K007260000,20,CHF,2009-06-12
K007320000,20,CHF,2009-06-12
K007330000,90,CHF,2009-06-12
K007550000,90,CHF,2009-06-12
K007660000,90,CHF,2009-06-12
K00001AGA0,90,EUR,2014-04-08
K000480000,90,CHF,2006-09-04
K000570000,20,CHF,2013-11-13
K000590000,20,CHF,2014-02-21
K001030000,10,CHF,2007-05-24
K001110000,90,CHF,2010-11-30
K006050000,90,CHF,2009-06-12
K006080000,20,CHF,2009-06-12
K006090000,90,CHF,2009-06-12
K006180000,10,CHF,2009-06-12
K006220000,20,CHF,2009-06-12
K012540000,20,CHF,2006-07-24
K012560000,20,CHF,2006-07-24
K012630001,90,CHF,2014-09-17
K012640000,20,CHF,2006-07-24
K012780000,20,CHF,2006-07-24
K01286AAQ0,20,CHF,2010-04-09
K01286ABG0,20,CHF,2010-04-26
K01286ABK0,20,CHF,2010-04-26
K01286ACC0,90,CHF,2010-04-26
K01286ACE0,90,CHF,2010-04-26
K007980000,20,CHF,2009-06-12
K007990000,20,CHF,2009-06-12
K008020000,10,CHF,2009-06-12
K008080000,20,CHF,2009-06-12
K008280000,20,CHF,2009-06-12
K008360000,20,CHF,2009-06-12
K078070000,20,CHF,2014-05-05
K042880000,90,CHF,2014-06-02
K034320000,20,CHF,2014-05-07
K024830000,20,CHF,2014-05-07
K17719AHT0,20,CHF,2014-05-21
K10100CMJ0,90,EUR,2014-05-22
K10100CMM0,90,EUR,2014-05-22
K10100CMN0,90,EUR,2014-05-22
K10100CMQ0,90,EUR,2014-05-22
K10100CMV0,90,EUR,2014-05-22
K03289AAQ0,90,CHF,2014-06-05
K10100CNY0,90,EUR,2014-06-18
K10100COG0,90,EUR,2014-06-18
K09037ADR0,90,CHF,2014-07-02
K092040000,10,CHF,2014-07-07
K067950000,10,CHF,2014-07-08
K10100CQC0,90,EUR,2014-07-17
K10100CQQ0,90,EUR,2014-07-17
K10100CQT0,90,EUR,2014-07-17
K04370AAZ0,20,CHF,2014-08-04
K04370ABE0,90,CHF,2014-08-04
K10100CON0,90,EUR,2014-06-19
K10100COV0,90,EUR,2014-06-19
K099210000,20,CHF,2014-06-25
K120410000,90,CHF,2014-06-30
K09037ADL0,90,CHF,2014-07-01
K11111KJ01,20,CHF,2023-03-20
K17719BBG0,20,CHF,2023-03-20
K024060000,20,CHF,2023-04-12
K057980000,20,CHF,2023-04-17
K023760000,20,CHF,2023-04-27
K069100000,20,CHF,2022-12-02
K01286IIV0,20,CHF,2022-12-05
K820000000,20,CHF,2022-12-05
K070160000,20,CHF,2022-12-06
K13600AAE0,20,CHF,2022-12-20
K059530000,20,CHF,2023-01-13
K13600AAH0,20,CHF,2023-01-23
K092460000,20,CHF,2023-01-26
K035300000,20,CHF,2023-02-13
K008410000,20,CHF,2009-06-12
K008440000,20,CHF,2009-06-12
K008560000,20,CHF,2009-06-12
K008620000,20,CHF,2009-06-12
K008650000,20,CHF,2009-07-03
K008680000,20,CHF,2009-06-12
K008700000,20,CHF,2009-06-12
K008780000,90,CHF,2009-06-12
K008860000,20,CHF,2009-06-12
K008900000,20,CHF,2009-06-12
K008950000,20,CHF,2009-06-12
K009300000,20,CHF,2009-06-12
K009330000,20,CHF,2009-06-12
K009360000,20,CHF,2009-06-12
K009380000,20,CHF,2009-06-12
K01286ACK0,90,CHF,2010-04-26
K01286ACL0,20,CHF,2010-04-26
K01286ACP0,90,CHF,2010-04-26
K01286ACU0,90,CHF,2010-04-26
K01286ADM0,20,CHF,2010-09-20
K01286AEB0,20,CHF,2011-09-06
K01286AEL0,20,CHF,2012-07-30
K01286AEX0,20,CHF,2012-07-30
K01286AFA0,20,CHF,2012-07-30
K01286AFP0,20,CHF,2012-08-07
K01286AGA0,20,CHF,2012-08-07
K01286AGB0,20,CHF,2012-08-07
K01286AHF0,90,CHF,2012-08-07
K01286AHS0,90,CHF,2012-08-07
K01286AIA0,20,CHF,2012-08-07
K01286AIU0,90,CHF,2012-08-27
K01286AIV0,20,CHF,2012-08-27
K01286AJD0,20,CHF,2012-08-27
K01286AKL0,20,CHF,2012-08-27
K01286AKZ0,20,CHF,2012-08-27
K01286ALJ0,10,CHF,2012-08-27
K01286ALN0,20,CHF,2012-08-27
K01286ALW0,20,CHF,2012-08-27
K01286ALX0,20,CHF,2012-08-27
K01286AMF0,20,CHF,2012-08-27
K17719BAV0,20,CHF,2023-02-17
K02151BAT0,20,CHF,2023-02-24
K042540001,20,CHF,2023-03-09
K17719BBI0,20,CHF,2023-03-21
K090000000,20,CHF,2023-05-04
K04370ANH0,20,CHF,2023-05-10
K13600AAP0,20,CHF,2023-05-15
K13600ABD0,20,CHF,2023-05-16
K04370ANI0,20,CHF,2023-05-16
K17719BCQ0,20,CHF,2023-06-20
K073880000,20,CHF,2023-06-26
K17719BCW0,20,CHF,2023-07-06
K059540000,20,CHF,2023-07-18
K124360000,20,CHF,2023-07-19
K04611AAG0,20,CHF,2023-07-26
K04611ABC0,20,CHF,2023-07-27
K04611ABE0,20,CHF,2023-07-28
K014240001,20,CHF,2023-08-16
K037840000,20,CHF,2023-09-26
K06728AAG0,20,CHF,2023-10-02
K06728AAI0,20,CHF,2023-10-02
K078340000,20,CHF,2023-06-16
K023930000,20,CHF,2023-06-19
K034570000,20,CHF,2023-07-13
K027670000,20,CHF,2023-08-04
K11285BFI0,20,CHF,2023-08-09
K17719BDC0,20,CHF,2023-08-31
K11285BFY0,20,CHF,2023-09-25
K096320000,20,CHF,2023-09-25
K06728AAX0,20,CHF,2023-10-02
K097490000,20,CHF,2023-10-05
K064700000,20,CHF,2023-10-24
K01286IXH0,20,CHF,2023-10-25
K01286IXI0,20,CHF,2023-10-25
K01286IXJ0,20,CHF,2023-10-25
K01286IXO0,20,CHF,2023-10-25
K01286IXR0,20,CHF,2023-10-25
K01286IXV0,20,CHF,2023-10-25
K01286IYB0,20,CHF,2023-10-25
K17719BDO0,20,CHF,2023-10-25
K01286IYM0,20,CHF,2023-10-26
K01286IYN0,20,CHF,2023-10-26
K038970000,20,CHF,2023-11-03
K028180000,20,CHF,2023-11-16
K17719BEB0,20,CHF,2023-11-29
K028230000,20,CHF,2023-12-01
K079240000,20,CHF,2024-01-24
K01286JFB0,20,CHF,2024-02-22
K01286JFP0,20,CHF,2024-02-23
K01286JFR0,20,CHF,2024-02-23
K04230AQR0,20,CHF,2024-02-23
K06728ABB0,20,CHF,2023-10-27
K02151BBS0,20,CHF,2023-11-01
K02151BBT0,20,CHF,2023-11-01
K02151BBV0,20,CHF,2023-11-01
K116170000,20,CHF,2023-12-06
K085650003,20,CHF,2023-12-06
K17719BEL0,20,CHF,2023-12-18
K123200000,20,CHF,2024-01-04
K01286JEA0,20,CHF,2024-01-31
K01286JEB0,20,CHF,2024-01-31
K100600000,20,CHF,2024-02-06
K128050000,20,CHF,2024-02-09
K17719BFC0,20,CHF,2024-02-19
K064670000,20,CHF,2024-02-19
K028830000,20,CHF,2024-02-28
K11285BGP0,20,CHF,2024-03-01
K01286JGX0,20,CHF,2024-03-04
K04230ARP0,20,CHF,2024-03-18
K04230ARR0,20,CHF,2024-03-18
K04611ADN0,20,CHF,2024-03-11
K02503AEE0,20,CHF,2024-03-11
K04605AAG0,20,CHF,2024-03-11
K02151BDA0,20,CHF,2024-03-21
K06728ABE0,20,CHF,2024-04-18
K17719BFS0,20,CHF,2024-04-22
K17719BGF0,20,CHF,2024-05-15
K01286JKM0,20,CHF,2024-05-21
K04605AAZ0,20,CHF,2024-05-23
K04605ABB0,20,CHF,2024-05-23
K114940000,20,CHF,2024-06-05
K020890000,20,CHF,2024-06-05
K112320000,20,EUR,2024-06-07
K01286JMJ0,20,CHF,2024-06-19
K01286JMP0,20,CHF,2024-06-20
K01286JMW0,20,CHF,2024-06-20
K01286JMX0,20,CHF,2024-06-20
K104480000,20,CHF,2024-03-27
K104490000,20,CHF,2024-03-27
K104500000,20,CHF,2024-03-28
K01286JIP0,20,CHF,2024-04-11
K01286JIU0,20,CHF,2024-04-15
K01286JIV0,20,CHF,2024-04-15
K01286JJC0,20,CHF,2024-04-15
K01286JJM0,20,CHF,2024-04-16
K02151BDI0,20,CHF,2024-04-24
K17719BFT0,20,CHF,2024-04-26
K029320000,20,CHF,2024-04-29
K020870000,20,CHF,2024-06-04
K04605ABG0,20,CHF,2024-06-14
K04611AEG0,20,CHF,2024-06-14
K011560000,20,CHF,2011-10-24
K034260000,10,CHF,2006-07-24
K069430000,10,CHF,2006-07-24
K101090000,10,CHF,2006-07-24
K064310000,10,CHF,2006-10-23
K014370000,10,CHF,2007-07-05
K140610000,10,CHF,2007-07-18
K036120000,10,CHF,2007-11-07
K170180000,10,CHF,2007-11-21
K053960000,10,CHF,2008-01-30
K011980000,10,CHF,2008-03-17
K169580000,10,CHF,2008-04-29
K174640000,10,CHF,2008-04-23
K117690000,10,CHF,2017-09-18
K115170000,10,CHF,2008-07-14
K075570000,10,CHF,2009-12-21
K010980000,10,CHF,2010-06-25
K176600000,10,CHF,2010-09-16
K176760000,10,CHF,2011-01-10
K01286ANF0,90,CHF,2012-08-27
K01286ANP0,20,CHF,2012-08-27
K01286ANR0,20,CHF,2012-08-27
K01286AOK0,20,CHF,2012-08-27
K01286AOL0,20,CHF,2012-08-27
K01286AOM0,90,CHF,2012-08-27
K01286AON0,20,CHF,2012-08-27
K01286AOQ0,20,CHF,2012-08-27
K01286APJ0,90,CHF,2012-08-27
K009670000,10,CHF,2010-01-21
K009760000,10,CHF,2010-04-20
K009780000,90,CHF,2010-05-20
K009890000,90,CHF,2011-03-25
K009920000,20,CHF,2011-05-16
K010010000,90,CHF,2011-10-17
K010080000,90,CHF,2006-07-24
K010130000,10,CHF,2010-04-14
K010260000,20,CHF,2012-02-20
K010340000,20,CHF,2006-07-24
K010390000,90,CHF,2006-07-24
K010410000,20,CHF,2009-07-01
K010420000,20,CHF,2011-01-26
K010500001,90,CHF,2011-09-22
K010510000,20,CHF,2011-10-18
K010540000,20,CHF,2010-04-23
K010620000,90,CHF,2012-05-11
K010630000,90,CHF,2012-05-15
K010680000,90,CHF,2012-08-07
K010700000,90,CHF,2006-07-24
K010760000,90,CHF,2006-07-24
K010770000,90,CHF,2012-05-29
K010850000,10,CHF,2009-01-05
K010990000,90,CHF,2006-07-24
K011040000,10,EUR,2006-07-24
K01286APT0,20,CHF,2012-08-27
K01286APU0,90,CHF,2012-08-27
K01286APV0,20,CHF,2012-08-27
K01286AQE0,20,CHF,2012-10-08
K01286AQL0,20,CHF,2012-10-08
K085710000,10,CHF,2012-05-21
K01286JNE0,20,CHF,2024-06-21
K01286JNG0,20,CHF,2024-06-21
K01286JNO0,20,CHF,2024-06-21
K01286JNT0,20,CHF,2024-06-21
K069210000,20,CHF,2008-11-06
K920100000,10,CHF,2022-09-13
K124450000,10,CHF,2023-08-23
K028250000,10,CHF,2023-12-06
K139610000,10,CHF,2024-02-23
K150330527,90,CHF,2009-10-27
K150330537,90,CHF,2009-10-27
K150330540,90,CHF,2009-10-27
K150330542,90,CHF,2009-10-27
K150330552,90,CHF,2009-11-10
K01526AGU0,90,CHF,2010-07-12
K150330584,90,CHF,2010-09-06
K150330592,90,CHF,2010-09-06
K026370000,10,CHF,2013-11-12
K178250000,10,CHF,2014-12-03
K023010000,10,CHF,2015-05-20
K017240000,10,CHF,2016-02-03
K026430000,10,CHF,2016-03-14
K160280000,10,CHF,2016-03-31
K065940000,90,CHF,2017-04-11
K005030000,10,CHF,2018-05-23
K161940000,10,CHF,2019-02-04
K162400000,10,CHF,2019-03-28
K086240000,10,CHF,2019-07-15
K025780000,10,CHF,2019-08-23
K119120000,10,CHF,2019-08-29
K020580000,10,CHF,2020-08-24
K077330000,10,CHF,2020-09-17
K057150000,10,CHF,2020-12-02
K093820000,10,CHF,2021-03-02
K109790000,10,CHF,2021-11-24
K019860000,10,CHF,2021-12-09
K034550000,10,CHF,2022-02-14
K150330716,90,CHF,2010-09-06
K150330735,90,CHF,2010-09-06
K150330604,90,CHF,2010-09-06
K150330612,90,CHF,2010-09-06
K150330621,90,CHF,2010-09-06
K150330638,90,CHF,2010-09-06
K150330640,90,CHF,2010-09-06
K150330649,90,CHF,2010-09-06
K150330661,90,CHF,2010-09-06
K150330671,90,CHF,2010-09-06
K150330687,90,CHF,2010-09-06
K150330689,90,CHF,2010-09-06
K150330697,90,CHF,2010-09-06
K150330702,90,CHF,2010-09-06
K00500ACS0,20,CHF,2016-06-21
K03289AFM0,90,CHF,2015-10-28
K00500ABB0,20,CHF,2016-06-21
K150330783,90,CHF,2010-09-06
K150330808,90,CHF,2010-09-06
K150330810,90,CHF,2010-09-06
K150330820,90,CHF,2010-09-06
K150330823,90,CHF,2010-09-06
K150330835,90,CHF,2010-09-06
K150330840,90,CHF,2010-09-06
K150330849,90,CHF,2010-09-06
K150330850,90,CHF,2010-09-06
K150330853,90,CHF,2010-09-06
K150330866,90,CHF,2010-09-06
K150330886,90,CHF,2010-09-06
K150330893,90,CHF,2010-09-06
K00500AAM0,20,CHF,2016-06-21
K03289AAC0,90,CHF,2014-03-17
K03289ADO0,90,CHF,2014-12-22
K03289AAO0,90,CHF,2014-06-05
K03289ADQ0,90,CHF,2014-12-22
K03289ACL0,90,CHF,2014-12-22
K03289AEX0,90,CHF,2015-04-02
K03289ACT0,90,CHF,2014-12-22
K03289ADZ0,90,CHF,2014-12-22
K03289AAV0,90,CHF,2014-06-05
K03289ACJ0,90,CHF,2014-12-22
K01286AQX0,20,CHF,2012-10-08
K01286AQY0,20,CHF,2012-10-08
K01286ARQ0,20,CHF,2012-10-08
K01286ART0,20,CHF,2012-10-08
K01286ARU0,20,CHF,2012-10-08
K01286ARY0,90,CHF,2012-10-08
K01286ASK0,20,CHF,2012-10-08
K01286ATC0,20,CHF,2012-10-08
K01286ATY0,90,CHF,2012-10-08
K01286AUI0,20,CHF,2012-10-08
K01286AUY0,20,CHF,2012-10-08
K01286AVB0,20,CHF,2012-10-08
K01286AVE0,20,CHF,2012-10-08
K01286AVF0,90,CHF,2012-10-08
K01286AVI0,20,CHF,2012-10-08
K011110001,90,CHF,2006-07-27
K011110011,90,CHF,2006-07-27
K011110018,90,CHF,2008-10-10
K01111KB00,20,CHF,2013-01-07
K01111KB02,20,CHF,2013-01-07
K01111KC00,20,CHF,2013-01-07
K01111KI01,20,CHF,2013-01-07
K01111KN02,20,CHF,2013-01-07
K01140ZZZZ,90,CHF,2008-08-11
K011540000,20,CHF,2013-07-16
K011610001,90,CHF,2010-06-18
K011690001,20,CHF,2012-06-05
K011790000,90,CHF,2006-07-24
K011930000,90,CHF,2006-07-24
K012110000,20,CHF,2012-08-13
K012250000,90,CHF,2013-11-01
K012340001,20,CHF,2006-12-04
K01234AAB0,20,CHF,2009-10-19
K01234AAD0,90,CHF,2009-11-20
K012450000,20,CHF,2014-02-06
K01286BVC0,90,CHF,2013-10-28
K01286BVD0,90,CHF,2013-10-28
K01286BVL0,20,CHF,2013-10-28
K01286BVS0,20,CHF,2013-11-20
K01286BVW0,20,CHF,2013-11-20
K00500ACP0,20,CHF,2016-06-21
K00500AEQ0,20,CHF,2019-03-18
K00500ADC0,20,CHF,2016-06-21
K00500ACJ0,20,CHF,2016-06-21
K00500ACO0,20,CHF,2016-06-21
K00500AGR0,20,CHF,2020-04-06
K00500AGH0,20,CHF,2020-04-01
K00500AEK0,20,CHF,2018-06-18
K00500AGX0,20,CHF,2020-08-04
K00500AAV0,20,CHF,2016-06-21
K00500AAY0,20,CHF,2016-06-21
K03289AEQ0,90,CHF,2015-02-06
K00500AGU0,20,CHF,2020-06-11
K00500AGY0,20,CHF,2020-10-07
K00500ACM0,90,CHF,2016-06-21
K00500AHD0,20,CHF,2021-07-09
K00500AHH0,20,CHF,2021-11-03
K11285ACI0,20,CHF,2014-03-11
K11285AAI0,20,CHF,2012-09-18
K11285AGU0,20,CHF,2016-08-25
K11285ALY0,20,CHF,2020-01-22
K11285AUK0,20,CHF,2021-03-29
K11285AAX0,20,CHF,2012-12-10
K11285ADB0,20,CHF,2014-07-30
K11285BBV0,20,CHF,2022-06-09
K11285AEV0,90,CHF,2015-03-16
K11285AAO0,90,CHF,2012-11-26
K11285AYF0,20,CHF,2021-07-26
K00500AEP0,20,CHF,2019-02-21
K14542XXXX,20,CHF,2012-02-03
K11285BAY0,20,CHF,2022-04-06
K036840000,90,CHF,2009-07-22
K175720000,20,CHF,2009-07-23
K087190000,20,CHF,2009-08-03
K121550000,20,CHF,2017-12-07
K001550000,20,CHF,2017-12-07
K134950000,20,CHF,2009-08-11
K129260000,20,CHF,2009-08-12
K09671AAJ0,20,CHF,2009-08-20
K01286BVX0,90,CHF,2013-11-20
K01286BWD0,20,CHF,2013-11-20
K01286BWH0,90,CHF,2013-11-20
K01286BWP0,20,CHF,2013-11-29
K01286BWV0,90,CHF,2013-12-03
K01286BXU0,90,CHF,2013-12-16
K01286BYE0,20,CHF,2013-12-23
K01286BYP0,20,CHF,2014-01-13
K01286BZF0,20,CHF,2014-02-03
K01286BZP0,20,CHF,2014-02-03
K01286BZQ0,20,CHF,2014-02-03
K01286BZU0,20,CHF,2014-02-10
K01286CAB0,90,CHF,2014-02-17
K01286CAI0,20,CHF,2014-02-18
K01286CAN0,20,CHF,2014-02-24
K01286CAS0,90,CHF,2014-03-05
K01286CBB0,20,CHF,2014-03-19
K01286CBC0,90,CHF,2014-03-19
K01286CBJ0,20,CHF,2014-03-24
K01286CBL0,20,CHF,2014-03-24
K01286CBZ0,20,CHF,2014-04-01
K01286CCJ0,20,CHF,2014-04-10
K01286CCO0,20,CHF,2014-04-14
K01286CCT0,20,CHF,2014-04-14
K01286CCZ0,20,CHF,2014-04-29
K01286CDH0,20,CHF,2014-05-20
K01286CDI0,20,CHF,2014-05-20
K01286AVL0,20,CHF,2012-10-08
K01286AVQ0,20,CHF,2012-10-08
K01286AWD0,20,CHF,2012-10-08
K01286AWJ0,20,CHF,2012-10-08
K01286AWX0,20,CHF,2012-10-08
K01286AXD0,20,CHF,2012-10-08
K01286AXK0,90,CHF,2012-10-08
K01286AXQ0,90,CHF,2012-10-08
K01286AYA0,20,CHF,2012-10-08
K01286AYP0,20,CHF,2012-10-08
K01286AYY0,20,CHF,2012-10-08
K01286AZG0,20,CHF,2012-10-08
K171530000,20,CHF,2009-08-21
K008840000,20,CHF,2009-09-10
K018000000,20,CHF,2009-09-18
K150210000,90,CHF,2009-09-18
K029080000,10,CHF,2009-09-18
K078250000,20,CHF,2009-09-21
K142910000,90,CHF,2009-09-28
K140650000,20,CHF,2009-09-29
K154970000,10,CHF,2009-09-29
K01627AAF0,90,CHF,2009-10-05
K150330432,90,CHF,2009-10-05
K150330451,90,CHF,2009-10-05
K150330458,90,CHF,2009-10-05
K150330461,90,CHF,2009-10-05
K150330466,90,CHF,2009-10-05
K150330471,90,CHF,2009-10-05
K150330472,90,CHF,2009-10-05
K150330490,90,CHF,2009-10-05
K015810000,20,CHF,2009-10-09
K120400000,90,CHF,2009-08-18
K008690000,10,CHF,2009-09-16
K128870000,90,CHF,2009-09-22
K080270000,90,CHF,2009-09-24
K08158AAA0,20,CHF,2009-10-01
K075750000,90,CHF,2009-10-06
K083950000,90,CHF,2009-10-14
K175940000,20,CHF,2009-10-16
K087820000,20,CHF,2009-12-01
K032480000,90,CHF,2009-12-18
K154140000,90,CHF,2009-12-21
K150330516,90,CHF,2009-10-27
K150330519,90,CHF,2009-10-27
K150330526,90,CHF,2009-10-27
K150330550,90,CHF,2009-10-27
K17561AAC0,90,CHF,2009-11-09
K013980000,10,CHF,2009-11-10
K11864ABR0,90,CHF,2009-11-10
K153760000,90,CHF,2009-11-12
K018970000,90,CHF,2009-11-13
K01286AZQ0,20,CHF,2012-10-08
K01286BAC0,90,CHF,2012-10-08
K01286BAD0,90,CHF,2012-10-08
K01286BAH0,20,CHF,2012-10-08
K01286BAM0,90,CHF,2012-10-08
K01286BAW0,90,CHF,2012-10-08
K01286BAY0,20,CHF,2012-10-08
K01286BBB0,20,CHF,2012-10-08
K01286BBJ0,20,CHF,2012-10-08
K01286CEB0,20,CHF,2014-05-21
K01286CED0,20,CHF,2014-05-21
K01286CEK0,20,CHF,2014-05-26
K01286CEM0,20,CHF,2014-05-28
K01286CET0,20,CHF,2014-06-10
K01286CEV0,90,CHF,2014-06-10
K01286CEY0,20,CHF,2014-06-10
K01286CFY0,20,CHF,2014-07-15
K01286CGE0,20,CHF,2014-07-22
K01286CGM0,20,CHF,2014-07-30
K01286CGP0,90,CHF,2014-08-04
K01286CGX0,90,CHF,2014-08-11
K01286CHO0,20,CHF,2014-09-09
K01286CHS0,90,CHF,2014-09-09
K01286CHY0,20,CHF,2014-09-09
K01286CIA0,20,CHF,2014-09-09
K01286CIN0,20,CHF,2014-09-09
K01286CJJ0,20,CHF,2014-09-17
K01286CJL0,90,CHF,2014-09-17
K01286CKC0,20,CHF,2014-09-25
K01286BBM0,20,CHF,2012-10-08
K01286BCA0,20,CHF,2012-10-24
K01286BCG0,20,CHF,2012-10-29
K01286BDM0,20,CHF,2012-11-12
K01286BEV0,20,CHF,2012-12-04
K01286BFP0,90,CHF,2012-12-19
K01286BFV0,90,CHF,2012-12-19
K01286BFW0,90,CHF,2012-12-19
K01286BFX0,90,CHF,2012-12-21
K01286BGB0,20,CHF,2012-12-21
K048260000,20,CHF,2009-11-18
K011670000,90,CHF,2009-11-19
K025580000,20,CHF,2009-11-24
K089480000,20,CHF,2009-11-25
K11864ABT0,20,CHF,2009-12-04
K154130000,20,CHF,2009-12-14
K049590000,90,CHF,2010-01-04
K106700000,20,CHF,2017-12-14
K015230000,10,CHF,2010-01-11
K128040000,20,CHF,2010-01-12
K068520000,20,CHF,2010-01-19
K176110000,90,CHF,2010-02-03
K019040000,90,CHF,2010-01-28
K11864ACG0,20,CHF,2010-02-01
K030250000,20,CHF,2018-01-03
K071500000,20,CHF,2010-02-08
K112850000,20,CHF,2010-02-16
K150330563,90,CHF,2010-02-18
K13762ABW0,90,CHF,2010-02-25
K165330000,90,CHF,2018-01-08
K17719AOW0,20,CHF,2018-01-09
K119010000,20,CHF,2010-03-24
K015270000,20,CHF,2010-04-15
K027510002,90,CHF,2010-04-16
K09974ABQ0,90,CHF,2010-04-27
K09974ABR0,90,CHF,2010-04-27
K09974ACC0,90,CHF,2010-04-27
K09974ACO0,90,CHF,2010-04-27
K09974ACZ0,90,CHF,2010-04-27
K09974ADU0,90,CHF,2010-04-27
K09974AEC0,90,CHF,2010-04-27
K09974AEH0,90,CHF,2010-04-27
K09974AEM0,90,CHF,2010-04-27
K09974AEX0,90,CHF,2010-04-27
K150960000,20,CHF,2010-02-04
K093310000,90,CHF,2010-03-03
K009730000,90,CHF,2010-03-12
K01234AAI0,20,CHF,2010-04-09
K154920000,90,CHF,2010-04-09
K01286BGE0,90,CHF,2012-12-21
K01286BGV0,90,CHF,2013-01-11
K01286BGY0,20,CHF,2013-01-09
K01286BGZ0,90,CHF,2013-01-09
K01286BHA0,20,CHF,2013-01-11
K01286BHK0,20,CHF,2013-01-16
K01286BHM0,20,CHF,2013-01-16
K01286BHT0,20,CHF,2013-01-25
K01286BHU0,20,CHF,2013-01-25
K01286BIA0,20,CHF,2013-02-07
K01286BIJ0,20,CHF,2013-02-19
K01286BIT0,20,CHF,2013-02-19
K01286BIU0,20,CHF,2013-02-19
K01286BJP0,20,CHF,2013-02-22
K01286BJR0,20,CHF,2013-02-22
K01286BJX0,20,CHF,2013-03-05
K01286BKP0,20,CHF,2013-03-22
K01286BMI0,20,CHF,2013-04-23
K01286BMP0,90,CHF,2013-05-07
K01286BNB0,20,CHF,2013-05-13
K01286BNN0,20,CHF,2013-05-17
K01286BNO0,20,CHF,2013-05-17
K01286BNP0,20,CHF,2013-05-17
K01286BNT0,90,CHF,2013-05-22
K01286BOG0,90,CHF,2013-06-03
K01286BOI0,20,CHF,2013-06-06
K01286BOP0,90,CHF,2013-06-20
K01286BPC0,90,CHF,2013-07-03
K01286BPH0,20,CHF,2013-07-03
K01286BPL0,90,CHF,2013-07-03
K01286BPQ0,20,CHF,2013-07-03
K01286BPV0,90,CHF,2013-07-11
K01286BPW0,20,CHF,2013-07-11
K01286BPY0,20,CHF,2013-07-11
K01286BQR0,20,CHF,2013-07-22
K01286BQV0,20,CHF,2013-07-23
K01286BQY0,20,CHF,2013-07-23
K01286BRD0,20,CHF,2013-07-29
K01286BRE0,20,CHF,2013-07-29
K035720000,20,CHF,2010-04-22
K01448CHX0,90,CHF,2010-04-23
K129150000,90,CHF,2010-04-29
K016090000,20,CHF,2010-04-30
K086020000,20,CHF,2010-05-05
K010150000,20,CHF,2010-05-07
K154090000,20,CHF,2010-05-25
K128400000,20,EUR,2010-06-08
K091970000,90,CHF,2010-06-09
K020070000,20,CHF,2010-06-09
K119280000,20,CHF,2010-06-10
K11864AGN0,90,CHF,2010-06-17
K11864AGP0,20,CHF,2010-06-17
K11864AGW0,90,CHF,2010-06-17
K09974AFT0,90,CHF,2010-04-27
K09974AFV0,90,CHF,2010-04-27
K01448CJB0,90,CHF,2010-05-18
K139570000,20,CHF,2010-05-18
K091340000,20,CHF,2010-05-20
K032370000,20,CHF,2010-06-01
K010550000,20,CHF,2010-06-02
K020680000,20,CHF,2018-01-23
K11864ACW0,20,CHF,2010-06-17
K11864ADK0,20,CHF,2010-06-17
K11864AEE0,20,CHF,2010-06-17
K11864AEF0,20,CHF,2010-06-17
K11864AEI0,20,CHF,2010-06-17
K11864AEO0,90,CHF,2010-06-17
K11864AER0,20,CHF,2010-06-17
K11864AEW0,20,CHF,2010-06-17
K11864AFI0,20,CHF,2010-06-17
K11864AFZ0,90,CHF,2010-06-17
K11864AGB0,90,CHF,2010-06-17
K11864AHB0,90,CHF,2010-06-17
K11864AHG0,20,CHF,2010-06-17
K11864AIK0,90,CHF,2010-06-17
K11864AIS0,90,CHF,2010-06-17
K11864AIZ0,90,CHF,2010-06-17
K11864AJA0,20,CHF,2010-06-17
K01286BRI0,20,CHF,2013-07-29
K01286BRW0,20,CHF,2013-08-15
K01286BSB0,20,CHF,2013-08-19
K01286BSM0,90,CHF,2013-09-17
K01286BSR0,20,CHF,2013-09-26
K01286BTL0,20,CHF,2013-10-21
K01286BTM0,20,CHF,2013-10-21
K01286BUG0,90,CHF,2013-10-23
K01448AHX0,90,CHF,2008-10-24
K01448AHY0,90,CHF,2008-10-24
K01448AIA0,90,CHF,2008-10-24
K01286CKI0,20,CHF,2014-09-29
K01286CKJ0,90,CHF,2014-09-29
K01286CLH0,20,CHF,2014-10-16
K01286CLJ0,90,CHF,2014-10-21
K01286CLO0,20,CHF,2014-10-28
K01286CML0,20,CHF,2014-11-17
K01286CMO0,20,CHF,2014-11-17
K01286CNF0,20,CHF,2014-12-01
K01286CNK0,20,CHF,2014-12-01
K01286CPB0,20,CHF,2015-01-16
K01286CQF0,90,CHF,2015-01-27
K01286CRC0,20,CHF,2015-02-25
K01286CRU0,90,CHF,2015-03-13
K01286CSK0,20,CHF,2015-03-31
K01286CSS0,90,CHF,2015-04-21
K01286CTH0,20,CHF,2015-05-18
K01286CTI0,90,CHF,2015-05-19
K01286CTL0,20,CHF,2015-05-22
K01286CTM0,20,CHF,2015-05-27
K01286CTR0,90,CHF,2015-05-29
K01286CTT0,20,CHF,2015-06-10
K01286CVE0,20,CHF,2015-07-07
K01286CVH0,20,CHF,2015-07-07
K01286CVN0,20,CHF,2015-07-07
K01286CVR0,20,CHF,2015-07-08
K01286CVU0,90,CHF,2015-07-14
K01286CWC0,20,CHF,2015-07-20
K01286CXE0,20,CHF,2015-09-01
K11864AJI0,90,CHF,2010-06-17
K11864AJJ0,90,CHF,2010-06-17
K11864AJP0,20,CHF,2010-06-17
K11864AJS0,20,CHF,2010-06-17
K11864AJT0,20,CHF,2010-06-17
K11864AJY0,20,CHF,2010-06-17
K018030529,90,CHF,2010-06-28
K009820000,20,CHF,2010-07-08
K112740000,20,CHF,2010-07-12
K01526AAQ0,90,CHF,2010-07-12
K01526AAR0,90,CHF,2010-07-12
K01526AAS0,90,CHF,2010-07-12
K01526AAT0,90,CHF,2010-07-12
K01526AAX0,90,CHF,2010-07-12
K01526AAY0,90,CHF,2010-07-12
K027100000,20,CHF,2015-11-09
K054550000,20,CHF,2015-11-18
K095730000,20,CHF,2016-01-18
K058290000,20,CHF,2015-11-27
K17719ALC0,20,CHF,2015-11-27
K047830000,20,CHF,2015-11-30
K160150000,20,CHF,2015-12-18
K101580000,10,CHF,2016-01-07
K025680000,20,CHF,2016-01-22
K160100001,20,CHF,2016-01-29
K150331145,90,CHF,2016-01-29
K036890000,20,CHF,2016-03-01
K028720000,10,CHF,2016-03-03
K04370AGJ0,90,CHF,2016-03-09
K04370AGP0,20,CHF,2016-03-09
K045060000,20,CHF,2016-03-11
K178510000,10,CHF,2016-03-18
K17719ALW0,20,CHF,2016-03-21
K160240000,20,CHF,2016-03-21
K04370AHR0,90,CHF,2016-03-21
K126430000,20,CHF,2016-03-21
K052390000,20,CHF,2016-03-29
K020530000,20,CHF,2016-03-30
K028000000,90,CHF,2016-01-28
K01286CXM0,20,CHF,2015-09-01
K01286CYA0,20,CHF,2015-09-22
K01286DAM0,20,CHF,2015-12-07
K01286DBG0,20,CHF,2016-01-14
K01286DBM0,20,EUR,2016-02-08
K01286DBR0,20,CHF,2016-02-08
K01286DBZ0,20,CHF,2016-02-15
K01286DCJ0,20,CHF,2016-02-18
K012990000,20,CHF,2006-11-08
K013030000,90,CHF,2013-01-25
K013060000,90,EUR,2006-07-24
K013210000,90,CHF,2010-02-10
K013320000,90,EUR,2014-06-03
K013500000,90,CHF,2007-02-20
K013570000,20,CHF,2007-11-12
K013680000,20,CHF,2007-12-19
K013710000,20,CHF,2006-07-24
K013730000,20,CHF,2006-07-24
K013750000,20,CHF,2006-07-24
K013760000,20,CHF,2006-07-24
K013810000,20,CHF,2006-07-24
K013890000,20,CHF,2006-07-24
K013940000,90,CHF,2009-04-27
K013970000,20,CHF,2009-10-23
K01448AIF0,90,CHF,2008-10-24
K01448AJC0,90,CHF,2008-10-24
K01448AJD0,90,CHF,2008-10-24
K01448AJF0,90,CHF,2008-10-24
K01448AJP0,90,CHF,2008-10-24
K01448AKN0,90,CHF,2008-10-24
K01448AKU0,90,CHF,2008-10-24
K01448ALE0,90,CHF,2008-10-24
K01448ALM0,90,CHF,2008-10-24
K01448ALV0,90,CHF,2008-10-24
K01448ALW0,90,CHF,2008-10-24
K01448ANA0,90,CHF,2008-10-24
K01448ANB0,90,CHF,2008-10-24
K01448ANU0,90,CHF,2008-10-24
K01448AOA0,90,CHF,2008-10-24
K043570000,90,CHF,2016-02-11
K07393AQY0,90,EUR,2016-02-15
K171920000,20,CHF,2016-02-16
K028100000,20,CHF,2016-02-19
K030870000,20,CHF,2016-02-26
K17719ALT0,20,CHF,2016-03-08
K145670001,20,CHF,2016-03-08
K17719ALU0,20,CHF,2016-03-08
K055240001,20,EUR,2016-03-11
K160210000,20,CHF,2016-03-16
K02151AQC0,90,CHF,2016-03-22
K023510000,90,CHF,2016-03-23
K17719ALX0,20,CHF,2016-03-24
K17719ALZ0,20,CHF,2016-04-01
K049460000,10,CHF,2016-04-01
K150331153,90,CHF,2016-04-05
K051150000,90,CHF,2016-04-11
K178520000,10,CHF,2016-04-13
K02151AQL0,90,CHF,2016-04-19
K160370000,20,CHF,2016-04-28
K005040000,10,CHF,2016-05-03
K073630000,20,CHF,2016-05-10
K142570000,90,CHF,2016-05-18
K032630000,20,CHF,2016-04-08
K130130000,20,CHF,2016-04-13
K150331156,90,CHF,2016-05-09
K161110000,20,CHF,2016-10-28
K160510000,90,EUR,2016-05-31
K160520000,20,CHF,2016-06-01
K17719AMG0,20,CHF,2016-06-10
K004900000,20,CHF,2016-07-11
K004510000,20,CHF,2016-07-11
K004890000,20,CHF,2016-07-11
K029480000,20,CHF,2016-07-25
K150331165,90,CHF,2016-07-25
K138130000,10,CHF,2016-08-08
K160780000,20,CHF,2016-08-09
K160790000,20,CHF,2016-08-09
K083690000,20,CHF,2016-08-10
K160850000,20,CHF,2016-08-19
K048480000,20,CHF,2017-04-12
K160740000,20,CHF,2016-08-02
K017150000,20,CHF,2016-08-16
K037430000,20,CHF,2016-08-17
K160900000,20,CHF,2016-08-25
K035490000,20,CHF,2016-08-26
K161050000,20,CHF,2016-10-17
K160960000,20,CHF,2016-09-12
K004720000,20,CHF,2016-09-12
K130600000,90,CHF,2016-09-21
K004550000,20,CHF,2016-10-04
K049150000,90,CHF,2016-10-10
K052810000,20,CHF,2016-10-11
K161070000,10,CHF,2016-10-20
K155440000,10,CHF,2016-10-20
K000060000,10,CHF,2016-11-14
K161180000,90,CHF,2016-11-22
K150331179,90,CHF,2016-11-23
K08095AAZ0,20,CHF,2016-12-02
K091010000,10,CHF,2016-12-02
K004300000,20,CHF,2016-12-13
K046020000,20,CHF,2016-12-13
K02151ARN0,90,CHF,2017-01-09
K053630000,20,CHF,2017-01-09
K004440000,10,CHF,2016-10-27
K178600000,20,CHF,2016-11-25
K161200000,20,CHF,2016-11-25
K022970000,20,CHF,2016-12-05
K004250000,90,CHF,2017-01-03
K051530000,20,CHF,2017-01-12
K17719ANB0,20,CHF,2017-01-13
K124890000,20,CHF,2017-01-24
K004180000,10,CHF,2017-02-01
K082830000,90,CHF,2017-02-02
K004160000,20,CHF,2017-02-08
K004140000,90,CHF,2017-02-21
K17719ANI0,20,CHF,2017-03-02
K019090001,20,CHF,2017-03-01
K045490000,20,CHF,2017-03-08
K059940000,90,CHF,2017-03-09
K033110000,90,CHF,2017-03-20
K165300000,20,CHF,2017-03-21
K161270000,20,CHF,2017-04-18
K001970000,20,CHF,2018-03-20
K17719ARJ0,20,CHF,2020-11-16
K123660000,20,CHF,2018-04-12
K103620000,20,CHF,2018-04-30
K069440000,20,CHF,2018-05-22
K069470000,20,CHF,2018-05-22
K17719ANS0,20,CHF,2017-04-26
K01111KM04,20,CHF,2017-04-28
K003890000,20,CHF,2017-04-28
K000150000,20,CHF,2017-05-04
K17719ANU0,20,CHF,2017-05-04
K003840000,20,CHF,2017-05-05
K043080000,20,CHF,2017-05-09
K045520000,20,CHF,2017-05-10
K161440000,20,CHF,2018-03-23
K025750000,20,CHF,2018-03-28
K002090000,20,CHF,2018-03-29
K003390000,20,CHF,2018-04-04
K037670000,10,CHF,2018-05-02
K002250000,20,CHF,2018-05-03
K002260000,20,CHF,2018-05-03
K069740000,20,CHF,2018-05-28
K17719APO0,90,CHF,2018-05-29
K002430000,20,CHF,2018-05-29
K069870000,20,CHF,2018-05-29
K019390000,20,CHF,2018-05-25
K070030000,20,CHF,2018-05-30
K17719APP0,20,CHF,2018-05-30
K003330000,20,CHF,2018-06-01
K002380000,20,CHF,2018-06-04
K161590000,10,CHF,2018-06-25
K161810000,10,CHF,2018-09-14
K034540000,20,CHF,2018-10-18
K002940000,20,CHF,2018-10-29
K014070000,20,CHF,2012-07-10
K014280000,90,CHF,2006-07-24
K01448AAC0,90,CHF,2008-07-29
K01448AAK0,90,CHF,2008-07-29
K01448AAQ0,90,CHF,2008-08-26
K01448AAV0,90,CHF,2008-10-09
K01448AAW0,90,CHF,2008-10-09
K01448ABB0,90,CHF,2008-10-09
K01448ACI0,90,CHF,2008-10-24
K01448ACT0,90,CHF,2008-10-24
K01448ACW0,90,CHF,2008-10-24
K01448ACX0,90,CHF,2008-10-24
K01448ADM0,90,CHF,2008-10-24
K01448ADX0,90,CHF,2008-10-24
K01448AOK0,90,CHF,2008-10-24
K01448AOP0,90,CHF,2008-10-24
K01448AOQ0,90,CHF,2008-10-24
K01448APA0,90,CHF,2008-10-24
K01448APD0,90,CHF,2008-10-24
K01448APS0,90,CHF,2008-10-24
K01448AQE0,90,CHF,2008-10-24
K01448AQG0,90,CHF,2008-10-24
K01448AQN0,90,CHF,2008-10-24
K01448ARJ0,90,CHF,2008-10-24
K01448ARS0,90,CHF,2008-10-24
K01448ATW0,90,CHF,2008-10-24
K01448AUT0,90,CHF,2008-10-24
K01448AVG0,90,CHF,2008-10-24
K01448AVH0,90,CHF,2008-10-24
K01448AVI0,90,CHF,2008-10-24
K01448AVR0,90,CHF,2008-10-24
K01448AVZ0,90,CHF,2008-10-24
K01448AWK0,90,CHF,2008-10-24
K01448AWV0,90,CHF,2008-10-24
K01448AWX0,90,CHF,2008-10-24
K01448AWY0,90,CHF,2008-10-24
K01448AXK0,90,CHF,2008-10-24
K01448AXN0,90,CHF,2008-10-24
K01448AXS0,90,CHF,2008-10-24
K044170000,20,CHF,2018-11-15
K017910000,20,CHF,2018-11-16
K17719APS0,20,CHF,2018-06-20
K161610000,20,CHF,2018-06-27
K161660000,20,CHF,2018-07-09
K003280000,20,CHF,2018-07-16
K161760000,20,CHF,2018-07-27
K758550000,20,EUR,2018-08-07
K116980000,10,CHF,2018-08-17
K056980000,20,CHF,2018-08-21
K02151AVB0,90,CHF,2018-08-31
K402140000,90,CHF,2018-09-04
K075500000,20,CHF,2018-09-05
K17719AQB0,20,CHF,2018-09-12
K17719AQC0,20,CHF,2018-09-12
K002810000,20,CHF,2018-09-20
K17719AQF0,20,CHF,2018-09-27
K002880000,20,CHF,2018-10-05
K07393BIQ0,90,EUR,2018-10-12
K169850001,20,CHF,2018-10-31
K053530000,20,CHF,2018-11-19
K005340000,20,CHF,2018-12-14
K005360000,20,CHF,2018-12-17
SMCYL00000,20,EUR,2019-01-08
K162000000,20,CHF,2019-01-16
K005490000,20,CHF,2019-01-17
K162090000,20,CHF,2019-02-06
K162270000,20,CHF,2019-03-11
K162300000,20,CHF,2019-03-14
K162470000,20,CHF,2019-04-05
K162520000,20,CHF,2019-04-26
K118050000,20,CHF,2019-05-29
K118080000,20,CHF,2019-06-14
K163050000,20,CHF,2019-06-24
K163060000,20,CHF,2019-07-03
K067760000,20,CHF,2019-02-18
K162250000,90,CHF,2019-03-06
K162420000,20,CHF,2019-04-02
K162670000,90,CHF,2019-06-03
K01448AYD0,90,CHF,2008-10-24
K01448AYR0,90,CHF,2008-10-24
K01448AYU0,90,CHF,2008-10-24
K01448AZI0,90,CHF,2008-10-24
K01448AZJ0,90,CHF,2008-10-24
K01448AZT0,90,CHF,2008-10-24
K01448BAN0,90,CHF,2008-10-24
K01448BBE0,90,CHF,2008-10-24
K01448BCI0,90,CHF,2008-10-24
K01448BCS0,90,CHF,2008-10-24
K01448BDD0,90,CHF,2008-10-24
K01448BDH0,90,CHF,2008-10-24
K01448BDI0,90,CHF,2008-10-24
K01448BDP0,90,CHF,2008-10-24
K01448BDW0,90,CHF,2008-10-24
K01448BEI0,90,CHF,2008-10-24
K01448BFJ0,90,CHF,2008-10-24
K01448BFN0,90,CHF,2008-10-24
K01448BFQ0,90,CHF,2008-10-24
K01448BFV0,90,CHF,2008-10-24
K01448BGB0,90,CHF,2008-10-24
K01448BGH0,90,CHF,2008-10-24
K01448BHP0,90,CHF,2008-10-24
K01448AEG0,90,CHF,2008-10-24
K01448AEH0,90,CHF,2008-10-24
K01448AEN0,90,CHF,2008-10-24
K01448AER0,90,CHF,2008-10-24
K01448AES0,90,CHF,2008-10-24
K01448AEW0,90,CHF,2008-10-24
K01448AFD0,90,CHF,2008-10-24
K01448AFL0,90,CHF,2008-10-24
K01448AFN0,90,CHF,2008-10-24
K01448AFO0,90,CHF,2008-10-24
K01448AFZ0,90,CHF,2008-10-24
K01448AHB0,90,CHF,2008-10-24
K01448CFE0,90,CHF,2009-12-10
K01448CFN0,90,CHF,2009-12-10
K01448CFO0,90,CHF,2009-12-10
K01448CFS0,90,CHF,2010-01-14
K01448CFV0,90,CHF,2010-02-08
K025210000,10,CHF,2019-06-20
K093470000,20,CHF,2019-07-01
K093510001,20,EUR,2019-07-01
K118260000,20,CHF,2019-07-23
K17719AQR0,20,CHF,2019-08-13
K086320000,20,CHF,2019-07-15
K025320000,90,CHF,2019-07-17
K163070000,90,CHF,2019-08-19
K162780000,20,CHF,2019-09-11
K163140000,20,CHF,2019-10-02
K163140001,20,CHF,2019-10-02
K164260000,10,CHF,2019-10-17
K029690001,20,CHF,2019-10-18
K023650000,20,CHF,2019-10-21
K119450000,20,CHF,2019-10-25
K163340000,20,CHF,2019-10-30
K054690001,20,CHF,2019-11-14
K119530000,20,CHF,2019-11-18
K163540000,20,CHF,2019-12-02
K101110003,90,CHF,2019-08-22
K101110004,90,CHF,2019-08-22
K163090000,20,CHF,2019-08-26
K162810000,20,CHF,2019-09-13
K025860000,20,CHF,2019-09-26
K119340000,20,CHF,2019-09-30
K163130000,20,CHF,2019-10-01
K164240000,20,CHF,2019-10-15
K163250000,90,CHF,2019-10-21
K164290000,10,EUR,2019-10-22
K163270000,20,CHF,2019-10-23
K163370000,20,CHF,2019-11-01
K119550000,20,CHF,2019-11-20
K177630000,20,CHF,2020-01-31
K080460000,20,CHF,2020-02-07
K051220000,20,CHF,2020-02-26
K051290000,10,CHF,2020-02-28
K091850000,20,CHF,2019-12-09
K083360000,20,CHF,2019-12-10
K026860000,10,CHF,2020-01-15
K01448CGG0,90,CHF,2010-02-09
K01448CGJ0,90,CHF,2010-02-09
K01448CGM0,90,CHF,2010-02-09
K01448CGS0,90,CHF,2010-02-09
K01448CHA0,90,CHF,2010-03-05
K01448CHM0,90,CHF,2010-04-23
K01448CHO0,90,CHF,2010-04-23
K01448CHU0,90,CHF,2010-04-23
K01448CHW0,90,CHF,2010-04-23
K01448CJD0,90,CHF,2010-05-26
K01448CKD0,90,CHF,2010-05-26
K01448CKM0,90,CHF,2010-05-26
K01448CKP0,90,CHF,2010-05-26
K01448CKT0,90,CHF,2010-06-04
K01448CLA0,90,CHF,2010-07-02
K01448CLB0,90,CHF,2010-07-02
K01448CLD0,90,CHF,2010-07-02
K01448CLL0,90,CHF,2010-07-02
K01448CLW0,90,CHF,2010-07-21
K01448CML0,90,CHF,2010-08-19
K01448CMM0,90,CHF,2010-08-19
K01448CMX0,90,CHF,2010-09-06
K01448CNI0,90,CHF,2010-09-20
K01448CNL0,90,CHF,2010-09-27
K01448CNQ0,90,CHF,2010-09-27
K01448COC0,90,CHF,2010-10-19
K01448CON0,90,CHF,2010-10-26
K01448CPE0,90,CHF,2010-11-08
K01448CPM0,90,CHF,2010-11-22
K01448CPT0,90,CHF,2010-12-02
K01448CPX0,90,CHF,2010-12-02
K01448CPY0,90,CHF,2010-12-02
K01448CQA0,90,CHF,2010-12-02
K01448CQH0,90,CHF,2010-12-14
K01448CQS0,90,CHF,2011-04-13
K01448CRA0,90,CHF,2011-05-18
K01448CRB0,90,CHF,2011-05-18
K01448CRD0,90,CHF,2011-05-18
K01448CRH0,90,CHF,2011-05-18
K01448CRI0,90,CHF,2011-05-18
K051210000,20,CHF,2020-02-25
K051320000,20,CHF,2020-03-02
K051840000,20,CHF,2020-03-11
K051970000,20,CHF,2020-03-18
K00500AGN0,20,CHF,2020-04-01
K052010000,20,CHF,2020-04-01
K029220000,20,CHF,2020-05-07
K029230000,20,CHF,2020-05-07
K036410000,20,CHF,2020-05-22
K121170000,20,CHF,2020-06-19
K051670000,20,CHF,2020-03-10
K051910000,20,CHF,2020-03-16
K00500AFA0,20,CHF,2020-03-25
K00500AFK0,20,CHF,2020-03-27
K00500AFX0,20,CHF,2020-03-27
K00500AFZ0,20,CHF,2020-03-27
K00500AGI0,20,CHF,2020-04-01
K021190000,90,CHF,2020-04-15
K021600000,90,CHF,2020-04-24
K019320000,20,EUR,2020-04-28
K109180000,20,CHF,2020-07-03
K164380000,20,CHF,2020-07-22
K164530000,20,CHF,2020-08-04
K164540000,20,CHF,2020-08-04
K020690000,20,CHF,2020-09-07
K17719ARD0,20,CHF,2020-09-23
K164440000,20,CHF,2020-07-31
K17719ARH0,90,CHF,2020-10-19
K078550000,20,CHF,2020-11-11
K078560000,20,CHF,2020-11-13
K078660000,20,CHF,2020-11-20
K078670000,10,CHF,2020-11-20
K150331209,90,CHF,2020-11-25
K057050000,20,CHF,2020-12-02
K165450000,20,CHF,2021-01-20
K165470000,20,CHF,2021-01-21
K165600000,20,CHF,2021-02-02
K165680000,20,CHF,2021-02-10
K083040001,20,EUR,2021-02-26
K01448CRN0,90,CHF,2011-05-18
K01448CRX0,90,CHF,2011-05-18
K01448CSA0,90,CHF,2011-05-18
K01448CSB0,90,CHF,2011-05-18
K01448CTE0,90,CHF,2011-05-18
K01448CTF0,90,CHF,2011-05-18
K01448CTR0,90,CHF,2011-05-18
K01448CTX0,90,CHF,2011-05-18
K01448CUC0,90,CHF,2011-05-18
K01448CUS0,90,CHF,2011-05-30
K01448CVC0,90,CHF,2011-06-20
K01448BHR0,90,CHF,2008-10-24
K01448BJV0,90,CHF,2008-10-24
K01448BKQ0,90,CHF,2008-10-24
K01448BKR0,90,CHF,2008-10-24
K01448BKX0,90,CHF,2008-10-24
K01448BKZ0,90,CHF,2008-10-24
K01448BLF0,90,CHF,2008-10-24
K01448BMA0,90,CHF,2008-10-24
K01448BMB0,90,CHF,2008-10-24
K01448BMH0,90,CHF,2008-10-24
K01448BMM0,90,CHF,2008-10-24
K01448BNN0,90,CHF,2008-10-24
K01448BNT0,90,CHF,2008-10-24
K01448BNV0,90,CHF,2008-10-24
K01448CWC0,90,CHF,2011-06-21
K01448CWN0,90,CHF,2011-06-21
K01448CWV0,90,CHF,2011-06-21
K01448CWZ0,90,CHF,2011-06-21
K01448CXP0,90,CHF,2011-06-21
K01448CXV0,90,CHF,2011-07-01
K01448CYG0,90,CHF,2011-07-01
K01448CYM0,90,CHF,2011-07-01
K01448CYN0,90,CHF,2011-07-01
K01448CYQ0,90,CHF,2011-07-01
K01448CYY0,90,CHF,2011-07-01
K01448CZR0,90,CHF,2011-08-08
K01448CZT0,90,CHF,2011-08-26
K01448CZX0,90,CHF,2012-03-19
K051350000,20,CHF,2021-02-26
K077660000,90,CHF,2020-10-14
K118510000,20,CHF,2020-10-22
K041370000,20,CHF,2020-10-26
K078610000,90,CHF,2020-11-17
K057230000,20,CHF,2020-12-09
K11285ANM0,20,CHF,2021-01-06
K11285AOJ0,20,CHF,2021-01-06
K165360002,20,EUR,2021-01-07
K057430000,20,CHF,2021-01-08
K165380000,20,CHF,2021-01-18
K165500000,20,CHF,2021-01-27
K165640000,20,CHF,2021-02-04
K127680000,90,CHF,2021-02-16
K165750000,20,CHF,2021-02-25
K165790000,20,CHF,2021-03-08
K167050000,20,CHF,2021-03-15
K063070000,20,CHF,2021-03-29
K062350000,90,CHF,2021-03-29
K062400000,20,CHF,2021-03-31
K11285AWG0,20,CHF,2021-04-20
K109770000,20,CHF,2021-04-22
K063910000,20,CHF,2021-05-04
K064070000,10,CHF,2021-05-10
K064080000,20,CHF,2021-05-10
K064200000,20,CHF,2021-05-12
K035830000,20,CHF,2021-06-09
K17719ATB0,20,CHF,2021-06-17
K035910000,20,CHF,2021-06-17
K035980000,10,CHF,2021-06-22
K17719ATH0,20,CHF,2021-06-30
K17719ATT0,20,CHF,2021-07-01
K07393BOS0,90,EUR,2021-07-01
K040250000,20,CHF,2021-07-12
K028580000,20,CHF,2021-07-16
K167080000,90,CHF,2021-03-22
K167140000,10,CHF,2021-04-07
K17719ASK0,20,CHF,2021-04-19
K081070000,20,CHF,2021-04-19
K01448DAJ0,90,CHF,2012-03-19
K01448DAL0,90,CHF,2012-03-19
K01448DAS0,90,CHF,2012-03-19
K01448DAW0,90,CHF,2012-03-19
K01448DAY0,90,CHF,2012-03-19
K01448DBV0,90,CHF,2011-11-23
K01448DCU0,90,CHF,2011-11-23
K01448DDG0,90,CHF,2012-01-30
K01448BOD0,90,CHF,2008-10-24
K01448BOK0,90,CHF,2008-10-24
K01448BOP0,90,CHF,2008-10-24
K01448BOS0,90,CHF,2008-10-24
K01448BOT0,90,CHF,2008-10-24
K01448BOY0,90,CHF,2008-10-24
K01448BPA0,90,CHF,2008-10-24
K01448BPD0,90,CHF,2008-10-24
K01448BPM0,90,CHF,2008-10-24
K01448BQG0,90,CHF,2008-10-24
K01448BQM0,90,CHF,2008-10-24
K01448BRL0,90,CHF,2008-10-24
K01448BRR0,90,CHF,2008-10-24
K01448BRT0,90,CHF,2008-10-24
K01448BRW0,90,CHF,2008-10-24
K01448BRX0,90,CHF,2008-10-24
K01448BSL0,90,CHF,2008-10-24
K01448BSM0,90,CHF,2008-10-24
K01448BTC0,90,CHF,2008-10-24
K01448BUB0,90,CHF,2008-10-24
K01448BUJ0,90,CHF,2008-10-24
K01448BUV0,90,CHF,2008-10-31
K01448BVC0,90,CHF,2008-10-31
K01448BVD0,90,CHF,2008-10-31
K01448BVF0,90,CHF,2008-10-31
K01448BVJ0,90,CHF,2008-10-31
K01448BVX0,90,CHF,2008-12-01
K01448BVY0,90,CHF,2008-12-01
K01448BWD0,90,CHF,2009-01-05
K01448BXA0,90,CHF,2009-01-19
K01448BXH0,90,CHF,2009-03-10
K01448BXI0,90,CHF,2009-03-17
K081080000,20,CHF,2021-04-19
K117200000,20,EUR,2021-04-19
K024960000,20,CHF,2021-05-06
K17719ASV0,20,CHF,2021-05-31
K040030000,20,CHF,2021-06-02
K040200000,20,CHF,2021-07-09
K073240000,20,CHF,2021-08-06
K073340000,20,CHF,2021-08-18
K073370000,20,CHF,2021-08-23
K030400000,20,CHF,2021-08-24
K17719AUN0,20,CHF,2021-07-29
K17719AUW0,20,CHF,2021-07-29
K17719AUX0,90,CHF,2021-07-29
K17719AVI0,20,CHF,2021-07-30
K17719AVJ0,90,CHF,2021-07-30
K17719AVZ0,20,CHF,2021-08-02
K17719AWA0,20,CHF,2021-08-02
K17719AWD0,20,CHF,2021-08-02
K17719AWO0,20,CHF,2021-08-02
K030460000,20,CHF,2021-08-31
K030480000,20,CHF,2021-09-01
K17719AWX0,20,CHF,2021-09-09
K088900000,20,CHF,2021-10-14
K019360000,20,CHF,2021-11-10
K125190001,20,CHF,2021-08-24
K060250000,20,CHF,2021-09-16
K039830000,20,CHF,2021-10-08
K094220000,20,CHF,2021-10-12
K040320000,20,CHF,2021-11-02
K019530000,20,CHF,2021-11-15
K019700000,20,CHF,2021-11-30
K126690000,20,CHF,2021-12-16
K126780000,10,CHF,2022-01-04
K135760000,20,CHF,2022-01-17
K136470000,20,CHF,2022-02-01
K060660000,20,CHF,2022-02-08
K163590000,20,CHF,2022-02-22
K060740000,20,CHF,2022-02-25
K029090001,20,CHF,2022-04-05
K17719AXE0,20,CHF,2021-11-10
K01448BXJ0,90,CHF,2009-03-17
K01448BXK0,90,CHF,2009-03-17
K01448BXW0,90,CHF,2009-03-17
K01448BXY0,90,CHF,2009-03-17
K01448BXZ0,90,CHF,2009-03-17
K01448BYA0,90,CHF,2009-03-17
K01448BYC0,90,CHF,2009-03-17
K01448BYD0,90,CHF,2009-03-17
K01448BYH0,90,CHF,2009-03-17
K01448BYO0,90,CHF,2009-03-25
K01448BYS0,90,CHF,2009-04-09
K01448BZG0,90,CHF,2009-04-27
K01448BZZ0,90,CHF,2009-05-05
K01448CAN0,90,CHF,2009-05-25
K01448CAZ0,90,CHF,2009-05-25
K01448CBM0,90,CHF,2009-08-13
K01448CBN0,90,CHF,2009-08-13
K01448CCA0,90,CHF,2009-08-13
K01448CCC0,90,CHF,2009-08-13
K01448CCD0,90,CHF,2009-08-13
K01448CCM0,90,CHF,2009-08-13
K01448CDN0,90,CHF,2009-09-15
K01448CEG0,90,CHF,2009-11-12
K01448CFB0,90,CHF,2009-12-10
K01448EDG0,90,CHF,2013-08-12
K01448EDV0,90,CHF,2013-08-12
K01448EER0,90,CHF,2013-09-18
K01448DDN0,90,CHF,2012-01-30
K01448DDQ0,90,CHF,2012-01-30
K01448DEM0,90,CHF,2012-01-30
K01448DEN0,90,CHF,2012-01-30
K01448DEP0,90,CHF,2012-01-30
K01448DGE0,90,CHF,2012-03-19
K01448DGG0,90,CHF,2012-03-19
K01448DGN0,90,CHF,2012-05-03
K01448DGT0,90,CHF,2012-05-03
K01448DGV0,90,CHF,2012-05-03
K01448DHC0,90,CHF,2012-05-03
K01448DHJ0,90,CHF,2012-05-03
K01448DHL0,90,CHF,2012-05-03
K019710000,20,CHF,2021-12-08
K135620000,20,CHF,2022-01-11
K135670000,20,CHF,2022-01-12
K135740000,20,CHF,2022-01-14
K060730000,20,CHF,2022-02-21
K064650001,20,EUR,2022-03-15
K060850000,20,CHF,2022-03-18
K118070004,20,EUR,2022-03-22
K049940000,90,CHF,2022-04-26
K049950000,20,CHF,2022-04-27
K042010000,20,CHF,2022-05-23
K17719AYU0,20,CHF,2022-06-02
K042090000,20,CHF,2022-06-02
K17719AZC0,20,CHF,2022-06-02
K042050000,20,CHF,2022-06-02
K043020000,20,CHF,2022-06-07
K109830000,20,CHF,2022-06-21
K092880000,20,CHF,2022-04-22
K049960000,20,CHF,2022-05-04
K040600000,20,CHF,2022-05-09
K17719AYK0,20,CHF,2022-05-18
K041210000,20,CHF,2022-05-18
K041220000,20,CHF,2022-05-19
K042040000,20,CHF,2022-05-31
K012870009,20,CHF,2022-06-10
K071380000,20,CHF,2022-06-13
K071360000,20,CHF,2022-06-13
K042110000,20,CHF,2022-06-14
K023170000,20,CHF,2022-07-11
K17719AZJ0,20,CHF,2022-07-11
K17719AZL0,20,CHF,2022-07-11
K033400000,20,CHF,2022-08-09
K033420000,20,CHF,2022-08-12
K17719AZS0,20,CHF,2022-08-25
K910010000,20,CHF,2022-09-05
K045820000,20,CHF,2022-09-20
K913000000,20,CHF,2022-09-29
K042310000,20,CHF,2022-07-01
K023430000,20,CHF,2022-07-14
K023450000,20,CHF,2022-07-15
K01448DHV0,90,CHF,2012-05-03
K01448DII0,90,CHF,2012-06-14
K01448DIN0,90,CHF,2012-07-20
K01448DIT0,90,CHF,2012-07-20
K01448DIU0,90,CHF,2012-07-20
K01448DJP0,90,CHF,2012-07-23
K01448DJR0,90,CHF,2012-07-23
K01448DJY0,90,CHF,2012-07-23
K01448DKE0,90,CHF,2012-07-23
K01448DKF0,90,CHF,2012-07-20
K01448DKI0,90,CHF,2012-07-23
K01448DKS0,90,CHF,2012-07-23
K01448DLE0,90,CHF,2012-09-17
K01448DLI0,90,CHF,2012-09-17
K01448DLJ0,90,CHF,2012-09-17
K01448DLK0,90,CHF,2012-09-17
K01448DLO0,90,CHF,2012-09-17
K01448DLP0,90,CHF,2012-09-14
K01448DLR0,90,CHF,2012-09-14
K01448DMD0,90,CHF,2012-09-17
K01448DMI0,90,CHF,2012-09-17
K01448DMU0,90,CHF,2012-12-17
K01448DMY0,90,CHF,2012-09-17
K01448DNK0,90,CHF,2012-10-10
K01448DNM0,90,CHF,2012-10-10
K01448DNW0,90,CHF,2012-10-10
K01448DNY0,90,CHF,2012-10-10
K01448DOB0,90,CHF,2012-10-10
K01448DOD0,90,CHF,2012-10-10
K01448DOL0,90,CHF,2012-11-13
K01448DPN0,90,CHF,2012-11-13
K01448DPP0,90,CHF,2012-11-13
K01448DPR0,90,CHF,2012-11-13
K01448DQB0,90,CHF,2012-11-13
K01448DQD0,90,CHF,2012-11-13
K01448DQJ0,90,CHF,2012-11-13
K01448DQL0,90,CHF,2012-11-13
K01448DQN0,90,CHF,2012-11-13
K01448DQY0,90,CHF,2012-12-06
K01448DRG0,90,CHF,2012-12-06
K17719AZQ0,20,CHF,2022-08-02
K085410000,20,CHF,2022-08-17
K046110000,20,CHF,2022-10-06
K041000000,20,CHF,2022-11-16
K068740000,20,CHF,2022-11-30
K059710000,20,CHF,2022-12-13
K057660000,20,CHF,2023-01-05
K01286BMB0,20,CHF,2013-04-09
K01286DIE0,20,CHF,2016-07-18
K01286GWK0,20,CHF,2020-07-27
K01286BIC0,20,CHF,2013-02-08
K01286IKR0,20,CHF,2023-01-16
K01286EEB0,20,CHF,2017-09-04
K01286DON0,20,CHF,2016-12-12
K01286COM0,20,CHF,2014-12-19
K07393AZE0,90,EUR,2017-01-19
K01286DJF0,20,CHF,2016-08-11
K01286DSY0,20,CHF,2017-03-24
K01286JJW0,20,CHF,2024-04-23
K01286JLD0,20,CHF,2024-05-28
K01286ADP0,20,CHF,2011-04-07
K01286EQW0,20,CHF,2018-02-12
K01286CCY0,90,CHF,2014-04-29
K01286DJZ0,20,CHF,2016-08-29
K01286DBX0,20,CHF,2016-02-09
K01286IGR0,20,CHF,2022-10-18
K01286FRY0,20,CHF,2019-03-19
K01286FCR0,20,CHF,2018-07-23
K01286FYY0,20,CHF,2019-07-02
K01286JBQ0,20,CHF,2023-12-18
K01286DGB0,20,CHF,2016-05-19
K01286ALF0,20,CHF,2012-08-27
K01286ACN0,20,CHF,2010-04-26
K01286CCC0,20,CHF,2014-04-01
K01795BUE0,20,EUR,2023-06-05
K01286FCP0,20,CHF,2018-07-23
K01286EXS0,20,CHF,2018-05-07
K01286CGJ0,20,CHF,2014-07-24
K01286DPL0,20,CHF,2017-01-09
K01286EZV0,20,CHF,2018-06-20
K01448DRL0,90,CHF,2012-12-06
K01448DRR0,90,CHF,2012-12-06
K01448DSC0,90,CHF,2012-12-06
K01448DSD0,90,CHF,2012-12-06
K01448DTC0,90,CHF,2012-12-17
K01448DTE0,90,CHF,2012-12-17
K01448DTF0,90,CHF,2012-12-17
K01448DTG0,90,CHF,2012-12-17
K01448DTL0,90,CHF,2013-01-04
K01448DTP0,90,CHF,2013-01-04
K01448DTU0,90,CHF,2013-01-04
K01448DTW0,90,CHF,2013-01-04
K01448DUH0,90,CHF,2013-01-17
K01448DUO0,90,CHF,2013-01-17
K01448DUU0,90,CHF,2013-01-17
K01448DUW0,90,CHF,2013-01-17
K01448DUZ0,90,CHF,2013-01-17
K01448DVE0,90,CHF,2013-01-18
K01448DVF0,90,CHF,2013-01-18
K01448DVQ0,90,CHF,2013-02-25
K01448DVZ0,90,CHF,2013-02-25
K01448DWA0,90,CHF,2013-02-25
K01448DWU0,90,CHF,2013-02-25
K01448DXH0,90,CHF,2013-03-25
K01448DXO0,90,CHF,2013-03-25
K01448DYF0,90,CHF,2013-04-18
K01448DYG0,90,CHF,2013-04-18
K01448DYH0,90,CHF,2013-04-18
K01448DYU0,90,CHF,2013-04-18
K01448DZA0,90,CHF,2013-04-18
K01448DZB0,90,CHF,2013-04-18
K01448DZC0,90,CHF,2013-04-18
K01448EAI0,90,CHF,2013-05-22
K01448EAW0,90,CHF,2013-06-07
K01448EAX0,90,CHF,2013-06-07
K01448EBK0,90,CHF,2013-06-07
K01448EBU0,90,CHF,2013-07-15
K01448EEU0,90,CHF,2013-09-18
K01448EEY0,90,CHF,2013-09-18
K01286BOW0,90,CHF,2013-06-20
K01286GMZ0,20,CHF,2020-02-03
K01286FGY0,20,CHF,2018-10-01
K01286HIN0,20,CHF,2021-03-09
K01286AHY0,20,CHF,2012-08-07
K01286IYT0,20,CHF,2023-10-31
K01286BWE0,20,CHF,2013-11-20
K01286AHZ0,20,CHF,2012-08-07
K01286IAJ0,20,CHF,2022-05-18
K01286BQF0,20,CHF,2013-07-16
K01286GAK0,20,CHF,2019-07-31
K01286DKA0,20,CHF,2016-08-29
K01286FYA0,20,CHF,2019-06-11
K01286FVW0,20,CHF,2019-05-13
K01286BQI0,20,CHF,2013-07-18
K01286FXA0,20,CHF,2019-05-27
K01286EZE0,20,CHF,2018-06-05
K01286FIX0,20,CHF,2018-11-05
K01286GMN0,20,CHF,2020-02-03
K01286CVV0,20,CHF,2015-07-14
K01286IRC0,20,CHF,2023-06-27
K01286APN0,20,CHF,2012-08-27
K01286BVP0,20,CHF,2013-11-20
K01286GWF0,20,CHF,2020-07-20
K01286ALK0,20,CHF,2012-08-27
K01286ISU0,20,CHF,2023-07-24
K01286ERR0,20,CHF,2018-02-23
K01795BOD0,20,EUR,2023-03-03
K01286EPZ0,20,CHF,2018-01-31
K07393BLB0,90,EUR,2019-06-07
K01286ASJ0,20,CHF,2012-10-08
K01286ALL0,20,CHF,2012-08-27
K01286GFX0,20,CHF,2019-10-14
K01286ARV0,20,CHF,2012-10-08
K01286FJS0,20,CHF,2018-11-12
K01286ADQ0,20,CHF,2011-04-15
K01286ESF0,20,CHF,2018-03-07
K01286BFK0,20,CHF,2012-12-17
K01286AYH0,20,CHF,2012-10-08
K01286BRN0,20,CHF,2013-08-05
K01286GQL0,20,CHF,2020-04-14
K01286FMF0,20,CHF,2018-12-12
K01286DKV0,20,CHF,2016-09-12
K01286CTU0,20,CHF,2015-06-10
K01286DOL0,20,CHF,2016-12-08
K01286APR0,20,CHF,2012-08-27
K01286DLG0,20,CHF,2016-09-19
K01286DWH0,20,CHF,2017-06-19
K01286INN0,20,CHF,2023-03-21
K01286DVX0,20,CHF,2017-06-13
K01286EKK0,20,CHF,2017-11-06
K01286HAH0,20,CHF,2020-10-13
K01286DOM0,20,CHF,2016-12-09
K01286IAZ0,20,CHF,2022-06-07
K01286EVX0,20,CHF,2018-04-16
K01286ISD0,20,CHF,2023-07-14
K01286CHP0,20,CHF,2014-09-09
K01286HOU0,20,CHF,2021-07-05
K01286HPV0,20,CHF,2021-07-26
K01286FQG0,20,CHF,2019-02-18
K01286AQT0,20,CHF,2012-10-08
K01286GVB0,20,CHF,2020-06-29
K01286BXR0,20,CHF,2013-12-16
K01286CQK0,20,CHF,2015-02-02
K01286ASO0,20,CHF,2012-10-08
K01286GTM0,20,CHF,2020-06-04
K01286HRF0,20,CHF,2021-08-30
K01286CKU0,20,CHF,2014-10-13
K01286ALS0,20,CHF,2012-08-27
K01286CBY0,90,CHF,2014-04-01
K01286HKN0,20,CHF,2021-04-19
K01286DKT0,20,CHF,2016-09-12
K01286DWF0,20,CHF,2017-06-13
K01286AIH0,90,CHF,2012-08-07
K01795AJY0,20,EUR,2022-04-08
K01286ALR0,90,CHF,2012-08-27
K01286IHC0,20,CHF,2022-11-08
K01286DDA0,20,CHF,2016-03-01
K01286GZT0,20,CHF,2020-10-07
K01286ASP0,90,CHF,2012-10-08
K01286DEP0,20,CHF,2016-04-05
K01286IID0,20,CHF,2022-11-21
K01286CCD0,20,CHF,2014-04-01
K01286ADY0,20,CHF,2011-06-09
K01286EMH0,20,CHF,2017-12-08
K01286DGD0,20,CHF,2016-05-24
K01286IWC0,20,CHF,2023-10-16
K01286BPG0,20,CHF,2013-07-03
K01286HGB0,90,CHF,2021-01-19
K01286AZD0,90,CHF,2012-10-08
K01286AZF0,90,CHF,2012-10-08
K01286ERT0,20,CHF,2018-03-01
K01286JAD0,20,CHF,2023-12-04
K01286AZN0,20,CHF,2012-10-08
K01286GYJ0,20,CHF,2020-08-31
K01286AZU0,90,CHF,2012-10-08
K01286BAA0,20,CHF,2012-10-08
K01286BJY0,20,CHF,2013-03-11
K01286BAF0,20,CHF,2012-10-08
K01286BAO0,90,CHF,2012-10-08
K01286CMY0,20,CHF,2014-11-26
K01286BAR0,20,CHF,2012-10-08
K01286JJX0,20,CHF,2024-04-23
K01286BAU0,20,CHF,2012-10-08
K01286EQY0,90,CHF,2018-02-12
K01286COO0,20,CHF,2014-12-23
K01795AAT0,20,EUR,2022-03-11
K01286FAK0,20,CHF,2018-06-25
K01286GDK0,20,CHF,2019-09-10
K01286CRA0,20,CHF,2015-02-25
K01286HSJ0,20,CHF,2021-10-07
K01286EFL0,20,CHF,2017-09-18
K01286BPA0,90,CHF,2013-06-26
K01286BBR0,90,CHF,2012-10-08
K01286DPR0,20,CHF,2017-01-17
K01286BGN0,20,CHF,2013-01-09
K01286GXU0,20,CHF,2020-08-26
K01286BLF0,90,CHF,2013-03-27
K01286CWX0,20,CHF,2015-08-18
K01286DCL0,20,CHF,2016-02-18
K01448EEZ0,90,CHF,2013-09-18
K01448EFG0,90,CHF,2013-09-18
K01448EFN0,90,CHF,2013-09-18
K01448EGA0,90,CHF,2013-09-25
K01448EGI0,90,CHF,2013-10-09
K01448EGN0,90,CHF,2013-10-25
K01448EGO0,90,CHF,2013-10-25
K01448EGY0,90,CHF,2013-10-25
K01448EHD0,90,CHF,2013-10-29
K01448EHE0,90,CHF,2013-10-29
K01448EHF0,90,CHF,2013-10-29
K01448EHQ0,90,CHF,2013-10-29
K01448EID0,90,CHF,2013-10-31
K01448FDB0,90,CHF,2015-07-10
K01448FCP0,90,CHF,2015-06-19
K01448FFA0,90,CHF,2015-10-12
K018030248,90,CHF,2006-08-22
K018030251,90,CHF,2006-08-22
K018030261,90,CHF,2006-08-22
K018030279,90,CHF,2006-08-22
K018030289,90,CHF,2006-08-22
K018030293,90,CHF,2006-08-22
K018030308,90,CHF,2006-08-22
K018030310,90,CHF,2006-08-22
K018030315,90,CHF,2006-08-22
K018030318,90,CHF,2006-08-22
K018030325,90,CHF,2006-08-22
K018030328,90,CHF,2006-08-22
K018030331,90,CHF,2006-08-22
K018030338,90,CHF,2006-08-22
K018030345,90,CHF,2006-08-22
K018030347,90,CHF,2006-08-22
K018030348,90,CHF,2006-08-22
K018030351,90,CHF,2006-08-22
K018030358,90,CHF,2006-08-22
K018030360,90,CHF,2006-08-22
K018030365,90,CHF,2006-08-22
K018030371,90,CHF,2006-08-22
K018030375,90,CHF,2006-08-22
K018030380,90,CHF,2006-08-22
K01286DEI0,20,CHF,2016-03-31
K01286CPR0,20,CHF,2015-01-22
K01286IKV0,20,CHF,2023-01-16
K01286BQC0,20,CHF,2013-07-11
K01286CEL0,20,CHF,2014-05-26
K01286FMW0,20,CHF,2018-12-17
K01286BTC0,20,CHF,2013-10-14
K01286GMP0,20,CHF,2020-02-03
K01286CSA0,20,CHF,2015-03-25
K01286CJS0,90,CHF,2014-09-17
K01286CJE0,20,CHF,2014-09-17
K01286IAT0,20,CHF,2022-05-30
K01286DPX0,20,CHF,2017-01-23
K01286IWD0,20,CHF,2023-10-16
K01286COA0,20,CHF,2014-12-09
K01286HIZ0,20,CHF,2021-03-09
K01286GXL0,20,CHF,2020-08-26
K01286EAX0,20,CHF,2017-07-25
K01286CVA0,20,CHF,2015-06-24
K01286DTM0,90,CHF,2017-04-10
K01286EFT0,20,CHF,2017-09-18
K01286BIR0,20,CHF,2013-02-19
K01286GVF0,20,CHF,2020-07-06
K01286HKF0,20,CHF,2021-04-13
K01286FNO0,20,CHF,2019-01-07
K01286BHL0,20,CHF,2013-01-16
K01286FDM0,20,CHF,2018-07-31
K01286IJV0,20,CHF,2022-12-16
K01286HOV0,20,CHF,2021-07-05
K01286DTB0,20,CHF,2017-03-28
K01286JHK0,20,CHF,2024-03-18
K01286BWQ0,20,CHF,2013-11-29
K01286BXF0,20,CHF,2013-12-03
K01286BWR0,20,CHF,2013-11-29
K01286BXM0,20,CHF,2013-12-11
K01286DEM0,20,CHF,2016-04-04
K150331077,90,CHF,2014-06-03
K01286IFL0,20,CHF,2022-09-26
K01286DZQ0,20,CHF,2017-07-25
K01286CND0,20,CHF,2014-12-01
K018030400,90,CHF,2006-08-22
K018030407,90,CHF,2006-08-22
K018030410,90,CHF,2006-08-22
K018030415,90,CHF,2006-08-22
K018030424,90,CHF,2006-08-22
K018030430,90,CHF,2006-08-22
K018030440,90,CHF,2006-08-22
K018030449,90,CHF,2006-08-22
K018030454,90,CHF,2006-08-22
K018030459,90,CHF,2006-08-22
K018030462,90,CHF,2006-08-22
K018030463,90,CHF,2006-08-22
K018030474,90,CHF,2006-08-22
K018030482,90,CHF,2006-08-22
K018030488,90,CHF,2006-09-08
K018030498,90,CHF,2006-12-11
K018030506,90,CHF,2007-04-27
K018030518,90,CHF,2007-11-29
K018030523,90,CHF,2008-01-24
K018030524,90,CHF,2008-01-28
K018030534,90,CHF,2011-01-14
K023480000,20,CHF,2006-07-24
K023560000,90,CHF,2006-07-24
K023940000,20,CHF,2006-07-24
K024100000,10,CHF,2006-07-24
K024240000,90,CHF,2006-07-24
K024330000,20,CHF,2006-07-24
K024410000,20,CHF,2010-12-13
K024450000,20,CHF,2011-06-16
K024600000,10,CHF,2007-10-30
K024610000,90,CHF,2009-03-25
K025040000,20,CHF,2006-07-24
K025630000,10,CHF,2012-06-01
K026080001,90,CHF,2010-01-15
K026160000,10,CHF,2011-09-13
K020000000,20,CHF,2015-10-27
K020110000,90,CHF,2006-07-24
K020170000,20,CHF,2007-01-17
K020200000,90,CHF,2007-01-26
K01286EMJ0,20,CHF,2017-12-08
K01286CNN0,20,CHF,2014-12-01
K01286CSH0,20,CHF,2015-03-30
K01286HAP0,20,CHF,2020-10-13
K01286DVZ0,20,CHF,2017-06-13
K01286EYT0,20,CHF,2018-05-29
K01286DDP0,20,CHF,2016-03-10
K01286ENY0,20,CHF,2018-01-05
K01286DBF0,20,CHF,2016-01-11
K01286DBW0,20,CHF,2016-02-08
K01286IRF0,20,CHF,2023-06-27
K01286EJD0,20,CHF,2017-11-02
K01286DRF0,20,CHF,2017-03-07
K01286FWH0,20,CHF,2019-05-16
K01286HDT0,20,CHF,2020-12-08
K01286IVF0,20,CHF,2023-09-18
K01286DTO0,20,CHF,2017-04-10
K01286CFA0,20,CHF,2014-06-10
K01286EHJ0,20,CHF,2017-10-10
K01286GRQ0,20,CHF,2020-05-05
K01286CGS0,20,CHF,2014-08-05
K01286ILF0,20,CHF,2023-01-30
K01286FZG0,20,CHF,2019-07-02
K01286CVS0,20,CHF,2015-07-08
K01286DAK0,20,CHF,2015-12-04
K01286CXI0,20,CHF,2015-09-01
K01286CXR0,20,CHF,2015-09-02
K01286FTB0,20,CHF,2019-04-03
K01286IRE0,20,CHF,2023-06-27
K01286DTS0,20,CHF,2017-04-18
K01286HUP0,90,CHF,2021-12-06
K01286FEQ0,20,CHF,2018-08-20
K01286HRG0,20,CHF,2021-08-30
K01286DHC0,20,CHF,2016-06-16
K01286DGL0,20,CHF,2016-06-07
K01286ERN0,20,CHF,2018-02-19
K01286GCL0,20,CHF,2019-08-27
K01286DRK0,20,CHF,2017-03-13
K01286IFE0,20,CHF,2022-09-19
K01286FZI0,20,CHF,2019-07-02
K020510000,20,CHF,2015-03-11
K020520000,20,CHF,2015-08-17
K020790000,10,CHF,2006-07-24
K020950000,20,CHF,2006-07-24
K021040000,90,CHF,2006-07-24
K021270000,10,CHF,2008-10-17
K021460000,90,CHF,2009-11-10
K02151AAF0,20,CHF,2009-06-09
K02151AAK0,90,CHF,2009-06-09
K02151AAL0,90,CHF,2009-06-09
K02151ABL0,90,CHF,2009-06-09
K02151ABO0,20,CHF,2009-06-09
K02151ABS0,20,CHF,2009-06-09
K02151ABT0,90,CHF,2009-06-09
K02151ABU0,20,CHF,2009-06-09
K02151ABV0,90,CHF,2009-06-09
K02151ACZ0,20,CHF,2010-04-12
K02151ADC0,20,CHF,2010-07-27
K02151AEA0,20,CHF,2011-09-14
K02151AEG0,90,CHF,2011-09-14
K02151AEJ0,20,CHF,2011-09-14
K02151AER0,20,CHF,2011-09-14
K02151AEY0,20,CHF,2011-09-14
K02151AFA0,90,CHF,2011-09-14
K02151AFB0,20,CHF,2011-09-14
K02151AFD0,20,CHF,2011-09-14
K02151AFW0,20,CHF,2011-09-14
K02151AFX0,90,CHF,2011-10-05
K02151AGL0,20,CHF,2011-10-05
K02151AGV0,20,CHF,2011-10-05
K02151AGX0,90,CHF,2011-10-05
K02151AHG0,20,CHF,2011-10-05
K02151AHQ0,20,CHF,2011-10-24
K02151AHV0,90,CHF,2011-12-13
K02151AHX0,20,CHF,2012-01-10
K02151AHY0,90,CHF,2012-02-03
K02151AIO0,90,CHF,2012-04-13
K02151AIP0,90,CHF,2012-04-19
K02151AIU0,20,CHF,2012-05-11
K01286DJV0,20,CHF,2016-08-29
K01286DMZ0,20,CHF,2016-11-11
K01286DJU0,20,CHF,2016-08-24
K01286HKP0,20,CHF,2021-04-19
K01286EKU0,20,CHF,2017-11-13
K01286JKX0,20,CHF,2024-05-22
K01286DMP0,20,CHF,2016-10-24
K01286BQQ0,20,CHF,2013-07-22
K01286GDO0,20,CHF,2019-09-16
K01286EOJ0,20,CHF,2018-01-15
K01286DYK0,20,CHF,2017-07-10
K01286HVX0,20,CHF,2022-01-24
K01286FWP0,20,CHF,2019-05-20
K01286CYP0,20,CHF,2015-10-06
K01286DCV0,20,CHF,2016-02-18
K01286HLP0,20,CHF,2021-05-03
K01286HUQ0,20,CHF,2021-12-06
K01286CZK0,90,CHF,2015-11-03
K01286CZWT,20,CHF,2015-11-17
K01286GMS0,20,CHF,2020-02-03
K01286HSK0,20,CHF,2021-10-07
K01286GWA0,20,CHF,2020-07-20
K01286HNF0,20,CHF,2021-05-31
K01286GQX0,20,CHF,2020-04-30
K01286DQD0,20,CHF,2017-01-23
K01286DYM0,20,CHF,2017-07-10
K01286GGY0,20,CHF,2019-11-04
K01286DNM0,20,CHF,2016-11-14
K150331064,90,CHF,2014-06-05
K01286IBN0,20,CHF,2022-06-20
K01286EIX0,20,CHF,2017-11-02
K01286DPE0,20,CHF,2017-01-04
K01286DPF0,20,CHF,2017-01-05
K01286HQX0,20,CHF,2021-08-24
K01286DRG0,90,CHF,2017-03-07
K01286DSG0,20,CHF,2017-03-14
K01286FNR0,20,CHF,2019-01-07
K01286HJH0,20,CHF,2021-03-17
K01286DUK0,20,CHF,2017-05-03
K01286HZD0,20,CHF,2022-04-25
K02151AIY0,90,CHF,2012-05-21
K02151AKS0,90,CHF,2013-01-09
K02151ALF0,90,CHF,2013-04-15
K02151ALG0,20,CHF,2013-05-06
K02151ALR0,20,CHF,2013-07-31
K02151AMG0,90,CHF,2014-02-12
K02151AMJ0,90,CHF,2014-03-12
K02151AMR0,20,CHF,2014-04-16
K02151ANX0,20,CHF,2015-05-13
K02151AOM0,20,CHF,2015-08-27
K02151AON0,20,CHF,2015-08-31
K02151AOO0,20,CHF,2015-08-31
K02151AOR0,20,CHF,2015-09-01
K02151AOT0,20,CHF,2015-09-02
K02151AOX0,20,CHF,2015-09-02
K02151APB0,20,CHF,2015-09-29
K02151APR0,20,CHF,2016-01-04
K02151APS0,20,CHF,2016-02-06
K02151APT0,90,CHF,2016-02-11
K02152ABE0,20,CHF,2014-10-13
K02152ABM0,20,CHF,2014-11-18
K02152ABN0,20,CHF,2014-11-18
K02152ABQ0,20,CHF,2014-12-03
K02152ABW0,20,CHF,2015-02-03
K02152ABX0,20,CHF,2015-02-03
K02152ABZ0,90,CHF,2015-02-03
K02152ACC0,20,CHF,2015-02-03
K02152ACK0,20,CHF,2015-03-23
K02152ACM0,20,CHF,2015-04-01
K02152ADI0,20,CHF,2015-08-03
K02152ADQ0,20,CHF,2015-10-02
K02152AER0,20,CHF,2016-02-09
K026490000,20,CHF,2014-10-09
K026570000,20,CHF,2012-10-26
K026730000,90,CHF,2008-11-06
K026770000,10,CHF,2006-07-24
K026790000,10,CHF,2014-04-15
K026920000,20,CHF,2006-07-24
K027020000,90,CHF,2008-09-30
K01286IUE0,20,CHF,2023-08-28
K01448AHU0,90,CHF,2008-10-24
K01286EPU0,20,CHF,2018-01-30
K01286EOC0,20,CHF,2018-01-05
K01286EOD0,20,CHF,2018-01-05
K01286EPW0,20,CHF,2018-01-30
K01286EPY0,20,CHF,2018-01-30
K01286EQM0,20,CHF,2018-02-05
K01286ERM0,20,CHF,2018-02-19
K01286HLV0,20,CHF,2021-05-03
K01286FMI0,20,CHF,2018-12-12
K01286ESW0,20,CHF,2018-03-12
K01286EWA0,20,CHF,2018-04-16
K01286GRH0,20,CHF,2020-04-30
K01286EXM0,20,CHF,2018-05-07
K01286FAM0,20,CHF,2018-06-25
K01286FCF0,20,CHF,2018-07-16
K01286FFV0,20,CHF,2018-09-19
K01286DWQ0,90,CHF,2017-06-21
K01286DWZ0,20,CHF,2017-06-26
K01286HVH0,20,CHF,2022-01-06
K01286GYN0,20,CHF,2020-09-09
K01286IVN0,20,CHF,2023-09-25
K01286HIE0,20,CHF,2021-03-09
K01286FKQ0,20,CHF,2018-11-19
K01286FLB0,20,CHF,2018-11-26
K01286FNV0,20,CHF,2019-01-07
K01286FUJ0,90,CHF,2019-04-23
K01286HME0,20,CHF,2021-05-10
K01286FPZ0,20,CHF,2019-02-18
K01286JLZ0,20,CHF,2024-06-17
K01286FUK0,20,CHF,2019-04-23
K01286FUL0,20,CHF,2019-04-23
K01286FUM0,20,CHF,2019-04-23
K01286GUH0,20,CHF,2020-06-15
K01286FXE0,20,CHF,2019-05-27
K01286FWI0,20,CHF,2019-05-17
K01286IBO0,20,CHF,2022-06-20
K01286GOP0,20,CHF,2020-03-10
K01286HLW0,20,CHF,2021-05-03
K027160000,10,CHF,2006-07-24
K027260000,10,CHF,2006-07-24
K027620000,20,CHF,2006-07-24
K027700000,20,CHF,2006-07-24
K027750000,20,CHF,2006-09-28
K027870000,90,CHF,2006-10-17
K027930000,20,CHF,2006-07-24
K028070000,20,CHF,2006-07-24
K028150000,20,CHF,2006-07-24
K028170000,20,EUR,2015-06-15
K028320000,20,CHF,2014-04-15
K028470000,20,CHF,2008-12-17
K028530000,20,CHF,2012-04-30
K02892AAJ0,90,CHF,2008-10-16
K02892AAP0,90,CHF,2009-01-07
K02892ABA0,90,CHF,2010-02-15
K02892ABC0,90,CHF,2010-09-28
K029040000,20,CHF,2007-07-24
K029060000,90,CHF,2006-07-24
K029440000,20,CHF,2006-07-24
K029470000,20,CHF,2014-08-26
K029610000,10,CHF,2013-02-01
K029840000,90,CHF,2008-04-07
K029890000,90,CHF,2009-04-01
K029960000,90,CHF,2011-12-19
K030010000,20,CHF,2014-06-18
K030040000,90,CHF,2010-05-31
K030050000,90,CHF,2010-06-30
K030170001,90,CHF,2006-08-08
K030180000,90,CHF,2010-07-23
K030360000,90,EUR,2012-10-12
K030540000,20,CHF,2007-10-09
K030580000,20,CHF,2010-04-29
K021780000,90,CHF,2006-07-24
K021840000,20,CHF,2006-07-24
K021940000,10,CHF,2014-08-11
K022130000,20,CHF,2006-07-24
K022180000,20,CHF,2015-07-31
K022190000,20,CHF,2015-07-31
K01286GBR0,20,CHF,2019-08-12
K01286GDB0,20,CHF,2019-09-05
K01286GIE0,20,CHF,2019-11-18
K01286GEE0,20,CHF,2019-09-17
K01286GJA0,20,CHF,2019-12-02
K01286GHE0,20,CHF,2019-11-04
K01286GRJ0,20,CHF,2020-04-30
K01286IPY0,20,CHF,2023-05-23
K07393BPL0,90,EUR,2022-03-08
K01286HVI0,20,CHF,2022-01-06
K01286GKX0,20,CHF,2019-12-23
K01286GJU0,20,CHF,2019-12-17
K01286GSA0,20,CHF,2020-05-11
K01286IEI0,20,CHF,2022-08-29
K01286GSC0,20,CHF,2020-05-11
K01286GRR0,20,CHF,2020-05-05
K01286GPV0,20,CHF,2020-03-30
K01286HWY0,20,CHF,2022-03-01
K01286HWZ0,20,CHF,2022-03-01
K01286FED0,20,CHF,2018-08-14
K01286FWQ0,20,CHF,2019-05-20
K01286FFT0,20,CHF,2018-09-10
K01286FGU0,20,CHF,2018-09-25
K01286GMT0,20,CHF,2020-02-03
K01286JAS0,20,CHF,2023-12-07
K01286JGH0,20,CHF,2024-02-26
K01286HAR0,20,CHF,2020-10-13
K01286GZH0,20,CHF,2020-09-21
K01286HNH0,20,CHF,2021-05-31
K01286IWI0,20,CHF,2023-10-16
K01286HAK0,20,CHF,2020-10-13
K01286HCG0,20,CHF,2020-11-17
K01286GZM0,20,CHF,2020-10-07
K01286HBY0,20,CHF,2020-11-10
K01286IPM0,20,CHF,2023-05-10
K01286HDK0,20,CHF,2020-11-30
K01286HDN0,20,CHF,2020-11-30
K01286HDV0,20,CHF,2020-12-08
K01286ISY0,20,CHF,2023-07-24
K01286HUF0,20,CHF,2021-11-30
K01286HIS0,20,CHF,2021-03-09
K01286HIJ0,20,CHF,2021-03-09
K150331090,90,CHF,2014-06-03
K10100DJZ0,90,EUR,2015-08-04
K10100DKC0,90,EUR,2015-08-04
K017700000,20,CHF,2015-08-04
K018380000,20,EUR,2015-08-07
K17719AKO0,20,CHF,2015-08-18
K150331133,90,CHF,2015-08-21
K178370000,20,CHF,2015-09-03
K099920000,90,EUR,2015-09-29
K100460000,10,CHF,2015-10-02
K019900000,20,CHF,2015-10-07
K110020000,90,CHF,2015-10-09
K090970000,90,CHF,2015-11-12
K017030000,20,CHF,2015-11-12
K039080000,20,CHF,2015-11-13
K10100DLZ0,90,EUR,2015-09-10
K10100DMJ0,90,EUR,2015-09-10
K10100DML0,90,EUR,2015-09-10
K10100DMM0,90,EUR,2015-09-10
K10100DMW0,90,EUR,2015-09-10
K10100DMX0,90,EUR,2015-09-10
K10100DMZ0,90,EUR,2015-09-10
K10100DNA0,90,EUR,2015-09-10
K17719AKU0,20,CHF,2015-10-15
K105610000,20,CHF,2015-10-19
K137510000,90,CHF,2015-10-20
K017770000,20,EUR,2015-10-28
K17719ALA0,20,CHF,2015-10-28
K034460000,20,CHF,2015-10-30
K01795AAA0,20,EUR,2022-03-11
K01795CDU0,20,EUR,2023-12-05
K10100DVU0,90,EUR,2017-05-04
K01795ASV0,20,EUR,2022-07-09
K10100ENJ0,90,EUR,2018-04-04
K10100ESM0,90,EUR,2018-08-02
K01795BXJ0,20,EUR,2023-08-02
K10100FKH0,90,EUR,2019-08-05
K022210000,90,CHF,2015-10-28
K022220000,90,CHF,2006-07-27
K022420000,90,CHF,2012-09-04
K022430000,90,CHF,2013-06-14
K022460000,10,CHF,2006-08-10
K022520000,20,CHF,2006-07-24
K022530000,20,CHF,2006-07-24
K022570000,10,CHF,2009-02-20
K022670000,10,CHF,2007-04-25
K022850000,10,CHF,2012-06-04
K022900001,10,CHF,2008-04-15
K022910000,20,CHF,2015-04-16
K022990000,90,CHF,2006-07-24
K023040000,90,CHF,2006-07-24
K023200000,90,CHF,2014-05-22
K023280000,20,CHF,2012-11-13
K023370000,90,CHF,2006-07-24
K030650000,20,CHF,2008-06-03
K030800000,10,CHF,2006-07-24
K031390000,20,CHF,2006-07-24
K031420000,90,CHF,2010-08-12
K031490000,20,CHF,2012-10-24
K031680000,10,CHF,2006-09-13
K031970000,90,CHF,2015-03-24
K032120000,10,CHF,2006-07-24
K032170000,90,CHF,2015-10-22
K032250000,20,CHF,2013-09-20
K032320000,90,CHF,2006-07-24
K032810000,20,CHF,2008-08-18
K032890000,90,CHF,2013-08-09
K03289AAA0,90,CHF,2013-10-03
K03289AAG0,90,CHF,2014-06-05
K03289AAS0,90,CHF,2014-06-05
K03289AAW0,90,CHF,2014-06-05
K03289AAX0,90,CHF,2014-06-05
K033330012,90,CHF,2007-07-20
K033480000,10,CHF,2007-01-12
K034440000,20,CHF,2015-09-04
K034690000,90,CHF,2006-07-24
K01795BDU0,20,EUR,2022-11-09
K10100ACW0,90,EUR,2012-07-26
K01795APA0,20,EUR,2022-06-07
K04370ADY0,20,CHF,2015-04-01
K10100AWU0,90,EUR,2012-11-19
K10100DXP0,90,EUR,2017-07-24
K01795AST0,20,EUR,2022-07-09
K01795BZM0,20,EUR,2023-09-04
K01448ANZ0,90,CHF,2008-10-24
K10100DYN0,90,EUR,2017-07-24
K10100EAE0,90,EUR,2017-08-04
K01795ACL0,20,EUR,2022-03-15
K10100CZK0,90,EUR,2015-01-15
K10100AMF0,90,EUR,2012-10-17
K10100BHE0,90,EUR,2013-03-11
K10100FFF0,90,EUR,2019-04-04
K01795AWV0,20,EUR,2022-09-02
K01795AZI0,20,EUR,2022-09-06
K10100DRB0,90,EUR,2017-04-03
K10100DUW0,90,EUR,2017-05-05
K01795BRS0,20,EUR,2023-05-02
K01795BSW0,20,EUR,2023-05-03
K10100DRA0,90,EUR,2017-04-03
K10100CZT0,90,EUR,2015-01-16
K01795AZY0,20,EUR,2022-10-05
K10100BWJ0,90,EUR,2013-09-11
K10100CUS0,90,EUR,2014-10-09
K01448CLF0,90,CHF,2010-07-02
K10100DYV0,90,EUR,2017-07-24
K01448ETI0,90,CHF,2014-09-09
K10100AWD0,90,EUR,2012-11-19
K01448AAA0,90,CHF,2008-07-29
K01795COQ0,20,EUR,2024-06-05
K01448AOG0,90,CHF,2008-10-24
K07112AGI0,20,CHF,2012-07-03
K10100ERC0,90,EUR,2018-07-03
K10100CXT0,90,EUR,2014-12-01
K04370AEY0,20,CHF,2015-12-07
K01795CKS0,20,EUR,2024-04-06
K01795CGX0,20,EUR,2024-02-05
K034860000,10,CHF,2006-07-24
K034920000,20,CHF,2013-04-03
K034940000,90,CHF,2006-10-24
K034960000,20,CHF,2006-07-24
K034970000,20,CHF,2007-05-08
K035460000,10,CHF,2006-07-24
K035520000,20,CHF,2015-12-10
K035670000,20,CHF,2006-07-24
K035700000,20,CHF,2007-12-13
K035790000,20,CHF,2015-04-30
K035800000,20,CHF,2016-02-11
K035950000,10,CHF,2006-07-24
K036010000,90,CHF,2014-02-05
K036020000,20,CHF,2006-07-24
K036050000,20,CHF,2006-07-24
K036180000,90,CHF,2015-05-28
K036200000,20,CHF,2016-03-07
K036700000,90,CHF,2006-07-24
K036760000,20,CHF,2008-08-13
K037160000,20,CHF,2006-07-24
K037340000,20,CHF,2012-02-06
K037480000,90,CHF,2007-07-23
K037590000,10,CHF,2007-11-20
K037960000,10,CHF,2006-07-24
K037970000,90,CHF,2006-09-26
K039600000,10,CHF,2006-07-24
K039990000,20,CHF,2006-07-24
K041280000,90,CHF,2006-07-24
K041340000,90,CHF,2007-10-26
K03289ABD0,90,CHF,2014-08-06
K03289ABE0,90,CHF,2014-08-06
K03289ABI0,90,CHF,2014-10-01
K03289ABJ0,90,CHF,2014-10-14
K03289ABN0,90,CHF,2014-12-02
K03289ABU0,90,CHF,2014-12-22
K03289ACR0,90,CHF,2014-12-22
K03289ADA0,90,CHF,2014-12-22
K03289ADD0,90,CHF,2014-12-22
K03289ADG0,90,CHF,2014-12-22
K01795AGT0,20,EUR,2022-04-08
K01448CVW0,90,CHF,2011-06-21
K01795AEV0,20,EUR,2022-03-16
K01448EJF0,90,CHF,2013-11-27
K10100AYR0,90,EUR,2012-12-10
K01795BOV0,20,EUR,2023-03-06
K01795BQP0,20,EUR,2023-04-05
K01795BNB0,20,EUR,2023-02-07
K01795ACH0,20,EUR,2022-03-15
K01795BCW0,20,EUR,2022-11-09
K10100BYK0,90,EUR,2013-10-24
K10100CDX0,90,EUR,2013-12-09
K01795CJX0,20,EUR,2024-03-09
K10100BDN0,90,EUR,2013-01-17
K01795BNE0,20,EUR,2023-02-07
K01795BBW0,20,EUR,2022-10-05
K10100EVP0,90,EUR,2018-10-02
K10100DTA0,90,EUR,2017-04-04
K10100CXU0,90,EUR,2014-12-01
K01795CBI0,20,EUR,2023-10-04
K01795CJV0,20,EUR,2024-03-09
K10100EDH0,90,EUR,2017-10-09
K10100CLC0,90,EUR,2014-04-09
K07112ADX0,20,CHF,2011-07-19
K10100CVB0,90,EUR,2014-10-10
K01795AVM0,20,EUR,2022-08-08
K10100CZY0,90,EUR,2015-01-16
K01795BPQ0,20,EUR,2023-04-05
K10100EQK0,90,EUR,2018-06-06
K10100FOI0,90,EUR,2019-11-05
K04230AAH0,20,CHF,2022-06-23
K01795AGD0,20,EUR,2022-04-05
K10100EWG0,90,EUR,2018-11-09
K10100EXW0,90,EUR,2018-12-04
K10100CRW0,90,EUR,2014-08-05
K10100EJV0,90,EUR,2018-02-05
K01795AWC0,20,EUR,2022-08-08
K10100FCN0,90,EUR,2019-03-05
K10100DPH0,90,EUR,2017-03-30
K03289ADM0,90,CHF,2014-12-22
K03289AEA0,90,CHF,2014-12-22
K03289AEL0,90,CHF,2014-12-22
K03289AEM0,90,CHF,2014-12-22
K03289AFA0,90,CHF,2015-05-11
K03289AFN0,90,CHF,2015-12-01
K03289AFQ0,90,CHF,2016-03-09
K032900000,20,CHF,2006-07-24
K032940000,20,CHF,2011-10-17
K033010000,20,CHF,2011-09-09
K046540000,20,CHF,2014-11-03
K047090000,10,CHF,2006-07-24
K047100000,90,EUR,2015-02-25
K047780000,20,CHF,2008-01-07
K047790000,10,CHF,2010-02-12
K047970000,10,CHF,2008-05-23
K048520000,90,CHF,2006-07-24
K048590000,20,CHF,2006-07-24
K048660000,20,CHF,2009-12-14
K048830000,90,CHF,2006-07-24
K049240000,20,CHF,2006-07-24
K049390000,90,CHF,2006-07-24
K049480000,20,CHF,2006-07-24
K049550000,90,CHF,2008-10-20
K049680000,90,CHF,2006-07-24
K049750000,90,CHF,2014-05-16
K049790000,20,CHF,2006-10-25
K049800000,20,CHF,2006-07-24
K049880000,90,CHF,2006-07-24
K050010000,20,CHF,2006-07-24
K050110000,90,CHF,2006-07-24
K050430000,20,CHF,2008-10-14
K041360000,20,CHF,2014-06-27
K041620000,20,CHF,2008-04-25
K041720000,20,CHF,2015-01-07
K041830000,10,CHF,2006-07-24
K042500000,90,CHF,2006-07-24
K042700000,90,CHF,2013-04-11
K042770000,90,CHF,2006-07-24
K10100ERY0,90,EUR,2018-07-03
K01795CKA0,20,EUR,2024-03-09
K10100DTJ0,90,EUR,2017-04-04
K10100FFQ0,90,EUR,2019-05-08
K10100EHQ0,90,EUR,2018-01-04
K01795BAO0,20,EUR,2022-10-05
K10100DUA0,90,EUR,2017-04-05
K01448AOZ0,90,CHF,2008-10-24
K10100ETE0,90,EUR,2018-08-02
K01448CFQ0,90,CHF,2009-12-14
K10100FFG0,90,EUR,2019-04-04
K01795APJ0,20,EUR,2022-06-07
K10100DUK0,90,EUR,2017-05-05
K04230AHD0,20,CHF,2023-01-03
K01795AJF0,20,EUR,2022-04-06
K10100EHR0,90,EUR,2018-01-04
K01448ECQ0,90,CHF,2013-07-15
K01448BWS0,90,CHF,2009-01-19
K01448FFF0,90,CHF,2015-11-19
K04370AEL0,20,CHF,2015-09-10
K04230AJJ0,20,CHF,2023-04-06
K10100FNF0,90,EUR,2019-10-02
K01795AVP0,20,EUR,2022-08-08
K07112AEW0,20,CHF,2011-07-19
K01448BVA0,90,CHF,2008-10-31
K04230ACT0,20,CHF,2022-08-16
K01448AQB0,90,CHF,2008-10-24
K01448EQE0,90,CHF,2014-05-26
K01448DVY0,90,CHF,2013-02-25
K04230AGZ0,20,CHF,2023-01-03
K07112AJS0,20,CHF,2013-10-28
K01448DEV0,90,CHF,2012-01-30
K01448CLI0,90,CHF,2010-07-02
K01448DQQ0,90,CHF,2012-11-13
K01448AQR0,90,CHF,2008-10-24
K01448DCD0,90,CHF,2011-11-23
K04230AIS0,20,CHF,2023-04-06
K01448AQT0,90,CHF,2008-10-24
K01448AQV0,90,CHF,2008-10-24
K042870000,90,CHF,2012-10-26
K043040000,20,CHF,2006-07-24
K043100000,90,CHF,2006-07-24
K043340000,90,CHF,2006-07-24
K043380000,10,CHF,2009-08-11
K043410000,10,CHF,2006-07-24
K043420000,90,CHF,2007-09-26
K043430000,20,CHF,2006-07-24
K043450000,20,CHF,2006-07-24
K043500000,10,CHF,2007-10-25
K043550000,10,CHF,2013-09-05
K043630000,90,CHF,2008-01-24
K043700000,20,CHF,2010-02-16
K04370AAB0,20,CHF,2012-11-07
K04370AAL0,20,CHF,2014-04-15
K04370AAO0,20,CHF,2014-07-28
K04370AAW0,20,CHF,2014-08-04
K04370AAX0,20,CHF,2014-08-04
K04370ABA0,20,CHF,2014-08-04
K04370ABR0,20,CHF,2014-08-04
K04370ABU0,20,CHF,2014-08-04
K050480000,90,EUR,2015-06-01
K050720000,90,EUR,2006-07-24
K050840000,20,CHF,2006-07-24
K051020000,90,CHF,2006-07-24
K051030000,20,CHF,2010-11-22
K051060000,20,CHF,2006-07-24
K051520000,20,CHF,2014-11-07
K051750000,90,CHF,2006-07-24
K051810000,20,CHF,2010-02-26
K051890000,90,CHF,2008-10-03
K052310000,20,CHF,2006-07-24
K052610000,90,CHF,2006-07-24
K052880000,20,CHF,2007-01-17
K053300000,90,CHF,2006-07-24
K053360000,10,CHF,2008-12-12
K053640000,20,CHF,2015-02-10
K053650000,20,CHF,2006-07-24
K04370ACR0,20,CHF,2014-08-05
K07112AJI0,90,CHF,2013-07-24
K14542AEX0,20,CHF,2022-01-12
K01448EVM0,90,CHF,2014-10-03
K01448EZG0,90,CHF,2015-01-20
K01448CPJ0,90,CHF,2010-11-18
K07112ACY0,20,CHF,2010-08-30
K07112AEX0,20,CHF,2011-07-19
K07112AEZ0,20,CHF,2011-07-19
K07112AED0,20,CHF,2011-07-19
K01448CUW0,90,CHF,2011-06-20
K01795BSE0,20,EUR,2023-05-03
K01795ACB0,20,EUR,2022-03-15
K01795AMM0,20,EUR,2022-05-04
K04230ANR0,20,CHF,2023-10-02
K01448BUN0,90,CHF,2008-10-31
K01448DCE0,90,CHF,2011-11-23
K01448ARL0,90,CHF,2008-10-24
K04230ART0,20,CHF,2024-04-04
K01448DTX0,90,CHF,2013-01-04
K07112AEY0,20,CHF,2011-07-19
K01448DNB0,90,CHF,2012-09-28
K01448CUX0,90,CHF,2011-06-20
K04230ASO0,20,CHF,2024-05-02
K04230AUD0,20,CHF,2024-06-03
K01795AWD0,20,EUR,2022-08-08
K01795AVR0,20,EUR,2022-08-08
K01795CJY0,20,EUR,2024-03-09
K01795CIO0,20,EUR,2024-03-05
K01795BEH0,20,EUR,2022-11-09
K01448ASV0,90,CHF,2008-10-24
K01448CWJ0,90,CHF,2011-06-21
K01448EFP0,90,CHF,2013-09-18
K01795CEX0,20,EUR,2023-12-05
K01795BUP0,20,EUR,2023-06-05
K01448ATA0,90,CHF,2008-10-24
K01448ATE0,90,CHF,2008-10-24
K01795BXM0,20,EUR,2023-08-02
K01795CGU0,20,EUR,2024-02-05
K01795CHN0,20,EUR,2024-02-05
K01795CHO0,20,EUR,2024-02-05
K04370ADD0,20,CHF,2014-12-22
K04370ADF0,20,CHF,2014-12-22
K04370ADL0,20,CHF,2014-12-22
K04370AEU0,20,CHF,2015-11-05
K04370AEX0,20,CHF,2015-12-07
K04370AFY0,20,CHF,2016-03-09
K04370AGE0,90,CHF,2016-03-09
K04370AGL0,20,CHF,2016-03-09
K04370AGR0,90,CHF,2016-03-09
K04370AGY0,20,CHF,2016-03-09
K04370AHB0,20,CHF,2016-03-09
K04370AHG0,20,CHF,2016-03-09
K043800000,90,CHF,2006-07-24
K043990001,90,CHF,2006-12-11
K044090000,20,CHF,2007-08-31
K044100000,20,CHF,2006-07-24
K044320000,20,CHF,2009-05-14
K044360000,20,CHF,2013-11-27
K044420000,20,CHF,2006-07-24
K044560001,10,CHF,2015-03-20
K044880000,20,CHF,2006-07-24
K04502AAB0,20,CHF,2010-08-02
K04502AAC0,20,CHF,2010-09-20
K04502AAE0,20,CHF,2010-10-20
K045170000,10,CHF,2006-07-24
K045190000,90,CHF,2006-07-24
K04520AAA0,90,CHF,2008-09-25
K045240000,90,CHF,2011-02-09
K045440000,10,CHF,2006-07-24
K045460000,10,CHF,2006-07-24
K045610000,20,CHF,2013-05-23
K045760000,20,CHF,2011-09-27
K045800000,90,CHF,2011-11-22
K045970000,90,CHF,2009-05-08
K046220000,90,CHF,2006-09-25
K046240000,90,CHF,2011-02-04
K046250000,20,CHF,2011-09-14
K062380000,90,CHF,2011-03-07
K063580001,10,CHF,2006-07-28
K01448ATQ0,20,CHF,2008-10-24
K01448ATT0,90,CHF,2008-10-24
K01448ATX0,90,CHF,2008-10-24
K04230AMD0,20,CHF,2023-08-29
K01448AUB0,90,CHF,2008-10-24
K01448CZI0,90,CHF,2011-08-08
K01448AAS0,90,CHF,2008-08-26
K01795BGX0,20,EUR,2022-12-06
K01795CBH0,20,EUR,2023-10-04
K01795BZH0,20,EUR,2023-09-04
K01795CDS0,20,EUR,2023-12-05
K01448ATO0,90,CHF,2008-10-24
K01795CGI0,20,EUR,2024-01-03
K01448EVN0,90,CHF,2014-10-03
K01448EDC0,90,CHF,2013-08-12
K01448DYR0,90,CHF,2013-04-18
K01448DEY0,90,CHF,2012-01-30
K01448BQS0,90,CHF,2008-10-24
K07112AIA0,20,CHF,2012-12-05
K01448AUW0,90,CHF,2008-10-24
K01448AUE0,90,CHF,2008-10-24
K01448DCF0,90,CHF,2011-11-23
K01448AWA0,90,CHF,2008-10-24
K01448BXR0,90,CHF,2009-03-17
K01448DSZ0,90,CHF,2012-12-17
K01448CSN0,90,CHF,2011-05-18
K01448AVQ0,90,CHF,2008-10-24
K01448CUY0,90,CHF,2011-06-20
K04230AJR0,20,CHF,2023-05-30
K01448ELY0,90,CHF,2014-02-03
K01448EZI0,90,CHF,2015-01-20
K01448EEL0,90,CHF,2013-09-18
K01448ESG0,90,CHF,2014-07-24
K01448EOR0,90,CHF,2014-04-02
K01448EOS0,90,CHF,2014-04-02
K01448FAF0,90,CHF,2015-03-10
K01448ERF0,90,CHF,2014-06-19
K01448BWU0,90,CHF,2009-01-19
K04230APE0,20,CHF,2023-12-01
K01448AUV0,90,CHF,2008-10-24
K063710000,20,CHF,2014-07-17
K063720000,20,CHF,2014-09-22
K063780000,10,CHF,2014-10-15
K063950000,90,CHF,2006-08-01
K064360000,20,CHF,2006-07-24
K064380000,20,CHF,2006-10-12
K064480000,90,CHF,2006-07-24
K064550000,20,CHF,2006-07-24
K064770001,10,CHF,2007-07-03
K10100BJE0,90,EUR,2013-03-11
K10100BJY0,90,EUR,2013-03-11
K10100BKU0,90,EUR,2013-04-10
K10100BLE0,90,EUR,2013-04-10
K10100BLJ0,90,EUR,2013-04-10
K10100BLP0,90,EUR,2013-04-10
K10100BNJ0,90,EUR,2013-05-13
K10100BNL0,90,EUR,2013-05-13
K10100BNO0,90,EUR,2013-05-13
K10100BON0,90,EUR,2013-05-13
K10100BOQ0,90,EUR,2013-05-13
K10100BOS0,90,EUR,2013-05-13
K10100BOU0,90,EUR,2013-05-13
K10100BOV0,90,EUR,2013-05-13
K10100BPX0,90,EUR,2013-06-10
K10100BQG0,90,EUR,2013-06-10
K10100BQH0,90,EUR,2013-06-10
K10100BQJ0,90,EUR,2013-06-10
K10100BQN0,90,EUR,2013-06-10
K10100BQO0,90,EUR,2013-06-10
K10100BQT0,90,EUR,2013-06-10
K10100BRM0,90,EUR,2013-06-10
K10100BRO0,90,EUR,2013-06-10
K10100BSH0,90,EUR,2013-07-09
K10100BSK0,90,EUR,2013-07-09
K10100BUA0,90,EUR,2013-07-08
K10100BUC0,90,EUR,2013-08-13
K10100BUG0,90,EUR,2013-08-13
K10100BUK0,90,EUR,2013-08-13
K10100BUL0,90,EUR,2013-08-13
K01448AVS0,90,CHF,2008-10-24
K01448BYI0,90,CHF,2009-03-17
K01448AKL0,90,CHF,2008-10-24
K01448AVV0,90,CHF,2008-10-24
K01448EAR0,90,CHF,2013-06-07
K01448EAS0,90,CHF,2013-06-07
K01448EAT0,90,CHF,2013-06-07
K01448EBF0,90,CHF,2013-06-07
K01448EDE0,90,CHF,2013-08-12
K01448DXW0,90,CHF,2013-03-25
K01448EUU0,90,CHF,2014-09-22
K01448EVZ0,90,CHF,2014-10-22
K01448EUV0,90,CHF,2014-09-22
K01448EVE0,90,CHF,2014-09-30
K01448EWA0,90,CHF,2014-10-22
K01448EXE0,90,CHF,2014-11-18
K01448EWO0,90,CHF,2014-10-28
K01448FBP0,90,CHF,2015-05-26
K01448FDY0,90,CHF,2015-08-04
K04230AGL0,20,CHF,2022-12-01
K01448CIS0,90,CHF,2010-05-18
K01448AXD0,90,CHF,2008-10-24
K01448FEP0,90,CHF,2015-09-21
K01448AXM0,90,CHF,2008-10-24
K04230AKW0,20,CHF,2023-06-02
K01448EPX0,90,CHF,2014-05-13
K01448ABZ0,90,CHF,2008-10-24
K01448AYA0,90,CHF,2008-10-24
K01448BAZ0,90,CHF,2008-10-24
K01448FEO0,90,CHF,2015-09-21
K01448FFH0,90,CHF,2015-11-19
K01448AWP0,90,CHF,2008-10-24
K01448DHP0,90,CHF,2012-05-03
K01448COY0,90,CHF,2010-11-08
K01448AXA0,90,CHF,2008-10-24
K01448AXB0,90,CHF,2008-10-24
K01448AXE0,90,CHF,2008-10-24
K01448BSX0,90,CHF,2008-10-24
K04370AJM0,20,CHF,2016-10-11
K01448AXQ0,90,CHF,2008-10-24
K10100BVB0,90,EUR,2013-08-13
K10100BVC0,90,EUR,2013-08-13
K10100BVE0,90,EUR,2013-08-13
K10100BVF0,90,EUR,2013-08-13
K10100BYL0,90,EUR,2013-10-24
K10100CAP0,90,EUR,2013-11-12
K107910000,10,CHF,2006-07-24
K107950000,20,CHF,2006-07-24
K10100CLR0,90,EUR,2014-04-09
K10100CNA0,90,EUR,2014-05-22
K10100CNB0,90,EUR,2014-05-22
K10100CNE0,90,EUR,2014-05-22
K10100CNK0,90,EUR,2014-05-22
K10100CNL0,90,EUR,2014-05-22
K10100COO0,90,EUR,2014-06-19
K10100COS0,90,EUR,2014-06-19
K10100COZ0,90,EUR,2014-06-19
K10100CQH0,90,EUR,2014-07-17
K10100CQJ0,90,EUR,2014-07-17
K10100CQK0,90,EUR,2014-07-17
K10100CQL0,90,EUR,2014-07-17
K10100CQN0,90,EUR,2014-07-17
K10100CQV0,90,EUR,2014-07-17
K10100CQY0,90,EUR,2014-07-17
K10100CQZ0,90,EUR,2014-08-05
K10100CTR0,90,EUR,2014-09-15
K10100CTW0,90,EUR,2014-10-10
K10100CTX0,90,EUR,2014-10-08
K10100CUN0,90,EUR,2014-10-10
K10100CUY0,90,EUR,2014-10-10
K10100CVA0,90,EUR,2014-10-09
K10100CVH0,90,EUR,2014-11-12
K10100CVR0,90,EUR,2014-11-12
K10100CWE0,90,EUR,2014-11-13
K10100CXY0,90,EUR,2014-12-01
K10100CYJ0,90,EUR,2014-12-02
K10100CYK0,90,EUR,2014-12-02
K10100CZF0,90,EUR,2015-01-15
K10100DAC0,90,EUR,2015-01-16
K01448CLJ0,90,CHF,2010-07-02
K04230AJK0,20,CHF,2023-04-06
K04230AJB0,20,CHF,2023-04-06
K04230AQA0,20,CHF,2024-02-01
K01448AYM0,90,CHF,2008-10-24
K01448AYP0,90,CHF,2008-10-24
K04230AAR0,20,CHF,2022-06-24
K01448DHR0,90,CHF,2012-05-03
K04370ADA0,20,CHF,2014-12-15
K04370AAG0,20,CHF,2013-04-04
K04370AAF0,20,CHF,2013-04-04
K01448BUQ0,90,CHF,2008-10-31
K01448EUH0,90,CHF,2014-09-16
K04230ALQ0,20,CHF,2023-08-29
K01448ENA0,90,CHF,2014-02-24
K07112ADW0,90,CHF,2011-07-18
K04230AHW0,20,CHF,2023-02-01
K01448AYK0,90,CHF,2008-10-24
K01448DJA0,90,CHF,2012-07-20
K01448ASG0,90,CHF,2008-10-24
K01448EXJ0,90,CHF,2014-12-02
K01448CRU0,90,CHF,2011-05-18
K04370AMN0,20,CHF,2020-03-05
K04230AEG0,20,CHF,2022-10-06
K07112AIC0,90,CHF,2012-12-05
K04230ANS0,20,CHF,2023-12-01
K04370AAE0,20,CHF,2012-11-08
K01448CBE0,90,CHF,2009-06-22
K01448BBN0,90,CHF,2008-10-24
K01448DEZ0,90,CHF,2012-01-30
K01448DNX0,90,CHF,2012-10-10
K01448BVZ0,90,CHF,2008-12-01
K01448BBP0,90,CHF,2008-10-24
K04370ADV0,20,CHF,2015-03-20
K01448EHH0,90,CHF,2013-10-29
K01448DCJ0,90,CHF,2011-11-23
K01448BAX0,90,CHF,2008-10-24
K01448BDK0,90,CHF,2008-10-24
K01448BAY0,90,CHF,2008-10-24
K01448EZV0,90,CHF,2015-02-02
K01448FDQ0,90,CHF,2015-07-29
K01448CVR0,90,CHF,2011-06-20
K07112AFG0,20,CHF,2011-07-19
K01448DAG0,90,CHF,2012-03-19
K01448DJC0,90,CHF,2012-07-18
K01448BBZ0,90,CHF,2008-10-24
K01448CYK0,90,CHF,2011-07-01
K01448CFD0,90,CHF,2009-12-10
K01448BCY0,90,CHF,2008-10-24
K07112AIL0,20,CHF,2013-01-16
K01448BDL0,90,CHF,2008-10-24
K01448DBK0,90,CHF,2011-11-23
K01448BEE0,90,CHF,2008-10-24
K01448CNN0,90,CHF,2010-09-27
K01448DYM0,90,CHF,2013-04-18
K01448CGD0,90,CHF,2010-02-09
K01448BAT0,90,CHF,2008-10-24
K01448AAZ0,90,CHF,2008-10-09
K01448CFI0,90,CHF,2009-12-10
K01448BDQ0,90,CHF,2008-10-24
K01448BDV0,90,CHF,2008-10-24
K01448EOT0,90,CHF,2014-04-02
K01448BEO0,90,CHF,2008-10-24
K01448BEV0,90,CHF,2008-10-24
K01448BER0,90,CHF,2008-10-24
K01448CXD0,90,CHF,2011-06-21
K01448EOB0,90,CHF,2014-03-25
K01448BFA0,90,CHF,2008-10-24
K07112AIZ0,20,CHF,2013-04-17
K01448BEK0,90,CHF,2008-10-24
K01448BEN0,90,CHF,2008-10-24
K01448BEW0,90,CHF,2008-10-24
K04230AJS0,20,CHF,2023-05-30
K01448DVM0,90,CHF,2013-01-18
K07112AHV0,20,CHF,2012-10-10
K04230ATB0,20,CHF,2024-05-02
K07112AHX0,20,CHF,2012-10-10
K04370AFJ0,20,CHF,2016-03-09
K04370ALN0,20,CHF,2018-05-18
K10100DAL0,90,EUR,2015-02-20
K10100DAO0,90,EUR,2015-02-20
K10100DAP0,90,EUR,2015-02-23
K10100DAV0,90,EUR,2015-02-23
K10100DAX0,90,EUR,2015-02-23
K10100DCU0,90,EUR,2015-03-13
K10100DCZ0,90,EUR,2015-03-13
K10100DEG0,90,EUR,2015-04-08
K10100DEM0,90,EUR,2015-04-08
K10100DEN0,90,EUR,2015-04-08
K10100DEO0,90,EUR,2015-04-08
K10100DFB0,90,EUR,2015-05-15
K10100DFL0,90,EUR,2015-05-15
K10100DFN0,90,EUR,2015-05-13
K10100DFY0,90,EUR,2015-05-13
K10100DHR0,90,EUR,2015-06-22
K10100DJB0,90,EUR,2015-07-08
K10100DJC0,90,EUR,2015-07-08
K10100DJI0,90,EUR,2015-07-08
K10100DJN0,90,EUR,2015-07-08
K10100DJQ0,90,EUR,2015-07-08
K10100DKZ0,90,EUR,2015-08-04
K10100DLS0,90,EUR,2015-09-10
K10100DLT0,90,EUR,2015-09-10
K10100DLU0,90,EUR,2015-09-10
K10100DOB0,90,EUR,2015-10-06
K101140000,20,CHF,2006-07-24
K101300000,90,CHF,2007-04-03
K101310000,20,CHF,2006-07-24
K101380000,20,CHF,2008-04-25
K101640000,90,CHF,2006-07-24
K101670000,20,CHF,2006-07-24
K102710000,90,CHF,2006-07-24
K102770000,90,CHF,2008-06-05
K103000000,10,CHF,2009-10-22
K103150000,90,CHF,2006-07-24
K103200000,20,CHF,2010-02-23
K103260000,90,CHF,2007-03-02
K103340000,20,CHF,2015-02-17
K01448AOY0,90,CHF,2008-10-24
K04370AKY0,20,CHF,2017-10-04
K04370AGV0,20,CHF,2016-03-09
K04370AHS0,20,CHF,2016-03-21
K04370AHC0,20,CHF,2016-03-09
K01448BGG0,90,CHF,2008-10-24
K07112ALU0,20,CHF,2015-07-06
K01448BGM0,90,CHF,2008-10-24
K01448BFC0,90,CHF,2008-10-24
K01448CMG0,90,CHF,2010-08-19
K01448BGW0,90,CHF,2008-10-24
K01448COA0,90,CHF,2010-10-11
K04370ANJ0,20,CHF,2024-03-18
K01448EWF0,90,CHF,2014-10-22
K01448BUR0,90,CHF,2008-10-31
K01448BHL0,90,CHF,2008-10-24
K01448BXP0,90,CHF,2009-03-17
K01448DCM0,90,CHF,2011-11-23
K01448CPD0,90,CHF,2010-11-08
K01448BIE0,90,CHF,2008-10-24
K01448ERR0,90,CHF,2014-06-30
K01448DCN0,90,CHF,2011-11-23
K07112AKT0,20,CHF,2014-09-30
K04370AIB0,20,CHF,2016-04-07
K04370AIW0,20,CHF,2016-06-07
K01448BHK0,90,CHF,2008-10-24
K07112AJY0,90,CHF,2014-03-21
K01448EYS0,90,CHF,2015-01-05
K01448EYT0,90,CHF,2015-01-05
K04370AHJ0,20,CHF,2016-03-09
K01448EZK0,90,CHF,2015-01-20
K01448BIM0,90,CHF,2008-10-24
K01448CAM0,90,CHF,2009-05-25
K01448BPS0,90,CHF,2008-10-24
K01448CHC0,90,CHF,2010-03-05
K01448DVG0,90,CHF,2013-01-18
K01448BJO0,90,CHF,2008-10-24
K01448DLY0,90,CHF,2012-09-17
K01448EOC0,90,CHF,2014-03-25
K01448BIS0,90,CHF,2008-10-24
K103730000,20,CHF,2012-05-31
K103880000,90,CHF,2008-06-13
K103890000,20,CHF,2016-01-05
K104120000,90,CHF,2006-07-24
K104130000,20,CHF,2006-07-24
K104170000,20,CHF,2008-05-08
K104340000,90,CHF,2006-07-24
K104430000,20,CHF,2008-12-10
K104450000,20,CHF,2010-07-22
K104900000,20,CHF,2006-08-01
K108050000,10,CHF,2014-10-07
K108380000,10,CHF,2007-04-23
K108440000,20,CHF,2006-07-24
K108490000,10,CHF,2006-07-24
K108560000,10,CHF,2016-02-18
K108660000,90,CHF,2009-06-22
K108860000,20,CHF,2008-11-12
K108890000,20,CHF,2008-12-09
K109030000,90,CHF,2014-05-12
K109110000,90,CHF,2008-02-07
K109150000,20,CHF,2006-07-24
K109200000,20,CHF,2006-07-24
K01448EIG0,90,CHF,2013-10-31
K01448EIM0,90,CHF,2013-11-27
K01448EJC0,90,CHF,2013-11-27
K01448EJI0,90,CHF,2013-11-27
K01448EJJ0,90,CHF,2013-11-27
K01448EJO0,90,CHF,2013-12-03
K01448EJP0,90,CHF,2013-12-03
K01448EJS0,90,CHF,2013-12-19
K01448EKG0,90,CHF,2013-12-20
K01448EKI0,90,CHF,2013-12-20
K01448EKP0,90,CHF,2013-12-20
K01448ELA0,90,CHF,2014-01-09
K01448ELB0,90,CHF,2014-01-14
K01448EMB0,90,CHF,2014-02-19
K01448EMJ0,90,CHF,2014-02-21
K01448EMP0,90,CHF,2014-02-21
K01448ENB0,90,CHF,2014-02-25
K01448EVF0,90,CHF,2014-09-30
K04370AIA0,20,CHF,2016-04-07
K01448EHL0,90,CHF,2013-10-29
K04230AGY0,20,CHF,2023-01-03
K01448CCG0,90,CHF,2009-08-13
K04370AJR0,20,CHF,2016-12-05
K04230AKL0,20,CHF,2023-06-02
K01448BKH0,90,CHF,2008-10-24
K07112AIE0,20,CHF,2012-12-05
K01448DCQ0,90,CHF,2011-11-23
K04230AIE0,20,CHF,2023-03-01
K01448BKP0,90,CHF,2008-10-24
K01448CBC0,90,CHF,2009-05-25
K07393ALE0,90,EUR,2015-02-12
K01448CXT0,90,CHF,2011-06-24
K01448DOZ0,90,CHF,2012-11-13
K01448DGZ0,90,CHF,2012-05-03
K01448ABN0,90,CHF,2008-10-13
K01448BKG0,90,CHF,2008-10-24
K01448BMF0,90,CHF,2008-10-24
K07393AND0,90,EUR,2015-07-13
K01286HLZ0,20,CHF,2021-05-03
K01286IUI0,20,CHF,2023-08-28
K01286HNY0,20,CHF,2021-06-28
K01286HSA0,20,CHF,2021-09-21
K01286HUG0,20,CHF,2021-11-30
K01286IWJ0,20,CHF,2023-10-17
K01286INK0,20,CHF,2023-03-21
K01286HHC0,20,CHF,2021-02-16
K01286HHP0,20,CHF,2021-02-16
K01286ICR0,20,CHF,2022-08-03
K01286HZG0,20,CHF,2022-04-25
K01286IBC0,20,CHF,2022-06-07
K01286IBD0,20,CHF,2022-06-07
K01286IBU0,20,CHF,2022-06-20
K01286HZZ0,20,CHF,2022-05-18
K01286IDJ0,20,CHF,2022-08-03
K01286INV0,20,CHF,2023-04-03
K01286IDW0,20,CHF,2022-08-15
K01286JCA0,20,CHF,2023-12-18
K01286IIL0,20,CHF,2022-11-21
K01286IGC0,20,CHF,2022-10-03
K01286IIM0,20,CHF,2022-11-21
K01286IGD0,20,CHF,2022-10-03
K01286ISA0,20,CHF,2023-07-03
K01286IHR0,20,CHF,2022-11-08
K07393ABC0,90,EUR,2012-08-15
K01286IJS0,20,CHF,2022-12-13
K01286ILL0,20,CHF,2023-01-30
K01286IMB0,20,CHF,2023-02-13
K01286IOA0,20,CHF,2023-04-03
K01286ISB0,20,CHF,2023-07-03
K01286IPB0,20,CHF,2023-05-02
K01286IPC0,20,CHF,2023-05-02
K01286ILN0,20,CHF,2023-02-02
K01286IGY0,20,CHF,2022-11-07
K01286ISK0,20,CHF,2023-07-14
K01286JAW0,20,CHF,2023-12-07
K01286JHP0,20,CHF,2024-03-18
K01286JAX0,20,CHF,2023-12-07
K01286IWO0,20,CHF,2023-10-17
K01286JIN0,20,CHF,2024-04-10
K01286JEP0,20,CHF,2024-02-14
K07393AHM0,90,EUR,2014-07-23
K01448AHR0,90,CHF,2008-10-24
K07393BDV0,90,EUR,2017-08-07
K01448FEJ0,90,CHF,2015-09-21
K01448CBL0,90,CHF,2009-08-13
K01448CVX0,90,CHF,2011-06-21
K07393BHY0,90,EUR,2018-08-08
K01448AIX0,90,CHF,2008-10-24
K01448AIY0,90,CHF,2008-10-24
K150331085,90,CHF,2014-06-03
K07393ATP0,90,EUR,2016-08-08
K01448AIM0,90,CHF,2008-10-24
K01448EUQ0,90,CHF,2014-09-22
K04370AAD0,20,CHF,2012-11-08
K04230AMQ0,20,CHF,2023-09-01
K07393ARD0,90,EUR,2016-02-29
K04230ABQ0,20,CHF,2022-08-08
K01448END0,90,CHF,2014-03-07
K01448ENU0,90,CHF,2014-03-25
K01448ENW0,90,CHF,2014-03-25
K01448EOA0,90,CHF,2014-03-25
K01448EOF0,90,CHF,2014-03-25
K01448EOL0,90,CHF,2014-03-25
K01448EPI0,90,CHF,2014-04-15
K01448EPP0,90,CHF,2014-04-15
K01448EPS0,90,CHF,2014-04-28
K01448EPV0,90,CHF,2014-05-13
K01448ESM0,90,CHF,2014-07-28
K01448ESY0,90,CHF,2014-08-18
K01448ETM0,90,CHF,2014-09-16
K01448ETN0,90,CHF,2014-09-16
K01448EUI0,90,CHF,2014-09-16
K01448EUJ0,90,CHF,2014-09-16
K01448EUK0,90,CHF,2014-09-16
K01448EUM0,90,CHF,2014-09-17
K01448EUT0,90,CHF,2014-09-22
K01448EVI0,90,CHF,2014-10-03
K01448EVK0,90,CHF,2014-10-03
K01448EVQ0,90,CHF,2014-10-20
K01448EVY0,90,CHF,2014-10-22
K01448EWB0,90,CHF,2014-10-23
K01448EWH0,90,CHF,2014-10-23
K01448EWT0,90,CHF,2014-11-03
K01448EWU0,90,CHF,2014-11-03
K01448EXN0,90,CHF,2014-12-02
K01448EXW0,90,CHF,2014-12-02
K01448EYI0,90,CHF,2014-12-16
K01448EZJ0,90,CHF,2015-01-20
K01448EZL0,90,CHF,2015-01-20
K01448EZN0,90,CHF,2015-01-20
K01448EZP0,90,CHF,2015-02-02
K01448EZQ0,90,CHF,2015-02-02
K01448EZS0,90,CHF,2015-02-02
K01448FAN0,90,CHF,2015-03-16
K01448FBM0,90,CHF,2015-05-26
K01448FCD0,90,CHF,2015-05-27
K01448AIS0,90,CHF,2008-10-24
K07393ACN0,90,EUR,2013-05-22
K01448AIP0,90,CHF,2008-10-24
K07393BHK0,90,EUR,2018-06-07
K01448EGC0,90,CHF,2013-09-25
K04230AKH0,20,CHF,2023-06-02
K04370AJK0,20,CHF,2016-09-07
K01448ERT0,90,CHF,2014-06-30
K01448EQX0,90,CHF,2014-06-18
K07393AAZ0,90,EUR,2012-08-02
K01448EGK0,90,CHF,2013-10-25
K07393AZK0,90,EUR,2017-01-19
K07393AZC0,90,EUR,2017-01-19
K01448DWO0,90,CHF,2013-02-25
K01448EKK0,90,CHF,2013-12-20
K01448DIS0,90,CHF,2012-07-18
K01448AJS0,90,CHF,2008-10-24
K07393ARM0,90,EUR,2016-02-29
K07393BOW0,90,EUR,2021-07-07
K07393BAQ0,90,EUR,2017-01-19
K01448AKC0,90,CHF,2008-10-24
K01448CKZ0,90,CHF,2010-06-30
K01448BWM0,90,CHF,2009-01-19
K07393BNJ0,90,EUR,2020-08-06
K07112AJH0,20,CHF,2013-06-05
K07393BCA0,90,EUR,2017-03-08
K07393AID0,90,EUR,2014-09-15
K07112AGM0,20,CHF,2012-07-02
K07393AOA0,90,EUR,2015-09-14
K07393AYI0,90,EUR,2017-01-18
K01448CIM0,90,CHF,2010-05-18
K01448DXG0,90,CHF,2013-03-25
K01448EMV0,90,CHF,2014-02-21
K01448DDX0,90,CHF,2012-01-30
K04370ALW0,20,CHF,2018-12-05
K07393ATG0,90,EUR,2016-07-08
K04370AJX0,20,CHF,2017-02-01
K04230ACR0,20,CHF,2022-08-16
K01448DDV0,90,CHF,2012-01-30
K01448FCI0,90,CHF,2015-06-08
K01448FDA0,90,CHF,2015-07-10
K01448FDK0,90,CHF,2015-07-29
K01448FDM0,90,CHF,2015-07-29
K01448FDV0,90,CHF,2015-08-12
K01448FDZ0,90,CHF,2015-08-12
K01448FEA0,90,CHF,2015-08-21
K01448FEK0,90,CHF,2015-09-21
K01448FEQ0,90,CHF,2015-09-21
K01448FEV0,90,CHF,2015-09-22
K01448FFC0,90,CHF,2015-10-26
K01448FFD0,90,CHF,2015-10-26
K014510000,20,CHF,2011-05-18
K01448ECK0,90,CHF,2013-07-15
K01448EDA0,90,CHF,2013-08-12
K01448EDB0,90,CHF,2013-08-12
K01530AIY0,90,CHF,2011-09-15
K01530AJA0,90,CHF,2011-09-15
K01530AJE0,90,CHF,2011-09-15
K01530AJP0,90,CHF,2011-09-15
K01530AJW0,90,CHF,2011-09-15
K01530AJX0,90,CHF,2011-09-15
K01530AJY0,90,CHF,2011-09-15
K01530AKM0,90,CHF,2011-09-15
K01530ALK0,90,CHF,2011-09-15
K01530ALN0,90,CHF,2011-09-15
